Time,LXpix,LYpix,RXpix,RYpix,LXhref,LYhref,RXhref,RYhref,LP,RP
5640006,460.58,308.025,461.78,310.575,341,1021,357,1048,1927,2498
5640008,461.14,307.125,462.1,310.575,346,1011,359,1047,1926,2502
5640010,460.9,307.65,461.7,310.35,344,1017,355,1045,1927,2498
5640012,461.54,306,461.94,310.2,349,999,358,1044,1924,2498
5640014,461.62,306.75,462.02,310.05,351,1006,359,1042,1928,2503
5640016,461.22,304.875,461.38,309.675,345,987,352,1038,1921,2509
5640018,461.7,306.3,461.94,309.6,352,1001,358,1037,1926,2500
5640020,461.78,304.575,461.7,309.3,351,982,355,1034,1920,2498
5640022,462.02,305.175,462.18,309.45,354,989,360,1034,1926,2506
5640024,462.74,305.7,461.94,309.45,362,993,357,1035,1928,2502
5640026,462.34,305.55,462.82,309.825,358,992,367,1037,1927,2498
5640028,462.26,304.125,462.26,310.05,355,977,361,1041,1921,2505
5640030,462.34,305.7,462.74,309.6,358,993,366,1034,1919,2501
5640032,462.42,303.6,463.22,309.45,357,970,371,1033,1920,2498
5640034,462.66,303.525,462.58,309.75,359,969,365,1036,1915,2500
5640036,462.66,305.175,462.98,309.6,361,987,369,1034,1930,2503
5640038,463.3,304.875,463.14,310.275,368,982,371,1040,1923,2499
5640040,463.06,304.875,463.06,310.05,365,982,371,1038,1925,2501
5640042,462.9,306.15,463.38,310.575,365,996,375,1043,1931,2503
5640044,463.14,305.625,463.06,310.5,367,990,371,1043,1930,2501
5640046,462.98,305.775,462.98,311.025,366,992,372,1049,1930,2502
5640048,462.98,306.375,463.06,310.725,366,998,372,1046,1930,2503
5640050,462.5,306.45,463.22,311.25,362,1000,374,1051,1929,2504
5640052,462.82,306.3,463.3,310.8,365,997,375,1046,1926,2502
5640054,462.18,305.625,463.54,310.95,358,991,378,1047,1916,2507
5640056,462.34,305.85,463.06,310.95,359,994,373,1048,1918,2502
5640058,462.58,307.35,462.9,311.25,363,1009,371,1051,1925,2505
5640060,461.78,307.2,462.82,311.625,355,1009,370,1055,1925,2507
5640062,462.26,307.5,462.74,311.25,361,1012,369,1052,1919,2507
5640064,461.78,307.125,462.5,311.4,355,1008,367,1054,1916,2502
5640066,462.58,306.3,462.34,310.95,363,999,364,1050,1918,2501
5640068,462.5,306,461.78,311.175,361,996,359,1053,1911,2506
5640070,461.62,306.375,462.58,311.025,352,1002,367,1051,1916,2503
5640072,461.78,307.05,462.26,310.875,355,1009,363,1050,1913,2506
5640074,462.18,307.8,462.18,311.25,359,1017,363,1055,1914,2506
5640076,461.7,306.6,462.1,311.25,353,1006,362,1055,1916,2504
5640078,461.62,307.275,461.38,311.475,353,1014,354,1059,1923,2503
5640080,462.18,307.95,461.86,311.325,359,1020,359,1057,1909,2508
5640082,461.46,308.25,461.46,312.15,351,1025,355,1068,1919,2504
5640084,461.54,307.8,461.22,312.375,351,1020,353,1070,1920,2508
5640086,461.3,308.25,460.98,313.05,349,1026,350,1079,1915,2505
5640088,460.66,308.325,460.9,313.275,342,1028,349,1081,1913,2503
5640090,460.74,308.475,459.94,313.65,342,1030,339,1088,1913,2505
5640092,460.66,308.55,460.42,314.1,342,1031,345,1091,1909,2507
5640094,460.34,309.075,460.42,314.55,338,1038,345,1097,1913,2504
5640096,460.26,309.45,460.26,314.025,338,1043,342,1092,1916,2508
5640098,460.9,309.225,460.34,314.925,343,1040,343,1103,1915,2507
5640100,460.74,309.3,459.78,314.475,341,1041,337,1098,1919,2506
5640102,460.34,309,460.34,314.4,336,1039,341,1097,1913,2507
5640104,459.86,309.6,459.7,313.65,331,1046,334,1090,1915,2506
5640106,460.42,310.05,459.78,314.025,337,1051,335,1095,1918,2506
5640108,460.42,308.7,459.62,313.95,336,1036,333,1094,1922,2506
5640110,460.42,309,458.9,313.5,335,1040,324,1090,1920,2513
5640112,460.18,308.925,459.38,313.725,333,1040,329,1092,1921,2506
5640114,460.74,308.475,459.3,312.975,337,1034,326,1084,1923,2508
5640116,460.9,308.625,459.54,313.05,339,1036,329,1085,1918,2505
5640118,461.14,308.85,459.86,312.375,341,1038,331,1077,1922,2508
5640120,460.98,307.65,459.38,312.225,338,1025,326,1076,1922,2512
5640122,460.9,308.55,459.54,313.05,338,1034,327,1084,1925,2506
5640124,461.7,307.2,459.46,312.15,344,1018,325,1074,1918,2509
5640126,460.9,308.175,460.02,311.55,336,1030,330,1067,1922,2514
5640128,461.62,307.2,459.54,311.625,343,1018,326,1068,1925,2510
5640130,461.94,306.6,460.18,311.85,345,1010,332,1069,1918,2509
5640132,461.78,306.75,459.46,311.25,344,1012,323,1063,1922,2514
5640134,461.7,306.975,459.62,311.55,343,1013,325,1065,1922,2509
5640136,461.54,305.7,459.54,310.875,339,1000,323,1058,1922,2518
5640138,462.42,306.75,459.7,311.325,349,1010,325,1061,1923,2515
5640140,462.18,306.825,459.62,310.725,347,1010,324,1055,1935,2512
5640142,462.66,306.825,459.46,310.95,352,1008,323,1056,1930,2519
5640144,462.74,305.775,459.78,310.5,352,997,325,1051,1921,2515
5640146,463.06,305.55,459.78,311.4,355,992,326,1059,1922,2517
5640148,462.34,305.475,459.94,310.875,347,992,327,1053,1929,2512
5640150,463.22,305.625,459.54,311.325,356,991,324,1057,1925,2516
5640152,463.54,305.1,459.7,311.025,359,985,324,1053,1921,2517
5640154,463.54,305.1,460.18,310.875,359,983,330,1049,1925,2518
5640156,462.9,305.475,459.86,311.25,353,988,326,1054,1926,2513
5640158,463.14,305.625,459.62,310.95,356,988,324,1049,1924,2518
5640160,463.3,305.55,459.78,310.8,358,986,326,1047,1923,2517
5640162,463.78,305.55,460.5,310.875,363,984,334,1045,1924,2514
5640164,464.18,305.325,460.5,311.175,367,982,334,1049,1924,2520
5640166,464.42,305.7,460.82,311.55,371,983,338,1050,1930,2519
5640168,465.14,305.85,461.46,311.4,378,984,345,1048,1929,2516
5640170,465.62,306.75,461.62,311.85,385,992,349,1051,1920,2517
5640172,466.82,307.875,462.5,312.75,399,1002,359,1059,1928,2512
5640174,466.66,309,462.82,314.325,400,1013,365,1075,1924,2520
5640176,467.38,309.975,462.42,314.55,408,1023,361,1078,1921,2517
5640178,467.38,311.025,461.78,315.45,410,1033,355,1087,1923,2515
5640180,467.46,311.325,461.22,316.5,411,1036,351,1098,1925,2515
5640182,465.94,311.7,460.66,316.725,397,1041,347,1101,1927,2521
5640184,465.3,311.775,460.74,315.825,391,1042,347,1091,1927,2517
5640186,465.3,311.7,459.7,316.35,392,1041,337,1097,1928,2523
5640188,465.3,310.575,458.82,315.825,391,1028,327,1092,1924,2524
5640190,465.14,310.5,458.98,316.05,390,1027,331,1094,1928,2519
5640192,465.46,310.875,458.82,315.375,394,1031,329,1087,1927,2525
5640194,464.58,309.525,458.58,315.45,384,1017,327,1087,1922,2524
5640196,464.34,309.975,458.58,315.075,382,1022,326,1083,1925,2519
5640198,464.34,309.75,458.98,315.375,383,1019,333,1086,1933,2521
5640200,464.5,309.975,458.74,315,385,1021,330,1082,1929,2527
5640202,464.66,309.675,458.1,315.6,388,1018,325,1089,1932,2520
5640204,464.66,309.225,458.26,314.925,388,1013,326,1081,1928,2524
5640206,464.9,308.325,457.94,315.525,391,1004,324,1088,1929,2527
5640208,464.02,308.925,458.26,315.225,382,1010,328,1085,1930,2525
5640210,464.34,308.1,458.02,315.225,385,1002,326,1085,1930,2527
5640212,464.26,308.85,457.7,315.45,385,1010,323,1088,1927,2528
5640214,464.58,309.075,457.78,315.75,390,1013,325,1092,1932,2530
5640216,464.74,309.675,458.18,315.525,392,1019,329,1089,1932,2532
5640218,464.66,310.05,457.94,316.5,392,1024,328,1101,1933,2527
5640220,465.06,310.125,457.3,316.65,396,1024,322,1103,1928,2529
5640222,463.86,310.725,457.7,316.275,386,1033,326,1100,1927,2530
5640224,464.42,311.1,457.94,316.725,392,1036,330,1104,1932,2530
5640226,463.78,311.175,458.02,317.7,386,1039,332,1115,1931,2537
5640228,462.98,312.3,457.62,318.075,378,1052,328,1121,1931,2541
5640230,462.98,312.9,457.22,318.375,380,1059,325,1125,1935,2537
5640232,462.9,312.45,457.54,318.975,378,1055,328,1131,1932,2543
5640234,461.78,314.4,457.06,318.15,368,1078,322,1124,1938,2541
5640236,462.26,312.975,457.06,318.975,372,1062,324,1133,1936,2546
5640238,461.86,314.625,457.38,318.9,369,1082,327,1133,1936,2544
5640240,461.14,314.325,456.74,318.975,362,1080,320,1135,1939,2542
5640242,460.9,315.525,456.42,319.2,360,1095,317,1139,1946,2541
5640244,460.82,314.175,456.18,318.675,358,1080,314,1134,1938,2548
5640246,460.66,314.475,456.34,318.9,356,1085,315,1137,1942,2544
5640248,460.82,314.325,455.78,318.675,357,1083,308,1136,1944,2547
5640250,460.9,315.15,455.7,319.125,358,1093,307,1142,1944,2545
5640252,460.18,314.175,455.54,318.9,350,1083,306,1140,1940,2544
5640254,460.18,314.775,455.38,319.35,350,1091,304,1147,1948,2549
5640256,460.02,314.85,455.14,318.975,348,1093,301,1143,1943,2546
5640258,460.1,314.7,454.9,319.2,347,1092,297,1146,1942,2553
5640260,460.1,314.175,454.5,319.125,346,1086,293,1146,1945,2548
5640262,459.86,313.95,454.74,319.425,342,1085,294,1150,1942,2550
5640264,459.94,314.1,454.5,319.05,343,1087,291,1146,1943,2546
5640266,459.78,314.1,454.1,318.675,340,1088,284,1144,1946,2546
5640268,459.86,313.275,454.1,318.6,340,1079,285,1142,1942,2546
5640270,459.86,313.425,453.46,318.525,338,1081,276,1144,1937,2547
5640272,459.94,312.75,453.46,319.125,338,1074,277,1150,1937,2543
5640274,459.46,313.2,453.3,318.45,332,1080,272,1143,1946,2547
5640276,459.54,311.775,452.74,318.6,331,1065,267,1145,1941,2549
5640278,459.78,313.5,452.66,318.975,333,1083,264,1150,1942,2548
5640280,459.14,313.125,452.82,318,326,1080,264,1139,1950,2547
5640282,459.38,312.525,452.9,318.375,325,1073,264,1143,1947,2547
5640284,459.14,311.85,452.1,318,323,1066,254,1140,1943,2550
5640286,458.98,313.05,452.26,318.3,320,1079,255,1143,1948,2552
5640288,459.54,312.525,452.34,318.15,325,1073,255,1141,1946,2545
5640290,459.94,310.65,452.58,318.3,325,1052,256,1142,1939,2546
5640292,458.9,311.625,452.02,318.45,315,1063,250,1144,1940,2544
5640294,460.18,311.925,452.34,318.75,327,1064,252,1147,1940,2542
5640296,459.54,311.025,451.86,318.9,319,1055,247,1149,1939,2544
5640298,459.94,311.85,452.02,318.675,322,1063,246,1145,1939,2545
5640300,459.38,311.775,452.1,318,317,1063,246,1138,1949,2540
5640302,459.78,312.3,451.94,318.225,318,1068,242,1139,1945,2541
5640304,459.22,312.3,452.34,318.15,313,1068,246,1138,1942,2540
5640306,460.18,312.3,451.94,318.675,321,1066,240,1143,1944,2537
5640308,460.42,311.775,452.42,318.75,323,1060,246,1143,1940,2540
5640310,460.02,312.6,451.86,319.275,318,1069,239,1149,1945,2540
5640312,460.82,309.975,452.42,319.425,324,1039,245,1151,1934,2537
5640314,460.34,312.525,452.9,318.6,319,1066,247,1140,1938,2538
5640316,459.78,314.475,452.42,318.525,315,1088,242,1139,1948,2532
5640318,460.74,312.975,452.66,319.5,322,1070,245,1149,1938,2531
5640320,460.82,311.925,453.14,319.275,323,1058,249,1146,1933,2527
5640322,461.22,313.125,453.14,318.975,326,1070,248,1142,1936,2524
5640324,461.06,312.6,452.82,318.675,324,1064,244,1139,1938,2523
5640326,461.7,311.55,453.22,318.45,329,1051,246,1135,1935,2515
5640328,461.54,310.725,453.06,319.2,326,1042,245,1144,1931,2518
5640330,461.78,312.975,453.46,318.975,330,1066,248,1139,1932,2513
5640332,461.86,312.225,453.06,319.425,330,1057,244,1144,1932,2510
5640334,462.5,312.525,453.7,319.575,336,1059,251,1145,1928,2508
5640336,462.82,310.95,453.78,319.5,337,1041,251,1144,1932,2507
5640338,462.66,312.15,453.62,319.65,337,1054,249,1144,1934,2502
5640340,462.9,311.775,453.38,320.025,339,1049,247,1149,1926,2502
5640342,463.46,311.55,453.7,319.95,344,1045,250,1147,1923,2497
5640344,463.3,312.375,453.78,319.35,343,1054,250,1140,1926,2495
5640346,463.94,311.475,454.1,319.875,349,1043,254,1145,1923,2493
5640348,464.58,312.225,454.42,319.875,356,1050,257,1144,1921,2494
5640350,464.74,312.75,454.66,320.625,359,1055,261,1151,1923,2493
5640352,465.22,312.225,455.38,319.8,363,1050,268,1141,1916,2484
5640354,466.1,311.175,456.42,319.8,372,1036,279,1140,1912,2477
5640356,468.1,310.875,457.22,318.9,392,1031,287,1130,1908,2480
5640358,470.34,309.525,458.66,317.925,416,1013,301,1117,1913,2473
5640360,470.98,309.3,459.7,317.1,422,1010,311,1106,1913,2470
5640362,472.34,307.425,460.58,316.35,435,988,320,1097,1909,2467
5640364,473.62,306.825,461.14,315.45,447,980,325,1087,1912,2462
5640366,473.54,306.15,461.14,314.25,447,972,325,1073,1908,2458
5640368,473.38,305.25,460.1,314.025,444,963,314,1072,1901,2449
5640370,472.34,305.175,459.22,314.4,435,963,306,1076,1904,2443
5640372,471.7,304.05,458.1,314.1,426,952,294,1074,1895,2441
5640374,471.06,304.8,457.62,314.55,422,960,290,1079,1894,2438
5640376,470.82,304.65,457.54,314.025,420,959,289,1074,1895,2435
5640378,469.86,304.575,457.22,314.625,411,958,288,1080,1893,2435
5640380,470.74,304.125,457.78,314.55,419,952,294,1079,1887,2426
5640382,470.34,304.725,458.26,314.4,417,959,300,1076,1888,2426
5640384,471.3,304.65,458.34,314.925,427,957,301,1082,1883,2421
5640386,470.66,304.425,458.58,315,422,956,306,1083,1878,2422
5640388,471.54,306,458.74,314.85,432,972,307,1081,1878,2415
5640390,471.22,305.175,458.58,315.675,429,964,308,1090,1875,2414
5640392,471.38,304.875,458.58,315.15,431,960,307,1084,1871,2409
5640394,472.26,306.975,458.5,315.45,444,982,308,1088,1873,2401
5640396,471.3,304.575,458.42,315.225,431,957,306,1086,1861,2404
5640398,471.86,304.5,458.1,315.45,438,956,305,1089,1859,2397
5640400,471.94,305.4,458.5,314.85,440,966,308,1082,1865,2395
5640402,471.54,305.25,457.78,315.075,437,965,302,1085,1865,2387
5640404,472.02,304.575,457.46,315.225,441,956,299,1088,1853,2383
5640406,471.14,306.375,457.54,314.85,435,978,300,1083,1858,2381
5640408,471.54,305.4,457.62,315.15,438,967,301,1086,1855,2378
5640410,471.7,305.625,457.38,315.375,441,969,300,1090,1850,2376
5640412,470.98,306.525,457.46,314.85,434,980,301,1085,1847,2365
5640414,471.14,306.525,457.46,315.45,436,981,302,1091,1846,2362
5640416,470.82,307.05,457.14,314.925,434,987,298,1086,1845,2358
5640418,471.06,306.525,457.06,315.15,436,981,297,1089,1840,2359
5640420,470.66,306.15,457.54,315.15,432,978,302,1089,1839,2357
5640422,470.66,307.95,456.82,315,433,997,295,1088,1842,2345
5640424,471.62,305.625,457.14,315.75,441,971,299,1096,1829,2341
5640426,471.3,306.825,457.22,316.125,439,986,300,1101,1833,2337
5640428,471.3,306.45,456.5,315.75,439,981,293,1098,1833,2335
5640430,471.06,306.375,457.14,316.425,436,981,300,1105,1822,2333
5640432,470.9,306.15,456.5,316.2,434,979,293,1103,1815,2331
5640434,470.34,305.4,456.34,316.05,427,973,291,1102,1818,2326
5640436,469.86,305.4,456.58,316.65,422,973,295,1108,1810,2321
5640438,469.46,305.4,456.18,316.35,418,974,289,1106,1808,2319
5640440,470.42,306.225,456.1,317.25,429,982,290,1116,1815,2312
5640442,469.22,306.225,455.86,317.25,416,983,286,1117,1801,2305
5640444,468.9,305.55,455.62,316.725,412,977,283,1112,1799,2306
5640446,469.38,306.15,454.9,317.325,417,983,276,1119,1802,2301
5640448,468.82,305.55,455.22,317.85,410,978,279,1125,1799,2299
5640450,468.9,305.925,455.06,318,409,983,277,1128,1800,2291
5640452,468.5,306.075,454.34,317.85,406,985,269,1127,1798,2292
5640454,468.58,306.225,454.66,318.525,406,987,272,1134,1795,2281
5640456,467.94,306.15,454.74,318.525,399,987,273,1134,1791,2281
5640458,468.02,306.9,454.58,318.825,399,995,270,1138,1788,2282
5640460,467.86,306.45,454.26,319.8,397,991,268,1149,1785,2277
5640462,467.78,306.525,454.58,320.175,395,991,270,1153,1785,2271
5640464,467.62,307.35,453.78,319.425,394,1001,261,1146,1784,2273
5640466,467.62,307.725,453.94,319.425,394,1006,262,1147,1784,2265
5640468,467.06,307.5,453.54,319.5,388,1003,258,1147,1781,2261
5640470,467.62,308.025,453.78,319.575,393,1009,259,1149,1777,2255
5640472,467.3,307.575,453.06,319.875,389,1005,252,1153,1775,2253
5640474,467.22,308.025,453.38,319.575,387,1010,253,1150,1771,2248
5640476,467.54,308.4,453.14,319.65,391,1014,251,1150,1769,2252
5640478,466.82,308.85,453.7,319.725,382,1020,256,1151,1763,2246
5640480,467.14,308.625,453.3,319.425,386,1017,251,1148,1764,2246
5640482,466.58,309.675,453.86,319.8,379,1030,256,1152,1759,2241
5640484,467.22,309.675,453.06,319.875,386,1028,248,1154,1758,2241
5640486,466.34,309.6,453.86,319.95,376,1029,255,1154,1751,2238
5640488,465.78,309.9,453.46,319.725,370,1033,250,1152,1746,2235
5640490,466.42,309.75,453.7,319.875,376,1031,252,1154,1745,2234
5640492,466.74,309.45,453.62,320.325,378,1027,252,1159,1742,2231
5640494,466.98,310.95,454.34,320.1,382,1044,258,1156,1740,2224
5640496,466.66,310.65,453.7,320.1,379,1041,251,1157,1737,2224
5640498,467.14,310.725,453.78,319.65,383,1041,251,1151,1732,2220
5640500,467.38,310.65,454.02,320.175,386,1040,254,1157,1736,2219
5640502,467.06,310.65,454.34,319.575,382,1041,256,1150,1730,2215
5640504,467.38,309.825,453.54,319.35,384,1031,249,1149,1727,2214
5640506,467.22,311.775,454.34,319.425,384,1053,256,1149,1726,2212
5640508,467.38,311.625,454.26,319.875,385,1051,256,1154,1722,2203
5640510,467.7,311.775,454.34,319.425,389,1052,256,1149,1725,2202
5640512,467.38,311.475,455.06,319.5,385,1049,263,1149,1721,2203
5640514,468.18,311.175,454.42,319.2,392,1046,256,1148,1718,2196
5640516,467.86,311.1,454.18,319.35,389,1046,254,1149,1715,2197
5640518,468.02,311.025,454.66,318.75,391,1045,258,1142,1715,2193
5640520,468.42,312.375,454.42,319.125,396,1058,256,1146,1715,2190
5640522,468.02,312.825,454.58,318.6,393,1064,258,1140,1712,2185
5640524,468.74,311.025,454.98,319.575,399,1044,262,1151,1711,2187
5640526,468.74,311.775,455.06,318.975,400,1052,264,1144,1708,2185
5640528,468.98,311.925,454.66,319.425,403,1053,260,1150,1701,2180
5640530,469.3,312.45,455.38,319.2,407,1059,268,1147,1698,2175
5640532,469.54,313.2,455.54,318.9,410,1067,269,1143,1697,2178
5640534,469.86,313.2,455.06,319.65,415,1066,265,1151,1697,2173
5640536,469.94,312.675,455.62,319.35,415,1061,271,1147,1692,2169
5640538,469.62,313.95,454.98,319.5,413,1075,265,1150,1692,2171
5640540,470.1,312.45,455.06,319.725,417,1058,266,1152,1685,2167
5640542,469.78,313.35,455.46,319.125,415,1068,271,1146,1687,2162
5640544,470.1,312.975,456.1,319.125,418,1063,277,1145,1684,2164
5640546,470.58,312.975,455.38,318.9,424,1063,270,1144,1681,2157
5640548,470.58,313.725,455.78,318.975,425,1071,274,1144,1680,2158
5640550,470.34,313.8,455.7,319.95,424,1073,275,1155,1679,2156
5640552,470.5,314.025,455.7,318.525,425,1075,274,1139,1678,2148
5640554,470.82,314.1,455.54,319.2,430,1076,274,1147,1677,2142
5640556,470.82,313.725,455.46,319.125,430,1071,274,1146,1676,2145
5640558,470.58,314.175,455.46,319.575,428,1076,274,1151,1674,2142
5640560,470.9,314.4,454.9,318.375,432,1079,267,1139,1674,2143
5640562,470.98,313.275,454.98,318.825,432,1066,270,1143,1667,2138
5640564,470.98,313.35,455.14,318.975,432,1067,271,1145,1664,2137
5640566,470.66,313.8,455.14,318.975,430,1072,272,1145,1664,2136
5640568,471.06,312.6,455.06,319.125,433,1059,271,1147,1658,2134
5640570,470.5,313.8,455.38,318.675,429,1073,275,1142,1663,2132
5640572,471.06,313.2,454.98,318.525,435,1065,271,1140,1655,2129
5640574,470.82,312.3,455.54,318.825,432,1056,278,1143,1655,2127
5640576,470.82,311.85,455.14,319.35,431,1051,274,1149,1652,2125
5640578,471.3,312.225,455.14,318.975,437,1055,274,1145,1646,2121
5640580,470.58,311.775,455.22,318.975,429,1051,275,1145,1643,2121
5640582,470.9,311.175,455.46,318.825,433,1044,278,1144,1640,2118
5640584,470.58,311.85,454.98,318.45,430,1052,273,1139,1640,2118
5640586,470.18,312,455.54,319.425,426,1054,280,1149,1639,2114
5640588,470.26,311.55,455.54,318.6,427,1049,280,1140,1635,2111
5640590,470.5,311.475,455.3,319.05,429,1048,278,1146,1635,2110
5640592,470.58,311.925,454.98,319.425,431,1052,275,1150,1634,2109
5640594,470.18,313.275,455.54,318.525,429,1068,280,1140,1632,2107
5640596,470.18,312.6,455.14,319.65,428,1060,276,1152,1628,2105
5640598,470.66,311.85,454.74,319.275,433,1051,272,1148,1630,2104
5640600,470.82,311.85,455.46,319.125,434,1052,280,1146,1624,2101
5640602,470.58,312.825,454.82,319.35,432,1062,274,1149,1627,2097
5640604,470.9,312.75,454.82,319.65,436,1061,274,1153,1622,2097
5640606,471.46,312.45,455.06,319.575,442,1057,276,1151,1619,2094
5640608,470.98,313.5,455.06,319.95,437,1069,276,1156,1619,2092
5640610,471.3,312.6,454.66,319.95,440,1059,273,1156,1620,2091
5640612,471.46,312.3,455.38,319.65,442,1055,280,1152,1614,2091
5640614,471.46,313.125,455.3,319.875,442,1064,279,1154,1615,2087
5640616,471.7,313.575,455.14,319.5,445,1069,277,1151,1613,2086
5640618,471.62,312.975,455.62,319.875,444,1062,282,1154,1612,2085
5640620,471.78,312.975,454.74,320.7,445,1062,274,1163,1612,2082
5640622,472.18,313.8,455.46,320.925,450,1071,281,1166,1609,2077
5640624,471.94,313.95,455.78,320.25,448,1072,284,1158,1613,2078
5640626,472.02,313.275,455.3,320.7,447,1065,279,1163,1605,2074
5640628,472.02,314.025,455.7,320.925,448,1073,284,1165,1608,2071
5640630,472.66,313.95,455.86,320.85,454,1072,285,1164,1609,2069
5640632,471.78,314.4,456.34,320.7,446,1077,290,1162,1601,2073
5640634,472.9,315.075,455.94,320.775,458,1084,286,1163,1604,2068
5640636,472.42,315.15,456.18,321.45,453,1084,289,1170,1604,2066
5640638,472.34,315.375,456.26,321.3,452,1087,289,1169,1597,2065
5640640,472.1,316.35,456.74,322.125,451,1098,295,1177,1595,2062
5640642,472.02,315.975,456.42,321.975,449,1094,291,1176,1594,2059
5640644,472.02,316.125,456.66,322.575,450,1096,295,1182,1586,2063
5640646,472.18,317.1,456.5,322.725,452,1106,292,1183,1589,2059
5640648,472.42,316.05,456.58,323.25,454,1095,294,1189,1581,2057
5640650,472.5,317.625,455.94,322.875,456,1112,287,1186,1580,2053
5640652,472.34,316.8,455.7,322.8,454,1102,284,1185,1580,2050
5640654,472.9,316.575,456.18,322.8,458,1100,290,1185,1576,2049
5640656,472.42,316.275,455.86,322.35,454,1097,285,1180,1576,2049
5640658,472.58,316.425,455.94,322.65,455,1098,287,1183,1579,2047
5640660,472.82,315.9,455.86,322.275,456,1092,285,1180,1577,2046
5640662,472.74,316.875,455.62,322.125,457,1103,282,1178,1577,2048
5640664,472.98,315.225,455.78,321.9,458,1085,283,1175,1574,2047
5640666,472.5,315.525,455.7,321.975,453,1089,283,1176,1573,2041
5640668,472.58,315.225,455.14,321.075,453,1085,276,1167,1569,2040
5640670,472.42,314.625,455.3,321.075,451,1079,277,1166,1568,2036
5640672,472.58,313.95,455.14,320.4,452,1071,275,1160,1567,2036
5640674,472.5,314.55,454.66,320.7,451,1078,270,1163,1568,2032
5640676,472.5,313.05,454.98,319.95,449,1062,273,1154,1564,2033
5640678,472.5,313.95,455.62,320.25,450,1070,280,1156,1561,2031
5640680,473.22,313.875,455.3,320.1,458,1069,276,1155,1561,2030
5640682,472.82,314.475,455.54,319.725,454,1076,278,1151,1560,2026
5640684,472.82,313.65,455.54,319.8,453,1066,278,1152,1555,2024
5640686,472.58,314.175,455.3,320.25,451,1072,276,1156,1554,2026
5640688,472.98,313.2,455.54,320.25,454,1061,278,1156,1551,2022
5640690,472.82,313.8,454.98,320.85,453,1067,272,1163,1551,2021
5640692,472.58,314.25,455.3,320.925,450,1072,276,1163,1556,2018
5640694,472.98,313.875,455.38,321.375,454,1068,277,1168,1548,2016
5640696,473.3,313.8,455.46,322.5,457,1067,278,1179,1544,2009
5640698,472.9,315.75,455.94,322.725,454,1088,283,1181,1549,2012
5640700,473.38,315.9,455.54,322.575,459,1089,279,1180,1546,2012
5640702,472.74,315.9,456.1,323.55,452,1089,286,1190,1541,2005
5640704,472.66,315.975,456.58,323.1,452,1090,290,1184,1538,2004
5640706,472.42,316.65,456.58,323.775,450,1097,291,1192,1539,2002
5640708,472.34,317.25,456.5,324.225,449,1104,290,1197,1543,2002
5640710,472.42,316.65,456.82,325.275,450,1098,294,1207,1538,1999
5640712,472.58,316.8,456.98,325.575,452,1099,296,1211,1541,1996
5640714,472.18,317.025,456.98,324.825,447,1102,295,1203,1539,1999
5640716,472.5,316.95,456.66,325.875,451,1101,294,1214,1535,1990
5640718,471.86,318.375,456.58,326.925,446,1117,293,1226,1531,1986
5640720,472.74,317.475,456.5,324.6,454,1107,290,1201,1533,1995
5640722,472.82,318.075,456.02,325.725,455,1114,286,1214,1531,1987
5640724,472.58,318.525,456.1,325.575,453,1119,287,1212,1533,1987
5640726,472.34,317.325,455.94,324.9,449,1107,284,1206,1531,1989
5640728,472.5,316.575,455.94,324.375,450,1098,284,1200,1533,1986
5640730,471.86,317.925,455.86,325.2,445,1114,284,1209,1530,1983
5640732,471.86,317.775,455.62,324.375,445,1112,280,1201,1531,1980
5640734,472.5,316.8,455.7,324.3,451,1101,281,1200,1532,1978
5640736,472.74,318,455.7,324.45,454,1114,281,1202,1526,1975
5640738,472.98,316.5,455.62,324.075,455,1098,280,1198,1524,1974
5640740,472.98,317.025,455.86,323.85,455,1103,283,1195,1523,1970
5640742,473.3,317.25,455.7,324.525,460,1106,281,1203,1520,1966
5640744,473.62,316.05,455.78,323.925,461,1093,282,1197,1522,1965
5640746,473.38,316.35,456.18,323.7,459,1097,286,1195,1516,1965
5640748,473.3,315.15,455.86,324.15,457,1084,283,1200,1508,1963
5640750,472.66,316.5,456.42,323.025,452,1100,287,1187,1514,1964
5640752,472.82,316.8,456.34,324.3,454,1103,288,1201,1514,1959
5640754,473.38,317.025,456.58,323.625,460,1105,290,1195,1514,1958
5640756,473.3,316.575,456.18,324,458,1100,286,1199,1512,1956
5640758,473.78,316.275,455.94,323.25,463,1097,283,1191,1511,1952
5640760,473.46,317.475,456.02,323.25,461,1111,284,1191,1507,1951
5640762,472.74,317.175,456.02,323.775,453,1108,285,1197,1506,1952
5640764,473.3,317.625,456.74,324.15,460,1112,293,1201,1506,1952
5640766,474.18,317.4,456.1,324.45,469,1109,286,1205,1503,1950
5640768,473.62,317.4,456.82,324.375,463,1110,294,1204,1505,1950
5640770,473.22,319.5,456.74,324.45,461,1133,293,1204,1503,1945
5640772,473.86,318.75,456.58,324.525,467,1124,291,1206,1501,1948
5640774,473.62,318.3,456.9,324.675,464,1120,295,1207,1497,1943
5640776,473.3,319.35,456.5,324.525,462,1133,291,1206,1495,1945
5640778,473.46,320.625,456.66,324.75,465,1146,292,1209,1496,1943
5640780,473.7,319.275,456.58,324.075,466,1131,291,1201,1495,1943
5640782,473.54,319.725,456.66,324.225,465,1137,292,1203,1496,1940
5640784,473.62,319.275,456.66,324.75,465,1132,292,1209,1494,1940
5640786,473.62,318.825,456.34,323.775,465,1127,288,1199,1493,1936
5640788,473.3,319.8,456.74,323.85,462,1138,292,1199,1497,1936
5640790,473.86,317.625,456.34,323.625,466,1114,288,1198,1496,1933
5640792,473.86,318.15,456.1,323.175,467,1120,285,1193,1488,1930
5640794,473.86,318.3,456.42,323.25,467,1122,289,1194,1487,1929
5640796,474.02,317.475,456.1,322.95,468,1113,285,1192,1488,1929
5640798,474.1,317.325,456.02,322.8,469,1111,284,1190,1485,1927
5640800,474.18,317.775,456.58,322.95,470,1116,290,1191,1483,1929
5640802,474.18,316.8,456.26,323.325,470,1106,287,1195,1486,1927
5640804,474.1,317.325,456.02,322.575,469,1111,284,1187,1489,1925
5640806,474.98,316.725,456.18,323.025,478,1104,287,1193,1485,1925
5640808,474.66,317.325,456.18,322.575,475,1111,286,1188,1485,1927
5640810,474.5,317.4,456.18,323.25,474,1112,287,1195,1484,1920
5640812,474.9,317.925,457.06,323.1,478,1118,296,1193,1478,1918
5640814,474.82,319.05,456.58,323.55,479,1130,292,1198,1477,1921
5640816,474.98,319.35,457.3,323.85,481,1133,299,1201,1480,1924
5640818,474.82,320.4,457.86,323.25,480,1144,305,1194,1478,1920
5640820,475.54,321.825,457.94,324.9,489,1159,307,1211,1475,1927
5640822,476.26,322.875,457.62,325.425,498,1170,305,1217,1475,1924
5640824,476.1,323.325,457.94,325.425,497,1175,309,1217,1470,1924
5640826,476.1,325.5,457.22,326.85,499,1199,303,1233,1474,1926
5640828,475.22,325.95,456.58,327,491,1204,296,1236,1476,1927
5640830,474.26,325.2,455.54,327.6,480,1197,286,1243,1470,1923
5640832,473.78,325.2,454.58,327.825,475,1198,276,1247,1474,1924
5640834,474.1,325.875,454.74,327.375,479,1205,278,1242,1478,1920
5640836,473.78,323.85,454.5,326.55,474,1184,274,1233,1472,1918
5640838,473.14,325.05,453.86,326.55,469,1197,268,1233,1472,1915
5640840,473.14,324,453.62,325.875,468,1186,265,1227,1467,1914
5640842,472.98,323.625,453.54,325.275,466,1182,263,1220,1468,1910
5640844,473.14,323.775,453.86,326.175,468,1183,268,1229,1472,1912
5640846,472.74,323.625,453.78,326.475,464,1181,268,1233,1467,1913
5640848,472.98,324.15,454.02,325.575,467,1187,269,1222,1469,1909
5640850,473.62,324.675,453.94,325.725,475,1192,269,1224,1467,1907
5640852,472.9,323.85,454.1,325.95,466,1184,271,1226,1464,1913
5640854,473.78,323.625,454.1,325.5,475,1180,271,1221,1466,1910
5640856,473.86,323.55,454.02,325.35,476,1180,270,1220,1463,1911
5640858,473.54,323.1,454.02,324.75,472,1175,269,1214,1458,1906
5640860,473.22,322.275,454.34,325.2,469,1166,273,1218,1464,1905
5640862,473.94,322.725,453.94,325.125,477,1170,269,1217,1460,1909
5640864,472.82,321.825,454.18,325.2,464,1162,271,1218,1461,1908
5640866,472.74,322.725,454.26,325.725,464,1172,273,1223,1462,1905
5640868,473.94,323.325,454.02,325.2,477,1177,270,1218,1461,1905
5640870,472.66,320.85,454.34,325.575,462,1151,274,1221,1463,1909
5640872,473.62,321,453.86,324.975,471,1151,268,1215,1457,1908
5640874,473.7,321.225,453.78,325.275,473,1153,267,1219,1457,1907
5640876,473.38,320.55,453.7,325.125,469,1146,266,1217,1457,1907
5640878,472.58,322.35,454.58,325.05,462,1167,275,1215,1461,1906
5640880,473.54,320.85,453.94,324.9,470,1149,269,1214,1456,1906
5640882,472.66,321.9,453.94,325.35,463,1161,270,1218,1462,1909
5640884,473.94,320.7,453.78,325.125,475,1147,267,1216,1455,1905
5640886,473.7,321.525,453.78,325.125,474,1156,268,1216,1453,1908
5640888,473.46,322.05,454.1,324.9,472,1161,271,1213,1455,1906
5640890,472.74,321.825,454.02,325.275,464,1159,271,1217,1461,1904
5640892,473.46,321.675,453.46,324.975,471,1157,265,1214,1452,1906
5640894,472.9,322.5,453.54,325.05,467,1167,266,1215,1451,1906
5640896,472.74,321.75,454.26,325.575,464,1159,274,1219,1449,1903
5640898,472.98,321.45,453.46,325.125,466,1155,265,1216,1449,1906
5640900,472.74,322.05,454.02,324.825,464,1162,271,1212,1451,1906
5640902,472.82,321.3,453.54,325.425,464,1153,266,1218,1449,1906
5640904,472.98,322.05,453.46,325.125,466,1161,265,1215,1451,1906
5640906,472.74,321.375,453.7,324.975,464,1155,267,1213,1446,1903
5640908,472.9,322.2,453.94,325.2,466,1164,270,1216,1448,1902
5640910,472.66,321.825,453.78,325.05,464,1160,268,1215,1447,1906
5640912,472.66,322.05,454.02,325.35,463,1162,271,1217,1446,1905
5640914,472.34,322.2,454.18,324.9,460,1164,272,1212,1454,1902
5640916,472.02,321.225,453.7,324.825,456,1153,267,1212,1454,1903
5640918,473.06,321.975,453.86,325.05,468,1161,269,1214,1446,1901
5640920,473.14,321.825,453.94,324.75,468,1159,269,1211,1446,1904
5640922,472.58,321.375,454.26,325.2,461,1154,273,1215,1450,1899
5640924,472.82,321.525,453.94,324.9,465,1156,269,1212,1449,1903
5640926,472.58,320.4,454.26,324.9,460,1145,272,1212,1447,1902
5640928,472.42,321.15,454.18,324.6,460,1152,271,1209,1449,1900
5640930,472.5,321.375,454.18,324.75,461,1155,272,1211,1445,1903
5640932,471.78,321.075,454.18,324.675,453,1152,271,1210,1450,1905
5640934,472.34,321.6,453.94,324.75,459,1157,268,1211,1444,1900
5640936,472.82,319.8,453.62,324.6,462,1138,265,1210,1448,1900
5640938,472.1,320.85,454.5,324.375,455,1150,274,1206,1444,1902
5640940,471.94,321.15,454.5,324.375,454,1153,273,1207,1449,1899
5640942,472.42,321.075,454.42,324.675,459,1152,273,1210,1446,1900
5640944,472.26,321.15,454.18,324.45,457,1153,271,1208,1445,1900
5640946,472.66,321.675,454.74,324.525,462,1158,276,1208,1445,1901
5640948,472.34,321.825,454.5,324.45,459,1160,274,1208,1443,1902
5640950,472.42,321.75,454.58,324.75,460,1159,275,1211,1449,1901
5640952,472.74,321.6,454.42,324.6,462,1158,273,1209,1443,1906
5640954,472.82,321.375,454.74,324.525,463,1155,276,1209,1443,1899
5640956,472.74,321.375,454.9,324.45,462,1155,278,1207,1445,1902
5640958,473.14,321.6,454.26,324.6,466,1158,271,1210,1444,1902
5640960,472.74,321.375,455.22,324.75,462,1155,281,1211,1443,1901
5640962,473.46,321.6,454.9,324.75,469,1157,278,1211,1442,1900
5640964,472.82,321.825,454.82,324.6,463,1160,277,1209,1444,1902
5640966,473.22,320.925,455.62,324.675,466,1151,285,1209,1441,1901
5640968,473.06,321.075,455.54,324.6,465,1152,284,1209,1442,1900
5640970,472.9,321.225,455.14,324.45,464,1154,280,1208,1440,1904
5640972,473.3,320.775,455.14,324.45,467,1149,280,1208,1439,1902
5640974,472.82,319.2,455.22,324.225,461,1133,281,1205,1443,1903
5640976,473.38,319.125,454.58,324.075,467,1131,274,1205,1443,1899
5640978,472.82,320.625,454.82,323.55,463,1147,276,1199,1444,1901
5640980,472.5,318.975,454.98,323.775,458,1130,278,1201,1445,1896
5640982,472.98,318.6,455.38,323.625,462,1126,282,1199,1445,1899
5640984,472.66,318.825,455.22,323.25,459,1128,281,1195,1445,1904
5640986,473.06,318.525,455.38,323.1,464,1125,282,1193,1447,1899
5640988,473.06,318.3,454.82,323.325,463,1122,277,1196,1442,1904
5640990,473.86,317.85,455.7,323.25,471,1117,286,1194,1437,1902
5640992,473.14,318.45,455.7,323.25,465,1124,286,1195,1441,1899
5640994,473.3,318.3,456.1,323.475,466,1122,291,1197,1443,1901
5640996,473.54,317.625,455.86,323.475,468,1115,288,1197,1443,1902
5640998,473.78,318.375,456.26,323.925,471,1122,293,1201,1438,1900
5641000,473.78,318.225,455.94,324.075,471,1121,290,1203,1440,1904
5641002,473.54,319.5,456.26,323.625,470,1135,293,1198,1437,1904
5641004,473.54,319.725,456.02,323.775,471,1137,291,1199,1435,1898
5641006,473.22,319.05,456.34,324,467,1131,295,1202,1440,1901
5641008,472.9,319.35,456.58,323.475,464,1134,297,1196,1439,1902
5641010,472.82,320.4,456.5,323.925,464,1146,297,1201,1437,1899
5641012,473.06,320.25,456.66,324.075,467,1144,299,1203,1437,1900
5641014,472.9,320.55,455.78,324,466,1148,290,1204,1441,1902
5641016,473.3,320.7,456.66,324.375,470,1149,299,1206,1436,1898
5641018,472.98,320.55,456.9,323.7,467,1148,301,1199,1437,1894
5641020,473.06,320.85,457.3,324.3,468,1151,306,1205,1434,1902
5641022,473.14,320.625,456.42,324.525,468,1149,297,1209,1437,1904
5641024,473.06,320.85,457.46,324.15,468,1152,307,1204,1438,1901
5641026,473.14,321.15,457.3,324.225,469,1155,306,1206,1440,1902
5641028,472.82,320.625,457.06,324.525,466,1150,304,1209,1436,1902
5641030,473.06,320.25,457.22,323.7,468,1146,305,1201,1440,1900
5641032,473.3,320.1,457.46,323.85,471,1144,308,1202,1433,1900
5641034,473.14,320.325,456.82,324.225,469,1147,301,1207,1437,1900
5641036,473.7,320.1,457.62,323.625,474,1144,310,1200,1435,1902
5641038,473.3,320.325,457.54,323.4,472,1148,309,1197,1436,1899
5641040,473.46,320.325,456.98,324,473,1147,303,1205,1435,1899
5641042,473.06,321,457.54,323.4,470,1156,309,1198,1436,1899
5641044,473.14,319.95,456.82,323.325,470,1144,301,1198,1432,1900
5641046,473.06,319.65,457.06,323.175,468,1141,304,1196,1435,1899
5641048,473.22,319.725,457.7,322.725,470,1142,310,1191,1436,1900
5641050,473.54,319.875,457.06,323.175,473,1143,303,1196,1435,1899
5641052,473.22,319.125,457.38,323.1,469,1136,307,1195,1435,1899
5641054,473.3,319.65,457.3,322.875,470,1141,306,1193,1437,1896
5641056,473.46,319.725,456.9,322.95,473,1141,302,1194,1432,1902
5641058,472.98,318.825,456.58,323.25,466,1132,299,1197,1437,1900
5641060,472.9,318.825,456.74,323.025,466,1132,300,1195,1433,1903
5641062,472.9,319.8,456.66,323.175,466,1142,299,1197,1436,1900
5641064,472.98,319.65,456.58,323.1,467,1141,298,1195,1437,1898
5641066,472.82,318.9,457.46,323.55,465,1132,308,1199,1438,1901
5641068,472.58,318.9,456.5,322.95,462,1132,297,1193,1438,1901
5641070,472.34,319.05,456.5,323.4,459,1134,297,1198,1435,1901
5641072,471.78,318.825,456.66,323.7,453,1132,299,1201,1433,1902
5641074,472.1,318.9,456.34,323.925,456,1132,296,1203,1430,1902
5641076,471.78,319.35,456.26,323.175,454,1137,294,1195,1436,1901
5641078,472.1,318.9,456.18,323.55,455,1131,293,1199,1436,1901
5641080,471.46,318.6,456.18,323.325,449,1129,293,1196,1436,1902
5641082,471.62,319.5,456.42,323.25,451,1138,295,1195,1431,1901
5641084,471.7,318.75,456.1,323.4,451,1130,292,1197,1435,1905
5641086,471.06,318.9,455.86,323.4,444,1131,288,1196,1435,1905
5641088,471.7,319.5,456.26,323.85,451,1137,293,1201,1433,1903
5641090,471.46,318,456.02,323.325,447,1120,290,1194,1438,1901
5641092,470.82,318.975,455.78,323.775,441,1132,288,1200,1434,1907
5641094,471.06,318.825,455.86,323.775,442,1129,288,1199,1435,1902
5641096,471.3,318.3,455.46,323.85,444,1124,284,1200,1437,1905
5641098,470.66,317.925,455.62,323.7,437,1119,284,1198,1435,1903
5641100,470.82,318.9,455.54,323.775,439,1130,283,1199,1435,1901
5641102,471.22,318.675,455.7,323.625,442,1126,285,1197,1433,1905
5641104,470.42,318.9,456.34,324.15,434,1130,292,1201,1432,1906
5641106,470.74,318.675,455.94,324.375,437,1127,287,1204,1434,1902
5641108,470.98,318.225,456.02,324.15,439,1121,287,1202,1436,1905
5641110,471.46,319.2,456.26,324,444,1131,289,1199,1434,1905
5641112,470.74,318.975,456.26,323.85,437,1130,290,1197,1438,1904
5641114,471.14,318.9,456.26,324,440,1129,288,1199,1434,1901
5641116,471.46,319.65,456.26,324.6,444,1136,289,1206,1435,1902
5641118,471.3,319.35,455.94,324.525,441,1133,285,1205,1434,1904
5641120,471.78,320.025,456.74,324.45,447,1140,294,1203,1434,1906
5641122,471.62,320.625,456.82,324.675,447,1146,294,1205,1434,1908
5641124,471.06,320.1,456.98,325.125,439,1141,297,1211,1430,1907
5641126,471.54,320.775,456.5,325.575,446,1148,292,1216,1436,1906
5641128,472.34,321.9,457.3,325.425,455,1159,300,1213,1431,1907
5641130,471.46,321.45,457.54,326.4,445,1155,304,1223,1433,1906
5641132,471.78,322.125,458.1,326.175,449,1162,309,1220,1431,1906
5641134,472.26,322.8,458.42,326.85,455,1169,313,1227,1430,1906
5641136,471.62,323.55,457.94,327.375,449,1178,309,1233,1434,1904
5641138,471.38,324.75,458.1,328.65,447,1191,312,1247,1431,1906
5641140,472.1,326.025,456.98,329.85,457,1204,301,1262,1426,1909
5641142,472.02,328.05,457.54,332.325,457,1226,309,1288,1431,1912
5641144,471.78,330.75,455.86,334.05,458,1256,294,1308,1440,1911
5641146,472.18,333.3,455.06,335.625,464,1283,287,1327,1439,1911
5641148,471.94,334.65,453.86,339,464,1298,278,1365,1438,1909
5641150,472.66,336.45,451.86,342.225,474,1317,261,1402,1439,1898
5641152,473.3,339.6,450.34,347.1,483,1350,249,1456,1438,1899
5641154,473.78,342.75,448.26,349.575,492,1384,231,1485,1441,1892
5641156,474.98,345,446.34,350.85,507,1407,212,1501,1436,1895
5641158,476.34,347.1,443.7,354.3,524,1429,188,1542,1439,1890
5641160,477.38,350.85,439.86,356.625,539,1468,149,1571,1428,1888
5641162,479.86,352.95,436.82,359.7,568,1489,122,1608,1424,1894
5641164,481.3,354.525,432.82,362.775,585,1504,83,1646,1431,1886
5641166,484.26,353.625,428.58,364.2,616,1492,40,1666,1423,1891
5641168,487.3,352.8,424.1,365.925,647,1480,-4,1690,1431,1887
5641170,489.38,351.225,419.78,365.475,668,1461,-50,1691,1435,1882
5641172,494.34,350.325,415.94,370.35,719,1446,-86,1747,1428,1847
5641174,498.1,351.75,413.7,392.4,761,1458,-87,1991,1417,1731
5641176,501.78,354.15,412.66,420.075,802,1480,-71,2295,1401,1579
5641178,501.78,378.375,407.22,453.375,828,1743,-95,2666,1297,1398
5641180,506.5,402.75,403.54,487.125,902,2003,-102,3042,1181,1207
5641182,513.22,434.175,401.3,519.675,1006,2339,-92,3404,1041,1009
5641184,515.78,468.9,394.34,553.8,1069,2716,-133,3791,898,809
5641186,516.74,503.7,391.86,587.1,1116,3098,-126,4164,750,602
5641188,517.62,538.5,386.42,620.1,1161,3480,-152,4540,605,425
5641190,516.98,576.9,371.7,651,1195,3906,-279,4904,449,274
5641192,530.5,612.525,NaN,NaN,1376,4286,NaN,NaN,308,0
5641194,NaN,NaN,NaN,NaN,NaN,NaN,NaN,NaN,0,0
5641196,NaN,NaN,NaN,NaN,NaN,NaN,NaN,NaN,0,0
5641198,NaN,NaN,NaN,NaN,NaN,NaN,NaN,NaN,0,0
5641200,NaN,NaN,NaN,NaN,NaN,NaN,NaN,NaN,0,0
5641202,NaN,NaN,NaN,NaN,NaN,NaN,NaN,NaN,0,0
5641204,NaN,NaN,NaN,NaN,NaN,NaN,NaN,NaN,0,0
5641206,NaN,NaN,NaN,NaN,NaN,NaN,NaN,NaN,0,0
5641208,NaN,NaN,NaN,NaN,NaN,NaN,NaN,NaN,0,0
5641210,NaN,NaN,NaN,NaN,NaN,NaN,NaN,NaN,0,0
5641212,NaN,NaN,NaN,NaN,NaN,NaN,NaN,NaN,0,0
5641214,NaN,NaN,NaN,NaN,NaN,NaN,NaN,NaN,0,0
5641216,NaN,NaN,NaN,NaN,NaN,NaN,NaN,NaN,0,0
5641218,NaN,NaN,NaN,NaN,NaN,NaN,NaN,NaN,0,0
5641220,NaN,NaN,NaN,NaN,NaN,NaN,NaN,NaN,0,0
5641222,NaN,NaN,NaN,NaN,NaN,NaN,NaN,NaN,0,0
5641224,NaN,NaN,NaN,NaN,NaN,NaN,NaN,NaN,0,0
5641226,NaN,NaN,NaN,NaN,NaN,NaN,NaN,NaN,0,0
5641228,NaN,NaN,NaN,NaN,NaN,NaN,NaN,NaN,0,0
5641230,NaN,NaN,NaN,NaN,NaN,NaN,NaN,NaN,0,0
5641232,NaN,NaN,NaN,NaN,NaN,NaN,NaN,NaN,0,0
5641234,NaN,NaN,NaN,NaN,NaN,NaN,NaN,NaN,0,0
5641236,NaN,NaN,NaN,NaN,NaN,NaN,NaN,NaN,0,0
5641238,NaN,NaN,NaN,NaN,NaN,NaN,NaN,NaN,0,0
5641240,NaN,NaN,NaN,NaN,NaN,NaN,NaN,NaN,0,0
5641242,NaN,NaN,NaN,NaN,NaN,NaN,NaN,NaN,0,0
5641244,NaN,NaN,NaN,NaN,NaN,NaN,NaN,NaN,0,0
5641246,NaN,NaN,NaN,NaN,NaN,NaN,NaN,NaN,0,0
5641248,NaN,NaN,NaN,NaN,NaN,NaN,NaN,NaN,0,0
5641250,NaN,NaN,NaN,NaN,NaN,NaN,NaN,NaN,0,0
5641252,NaN,NaN,NaN,NaN,NaN,NaN,NaN,NaN,0,0
5641254,NaN,NaN,NaN,NaN,NaN,NaN,NaN,NaN,0,0
5641256,NaN,NaN,NaN,NaN,NaN,NaN,NaN,NaN,0,0
5641258,NaN,NaN,NaN,NaN,NaN,NaN,NaN,NaN,0,0
5641260,NaN,NaN,NaN,NaN,NaN,NaN,NaN,NaN,0,0
5641262,NaN,NaN,NaN,NaN,NaN,NaN,NaN,NaN,0,0
5641264,NaN,NaN,NaN,NaN,NaN,NaN,NaN,NaN,0,0
5641266,NaN,NaN,NaN,NaN,NaN,NaN,NaN,NaN,0,0
5641268,NaN,NaN,NaN,NaN,NaN,NaN,NaN,NaN,0,0
5641270,NaN,NaN,NaN,NaN,NaN,NaN,NaN,NaN,0,0
5641272,NaN,NaN,NaN,NaN,NaN,NaN,NaN,NaN,0,0
5641274,NaN,NaN,NaN,NaN,NaN,NaN,NaN,NaN,0,0
5641276,NaN,NaN,NaN,NaN,NaN,NaN,NaN,NaN,0,0
5641278,NaN,NaN,NaN,NaN,NaN,NaN,NaN,NaN,0,0
5641280,NaN,NaN,NaN,NaN,NaN,NaN,NaN,NaN,0,0
5641282,NaN,NaN,NaN,NaN,NaN,NaN,NaN,NaN,0,0
5641284,NaN,NaN,NaN,NaN,NaN,NaN,NaN,NaN,0,0
5641286,NaN,NaN,NaN,NaN,NaN,NaN,NaN,NaN,0,0
5641288,NaN,NaN,NaN,NaN,NaN,NaN,NaN,NaN,0,0
5641290,NaN,NaN,NaN,NaN,NaN,NaN,NaN,NaN,0,0
5641292,NaN,NaN,NaN,NaN,NaN,NaN,NaN,NaN,0,0
5641294,NaN,NaN,NaN,NaN,NaN,NaN,NaN,NaN,0,0
5641296,NaN,NaN,NaN,NaN,NaN,NaN,NaN,NaN,0,0
5641298,NaN,NaN,NaN,NaN,NaN,NaN,NaN,NaN,0,0
5641300,NaN,NaN,NaN,NaN,NaN,NaN,NaN,NaN,0,0
5641302,NaN,NaN,NaN,NaN,NaN,NaN,NaN,NaN,0,0
5641304,NaN,NaN,NaN,NaN,NaN,NaN,NaN,NaN,0,0
5641306,NaN,NaN,NaN,NaN,NaN,NaN,NaN,NaN,0,0
5641308,NaN,NaN,452.34,644.85,NaN,NaN,577,4743,0,146
5641310,NaN,NaN,452.42,644.85,NaN,NaN,577,4743,0,146
5641312,NaN,NaN,452.42,644.85,NaN,NaN,577,4743,0,146
5641314,NaN,NaN,NaN,NaN,NaN,NaN,NaN,NaN,0,0
5641316,476.74,516.9,452.42,561.825,704,3294,491,3819,576,601
5641318,476.82,516.9,452.5,561.825,704,3294,491,3819,576,601
5641320,476.26,502.5,452.02,548.475,683,3136,472,3672,637,680
5641322,475.62,488.1,451.54,535.05,662,2978,454,3523,700,760
5641324,472.02,475.2,451.86,523.8,610,2840,445,3399,758,823
5641326,473.38,460.2,454.66,511.425,609,2675,463,3260,828,891
5641328,474.26,446.7,451.46,500.625,604,2526,417,3144,879,951
5641330,476.18,432.975,455.54,489.375,611,2374,450,3016,936,1006
5641332,473.94,422.1,455.06,479.175,576,2257,434,2904,981,1065
5641334,474.66,408.9,457.3,468.225,570,2112,447,2781,1043,1122
5641336,476.34,397.05,454.5,459.825,575,1981,408,2693,1091,1165
5641338,474.66,386.85,NaN,NaN,547,1873,NaN,NaN,1125,0
5641340,476.66,374.775,459.7,437.025,556,1739,440,2436,1177,1293
5641342,476.02,365.475,458.58,428.925,539,1638,420,2349,1211,1335
5641344,475.3,356.175,457.46,420.825,523,1538,399,2262,1245,1377
5641346,475.54,347.625,459.62,411.525,516,1445,413,2158,1280,1426
5641348,475.06,340.275,NaN,NaN,504,1366,NaN,NaN,1314,0
5641350,475.3,334.725,NaN,NaN,501,1306,NaN,NaN,1343,0
5641352,475.62,328.575,458.9,379.725,498,1239,373,1812,1359,1589
5641354,476.02,322.425,458.98,379.725,495,1172,373,1812,1375,1589
5641356,476.1,318.45,457.86,373.725,492,1128,356,1748,1388,1616
5641358,476.18,314.475,456.82,367.65,489,1085,339,1683,1402,1644
5641360,475.54,313.425,456.02,357.225,481,1075,320,1570,1408,1693
5641362,475.7,313.05,455.78,355.125,482,1071,315,1548,1409,1707
5641364,476.5,313.2,455.86,347.25,491,1071,308,1462,1412,1745
5641366,476.34,313.2,456.34,340.575,489,1071,307,1389,1407,1774
5641368,476.26,312.075,456.5,334.8,487,1059,302,1326,1409,1804
5641370,477.3,312.6,456.58,331.875,499,1063,300,1294,1413,1815
5641372,477.3,312,456.26,328.425,498,1056,294,1257,1413,1831
5641374,477.22,312.375,456.82,324,498,1060,295,1208,1415,1854
5641376,476.9,313.05,457.46,320.625,495,1068,298,1171,1409,1866
5641378,477.62,312.75,458.1,318.525,502,1064,303,1147,1416,1871
5641380,477.78,312.675,458.26,317.025,503,1062,303,1131,1416,1884
5641382,477.22,311.925,458.74,318,497,1055,309,1141,1411,1883
5641384,477.7,313.125,458.66,316.8,503,1067,307,1127,1415,1887
5641386,477.54,312.675,458.82,317.775,501,1062,310,1137,1414,1886
5641388,477.62,312,459.54,317.55,501,1054,317,1134,1408,1886
5641390,477.7,312,459.3,317.625,502,1054,315,1135,1415,1888
5641392,478.02,313.125,459.7,317.85,506,1066,319,1137,1415,1888
5641394,477.38,312.6,459.94,317.175,500,1061,321,1129,1408,1889
5641396,477.86,312.675,459.78,317.925,504,1061,320,1137,1411,1892
5641398,478.1,312.6,460.26,317.85,507,1060,325,1136,1412,1894
5641400,477.54,312.675,459.86,317.85,502,1061,321,1136,1409,1891
5641402,477.78,313.875,460.58,318,506,1074,329,1137,1412,1894
5641404,477.78,312.825,460.74,318.15,505,1063,331,1138,1410,1895
5641406,477.78,313.05,460.74,318.075,505,1065,331,1137,1405,1895
5641408,478.18,313.275,461.46,318.45,510,1066,339,1141,1410,1893
5641410,478.34,313.95,461.54,318.075,512,1074,340,1136,1411,1899
5641412,477.86,313.575,461.3,318.3,507,1070,338,1139,1406,1898
5641414,478.26,313.8,461.3,318.6,511,1072,338,1142,1413,1898
5641416,478.26,314.625,461.94,318.3,512,1081,344,1139,1412,1895
5641418,478.18,314.325,461.54,318.9,511,1078,341,1145,1409,1898
5641420,478.18,314.475,462.02,318.525,511,1080,345,1141,1413,1901
5641422,478.02,313.95,461.94,318.45,509,1074,345,1140,1412,1898
5641424,477.86,314.1,461.54,318.825,508,1076,341,1144,1406,1900
5641426,477.78,314.25,462.1,318.75,507,1078,347,1144,1408,1899
5641428,478.1,315.075,462.34,318.825,512,1087,350,1144,1410,1897
5641430,478.26,316.575,462.26,318.975,514,1103,349,1145,1409,1901
5641432,478.26,315.6,462.34,319.125,514,1093,351,1147,1410,1898
5641434,477.86,316.35,461.94,319.125,511,1101,346,1148,1409,1899
5641436,478.18,316.725,462.02,318.975,514,1105,347,1147,1408,1902
5641438,477.86,315.675,462.18,318.9,510,1094,348,1146,1408,1900
5641440,477.86,316.95,461.22,319.35,512,1108,339,1152,1410,1902
5641442,478.02,317.775,461.94,319.275,514,1117,347,1150,1408,1903
5641444,478.1,316.95,461.38,319.125,514,1109,340,1150,1407,1903
5641446,477.54,317.625,462.18,318.975,509,1116,349,1147,1409,1904
5641448,477.78,317.1,462.26,318.45,510,1110,349,1142,1411,1904
5641450,477.62,316.725,461.7,319.125,509,1106,344,1149,1408,1903
5641452,478.26,316.575,461.62,319.125,515,1105,342,1150,1409,1904
5641454,477.94,317.325,461.54,318.975,513,1113,342,1148,1409,1904
5641456,478.26,316.8,461.94,319.875,515,1107,347,1158,1410,1907
5641458,477.86,317.475,461.94,319.425,511,1115,347,1153,1410,1904
5641460,477.86,317.775,461.94,319.575,512,1118,347,1155,1409,1908
5641462,478.34,317.55,461.7,319.125,517,1116,343,1151,1406,1904
5641464,477.94,317.55,462.02,319.275,512,1116,347,1152,1408,1909
5641466,477.86,316.725,461.86,319.125,510,1108,345,1151,1409,1909
5641468,477.94,316.95,461.78,319.425,512,1110,344,1154,1406,1906
5641470,478.34,317.325,461.94,319.65,516,1114,346,1156,1410,1906
5641472,478.42,316.95,461.54,319.575,516,1110,341,1156,1406,1905
5641474,477.54,318.15,461.46,319.5,509,1123,341,1156,1406,1908
5641476,478.1,317.25,461.46,319.35,513,1113,341,1154,1409,1908
5641478,477.62,317.7,461.3,319.95,509,1119,339,1161,1407,1908
5641480,477.46,318.075,461.22,319.65,507,1123,338,1158,1410,1912
5641482,477.7,317.625,461.86,319.575,509,1118,345,1156,1413,1914
5641484,477.22,318.225,461.3,320.55,504,1125,340,1167,1407,1912
5641486,477.94,317.4,460.66,320.55,511,1115,332,1167,1408,1911
5641488,477.86,318.375,461.38,319.725,511,1126,339,1158,1408,1912
5641490,477.78,317.475,461.3,320.325,509,1117,339,1165,1408,1911
5641492,477.38,317.325,460.58,320.4,504,1115,331,1166,1404,1910
5641494,477.78,317.55,460.98,320.475,509,1117,336,1167,1409,1914
5641496,477.46,317.775,460.82,320.25,506,1120,333,1164,1405,1914
5641498,477.86,317.25,460.98,320.4,509,1113,335,1166,1405,1914
5641500,478.02,318.525,461.22,320.025,512,1127,338,1161,1409,1912
5641502,478.02,318.225,460.74,321.6,512,1124,334,1179,1404,1913
5641504,478.5,318.75,460.42,320.7,517,1129,330,1169,1413,1915
5641506,477.86,318.525,460.74,320.475,511,1127,332,1167,1413,1917
5641508,478.34,318.225,460.5,320.7,515,1123,330,1170,1408,1914
5641510,478.34,318.15,460.74,320.4,515,1123,333,1165,1408,1912
5641512,478.34,318.375,460.66,320.55,515,1125,332,1167,1409,1917
5641514,478.42,319.05,460.5,321.375,517,1132,331,1176,1406,1918
5641516,478.42,319.125,460.42,321.45,517,1133,330,1177,1411,1916
5641518,478.18,318.825,460.58,321.15,513,1130,331,1174,1407,1920
5641520,478.5,318.45,460.66,321.375,516,1126,332,1176,1408,1917
5641522,478.1,319.2,460.1,321.825,513,1134,327,1182,1409,1918
5641524,478.18,318.9,460.02,321.825,513,1130,326,1181,1410,1921
5641526,478.66,318.9,460.1,322.2,518,1130,327,1185,1407,1920
5641528,478.74,319.05,459.94,321.825,520,1131,325,1182,1412,1921
5641530,478.82,318.45,460.1,321.075,520,1125,326,1173,1407,1925
5641532,479.3,319.425,460.58,321.6,526,1135,331,1178,1409,1920
5641534,478.5,320.025,460.26,321.45,518,1142,327,1177,1410,1922
5641536,478.9,319.425,460.18,321.675,521,1135,327,1179,1408,1927
5641538,479.06,320.1,460.18,321.45,524,1142,327,1177,1407,1921
5641540,479.3,320.25,460.1,321.375,527,1143,326,1176,1410,1926
5641542,479.06,319.8,459.78,322.125,523,1139,324,1185,1410,1925
5641544,478.9,319.575,459.86,321.525,522,1136,324,1178,1412,1930
5641546,479.14,318.9,459.86,321.975,523,1128,324,1183,1412,1927
5641548,478.98,319.725,459.46,322.05,523,1137,320,1184,1412,1931
5641550,479.3,320.175,459.54,321.375,527,1142,321,1176,1412,1932
5641552,479.54,319.35,459.38,322.2,528,1133,319,1185,1406,1928
5641554,479.3,319.575,459.22,321.45,526,1136,317,1177,1412,1933
5641556,478.5,320.775,459.54,322.275,519,1150,322,1186,1417,1936
5641558,479.7,320.325,459.14,321.975,531,1143,317,1183,1415,1934
5641560,479.22,320.55,459.14,322.275,527,1146,318,1186,1416,1931
5641562,479.54,320.475,459.7,322.05,530,1145,323,1183,1414,1938
5641564,479.46,319.05,459.54,322.35,528,1129,322,1187,1410,1933
5641566,479.46,319.725,458.98,323.25,528,1137,317,1197,1411,1939
5641568,479.14,319.875,459.38,321.9,526,1138,320,1182,1413,1942
5641570,478.98,319.35,459.62,323.025,523,1133,324,1194,1412,1940
5641572,479.22,319.875,459.7,323.025,527,1138,325,1194,1415,1944
5641574,479.94,318.6,459.54,322.725,533,1124,322,1190,1409,1942
5641576,480.1,319.575,460.02,322.35,536,1134,328,1186,1413,1949
5641578,479.78,319.65,460.02,323.1,533,1136,329,1194,1416,1950
5641580,479.94,319.125,459.54,323.4,534,1130,324,1198,1413,1950
5641582,479.86,320.25,459.62,323.025,535,1142,325,1194,1416,1955
5641584,480.02,321.075,459.7,323.475,537,1151,326,1198,1416,1953
5641586,480.26,319.5,459.78,323.7,538,1134,327,1201,1414,1955
5641588,480.1,320.325,459.94,323.25,537,1143,329,1196,1417,1959
5641590,479.7,320.1,459.78,323.1,533,1140,327,1194,1416,1956
5641592,480.5,319.575,459.78,323.775,541,1134,328,1201,1412,1960
5641594,480.02,319.35,460.02,323.625,536,1132,330,1199,1412,1961
5641596,480.26,320.7,460.02,323.925,540,1147,330,1203,1416,1960
5641598,479.78,318.9,460.18,324.075,533,1128,333,1205,1413,1962
5641600,480.1,319.725,460.1,324.225,538,1136,332,1206,1414,1964
5641602,480.02,318.9,460.26,324.225,536,1127,333,1206,1416,1969
5641604,480.74,319.8,460.18,324.45,544,1136,333,1209,1417,1972
5641606,480.5,319.575,460.1,324.675,542,1134,333,1211,1412,1968
5641608,480.34,319.95,460.26,324.75,541,1138,335,1212,1417,1972
5641610,480.5,319.575,460.9,324.9,542,1134,342,1212,1415,1974
5641612,481.22,319.8,461.46,324.375,550,1136,347,1206,1415,1974
5641614,481.54,317.7,461.22,324.15,552,1113,345,1205,1415,1975
5641616,481.7,317.7,460.82,324.375,554,1113,341,1207,1416,1976
5641618,482.58,317.625,460.98,322.35,563,1111,341,1185,1420,1970
5641620,483.22,315.9,461.14,322.2,568,1092,342,1183,1420,1972
5641622,482.74,315.675,460.02,321.9,563,1089,331,1181,1415,1965
5641624,482.82,315.825,459.94,320.925,564,1092,329,1171,1422,1971
5641626,483.46,315.6,459.46,321.225,571,1088,324,1175,1421,1967
5641628,482.74,314.925,459.22,321.6,563,1082,323,1179,1420,1967
5641630,481.94,314.4,458.5,320.475,554,1077,314,1168,1425,1975
5641632,481.3,315.225,458.5,321.225,549,1087,315,1176,1422,1971
5641634,481.14,314.7,457.46,320.85,547,1081,304,1173,1423,1980
5641636,481.38,315,458.18,320.85,549,1085,311,1173,1427,1981
5641638,481.54,314.55,458.42,320.325,551,1079,313,1166,1428,1982
5641640,481.54,313.35,458.82,321.15,550,1067,319,1175,1429,1974
5641642,481.14,314.625,458.26,320.475,547,1081,313,1168,1428,1980
5641644,481.54,313.8,458.58,321,550,1072,317,1174,1431,1980
5641646,481.86,313.5,458.34,320.925,553,1068,314,1174,1435,1982
5641648,481.54,313.95,458.9,321.525,551,1073,321,1180,1431,1983
5641650,481.46,313.2,458.74,320.925,549,1066,318,1173,1430,1989
5641652,481.7,313.35,458.66,320.4,552,1067,317,1167,1435,1990
5641654,481.46,313.2,458.1,320.1,549,1065,311,1165,1435,1995
5641656,481.94,313.125,458.02,319.95,554,1064,310,1163,1443,1993
5641658,482.1,312.975,457.94,319.875,556,1062,309,1163,1442,1995
5641660,481.22,312.15,458.02,319.275,546,1055,309,1156,1438,1995
5641662,481.38,313.125,457.94,319.725,549,1065,309,1161,1439,1999
5641664,481.3,312.6,458.1,319.575,547,1059,311,1160,1442,1995
5641666,481.46,311.7,458.26,319.95,548,1049,313,1163,1442,1997
5641668,481.54,312.375,457.94,319.5,550,1057,309,1159,1443,1997
5641670,481.54,311.775,458.1,319.5,549,1050,311,1158,1444,1998
5641672,481.78,311.475,457.94,319.8,551,1046,310,1161,1442,2004
5641674,481.86,311.775,458.34,319.65,552,1050,313,1159,1447,2001
5641676,481.7,312,458.02,319.95,551,1052,310,1163,1442,2006
5641678,482.18,311.25,457.38,319.575,555,1043,303,1160,1447,2010
5641680,482.18,312,457.62,319.275,556,1051,305,1156,1449,2008
5641682,482.26,311.925,458.1,319.125,556,1050,310,1154,1442,2005
5641684,482.58,311.475,457.7,319.875,559,1045,307,1163,1446,2010
5641686,481.94,312.075,457.78,319.8,553,1052,308,1162,1451,2009
5641688,482.1,312.525,457.94,319.575,556,1057,309,1159,1445,2011
5641690,482.42,311.4,457.62,320.25,558,1044,307,1167,1452,2012
5641692,482.42,310.95,457.62,319.2,557,1039,305,1155,1450,2006
5641694,482.34,312.375,458.34,319.5,558,1055,313,1158,1448,2011
5641696,482.9,311.325,457.54,319.125,562,1043,304,1154,1459,2011
5641698,482.58,311.775,457.38,319.125,560,1048,303,1155,1456,2012
5641700,482.66,311.85,458.18,319.875,560,1048,311,1162,1451,2012
5641702,482.9,311.4,457.62,319.125,562,1043,304,1154,1455,2010
5641704,482.74,311.925,457.46,319.575,561,1049,303,1159,1462,2013
5641706,482.58,310.725,457.62,319.125,558,1037,304,1154,1455,2019
5641708,482.66,311.775,457.78,319.65,559,1048,306,1159,1459,2012
5641710,481.94,310.425,457.38,318.375,550,1034,301,1146,1457,2013
5641712,482.18,311.55,457.7,319.5,554,1046,305,1158,1454,2014
5641714,482.82,311.55,456.98,318.825,561,1045,297,1152,1468,2018
5641716,482.82,311.475,457.54,318.675,561,1044,303,1149,1465,2017
5641718,482.26,310.875,457.46,319.8,554,1038,302,1161,1457,2017
5641720,482.9,311.775,457.06,319.65,562,1048,298,1160,1461,2015
5641722,482.26,311.775,457.3,319.35,555,1048,300,1157,1462,2017
5641724,482.5,310.8,457.22,318.9,556,1037,299,1152,1459,2018
5641726,482.82,311.925,457.3,318.975,560,1049,300,1153,1465,2014
5641728,482.58,311.25,457.38,318.825,557,1042,301,1150,1460,2016
5641730,482.74,312.375,457.78,319.8,560,1054,305,1161,1460,2019
5641732,482.9,312.225,457.94,319.575,561,1052,307,1159,1462,2017
5641734,482.74,311.475,457.78,319.95,559,1044,306,1163,1465,2016
5641736,482.82,312.225,458.34,319.8,560,1052,311,1160,1463,2015
5641738,482.9,313.2,457.78,319.275,562,1062,304,1155,1464,2018
5641740,482.58,311.625,458.02,319.8,557,1046,307,1160,1468,2014
5641742,482.98,311.7,458.02,319.95,561,1046,307,1162,1466,2005
5641744,482.5,311.55,458.1,321.15,556,1045,310,1175,1459,2005
5641746,482.66,312.3,458.02,320.325,559,1053,308,1166,1469,2011
5641748,482.82,312.15,458.02,319.875,560,1051,307,1161,1466,2011
5641750,482.5,311.7,458.34,320.475,556,1046,312,1167,1467,2008
5641752,482.58,313.275,458.02,319.5,558,1063,307,1157,1465,2008
5641754,482.82,311.325,457.86,318.825,559,1042,305,1150,1470,2007
5641756,483.06,311.25,457.78,319.125,561,1041,304,1153,1466,2009
5641758,482.66,311.25,457.78,319.125,557,1041,304,1153,1470,2007
5641760,483.3,310.65,458.58,318.675,563,1034,312,1148,1464,2005
5641762,482.42,311.25,458.34,318.675,554,1042,309,1148,1468,2004
5641764,482.26,311.025,458.34,318.15,553,1039,309,1142,1469,2004
5641766,483.06,310.575,457.94,318.825,561,1033,305,1150,1467,2000
5641768,482.42,310.425,458.5,318.675,554,1032,311,1147,1466,1999
5641770,482.74,310.875,458.26,318.45,558,1037,308,1145,1469,1998
5641772,482.58,311.1,459.14,319.2,557,1040,319,1152,1465,1999
5641774,482.98,311.25,458.74,318.375,561,1041,314,1144,1471,1999
5641776,483.3,311.1,459.14,318.15,564,1038,317,1141,1468,1998
5641778,482.5,311.175,459.22,319.5,556,1040,320,1156,1465,1998
5641780,482.9,311.25,458.9,319.2,560,1040,317,1152,1469,1996
5641782,483.06,311.325,459.14,318.975,562,1041,319,1149,1465,1998
5641784,482.58,311.25,459.22,319.275,557,1041,320,1152,1467,1996
5641786,483.14,312.075,459.14,319.5,563,1050,319,1156,1467,1996
5641788,482.98,311.025,459.7,319.95,561,1038,325,1159,1465,1991
5641790,482.98,311.925,459.22,319.8,562,1048,321,1159,1461,1994
5641792,482.58,312.825,459.62,319.65,559,1058,325,1156,1466,1989
5641794,483.22,312.3,459.3,319.575,565,1052,321,1156,1464,1989
5641796,483.06,312.3,459.62,320.475,563,1052,325,1166,1462,1979
5641798,482.98,312.6,459.22,319.5,563,1056,321,1155,1461,1986
5641800,482.66,311.625,459.46,320.025,559,1045,324,1161,1458,1982
5641802,482.66,312.75,459.7,320.85,560,1058,327,1170,1462,1975
5641804,482.18,313.275,459.62,320.55,556,1064,326,1167,1460,1977
5641806,482.58,312.375,459.38,319.875,559,1054,323,1160,1459,1974
5641808,481.7,313.8,459.86,320.025,551,1070,328,1161,1454,1973
5641810,483.14,313.275,459.7,319.8,566,1063,327,1159,1461,1977
5641812,481.94,312.3,459.38,319.575,552,1054,322,1158,1459,1973
5641814,481.78,313.05,459.62,319.95,552,1062,326,1161,1451,1968
5641816,482.18,313.575,460.02,319.575,556,1068,330,1157,1457,1966
5641818,481.86,313.5,459.54,320.325,553,1068,325,1165,1454,1963
5641820,481.78,313.05,459.78,319.575,551,1063,326,1157,1452,1962
5641822,481.78,313.65,459.94,320.1,551,1069,329,1163,1452,1966
5641824,481.7,313.8,459.86,319.2,551,1071,327,1153,1452,1955
5641826,481.54,313.95,459.54,319.65,550,1073,324,1158,1448,1959
5641828,481.94,314.55,459.7,319.725,554,1079,326,1159,1452,1953
5641830,481.38,313.725,459.46,319.275,547,1071,323,1155,1452,1952
5641832,481.22,313.275,459.14,319.5,545,1066,319,1158,1448,1949
5641834,481.06,313.65,459.22,319.875,544,1070,321,1161,1449,1950
5641836,480.98,313.95,459.06,319.35,543,1074,318,1155,1451,1950
5641838,480.74,315.15,458.5,319.575,542,1087,312,1158,1445,1944
5641840,480.5,314.625,459.06,319.5,538,1082,318,1157,1445,1941
5641842,480.18,314.025,459.06,318.75,534,1076,317,1149,1444,1941
5641844,480.26,313.95,458.42,319.725,534,1074,311,1160,1443,1938
5641846,480.1,314.1,458.66,319.35,533,1077,313,1156,1444,1942
5641848,479.94,314.475,458.34,319.5,531,1080,310,1157,1443,1939
5641850,480.18,313.725,458.58,319.5,533,1072,313,1157,1442,1939
5641852,479.54,314.175,458.5,319.725,527,1077,311,1160,1440,1938
5641854,479.22,314.7,458.26,319.425,523,1083,308,1156,1438,1934
5641856,479.3,313.35,458.34,319.425,522,1068,309,1156,1441,1935
5641858,479.22,314.25,458.98,319.725,523,1078,316,1158,1436,1933
5641860,479.22,314.475,458.42,319.5,522,1080,309,1156,1436,1933
5641862,479.22,313.875,458.66,319.5,522,1073,311,1156,1434,1931
5641864,478.58,315.075,458.1,319.8,515,1087,305,1159,1431,1931
5641866,479.06,314.475,458.42,319.425,520,1080,308,1155,1436,1927
5641868,479.14,314.85,458.1,319.95,521,1083,305,1160,1431,1923
5641870,478.74,315.75,458.34,319.725,518,1093,307,1158,1426,1922
5641872,478.74,315,458.74,319.5,516,1085,311,1155,1431,1920
5641874,479.22,315.975,458.1,319.95,522,1095,304,1161,1427,1920
5641876,478.74,315.6,458.18,320.475,516,1091,305,1166,1427,1915
5641878,478.82,315,458.42,320.85,517,1085,308,1170,1431,1914
5641880,479.38,315.825,458.42,320.775,522,1092,307,1169,1424,1912
5641882,479.14,315.975,458.1,320.55,520,1094,303,1166,1429,1915
5641884,478.66,315.675,458.42,321.075,514,1091,307,1171,1430,1910
5641886,478.42,316.65,458.34,320.7,512,1102,306,1167,1420,1911
5641888,478.98,316.35,458.1,320.175,518,1097,302,1162,1428,1912
5641890,478.66,315.825,458.42,320.625,513,1092,306,1166,1428,1905
5641892,479.06,316.35,458.74,321.15,518,1097,309,1171,1419,1904
5641894,478.66,317.025,458.74,320.625,514,1105,308,1165,1424,1905
5641896,479.14,316.05,458.5,321.375,518,1094,306,1173,1418,1902
5641898,479.14,316.875,458.82,320.925,518,1103,309,1168,1417,1899
5641900,478.9,316.65,459.38,320.625,515,1100,314,1164,1423,1899
5641902,478.66,317.025,459.22,320.7,513,1104,313,1165,1422,1896
5641904,479.06,317.25,459.22,320.925,517,1106,313,1167,1418,1897
5641906,478.9,317.1,459.46,320.775,515,1105,315,1166,1418,1895
5641908,478.9,316.575,459.86,321,515,1099,319,1167,1420,1895
5641910,478.98,318.15,459.86,320.925,517,1116,319,1167,1418,1892
5641912,479.14,316.8,459.46,320.625,517,1101,314,1164,1415,1889
5641914,478.82,318.225,459.22,320.925,515,1116,312,1167,1414,1891
5641916,479.62,317.775,460.02,320.625,523,1110,320,1162,1411,1889
5641918,479.46,317.4,459.62,320.625,521,1107,316,1163,1417,1888
5641920,479.14,317.85,459.14,321.3,518,1112,312,1171,1407,1887
5641922,478.58,318.15,458.66,321.15,512,1116,307,1170,1411,1886
5641924,478.1,318.9,457.62,322.2,509,1125,297,1182,1408,1884
5641926,477.7,318.675,456.74,321.825,504,1122,287,1179,1407,1880
5641928,476.98,318.15,455.3,323.025,497,1117,274,1194,1409,1882
5641930,477.22,318.975,454.02,323.1,500,1126,260,1196,1407,1880
5641932,476.74,318.9,454.66,322.95,495,1126,268,1193,1406,1880
5641934,476.82,319.35,454.42,323.025,496,1130,265,1194,1406,1879
5641936,477.06,319.35,454.26,323.475,500,1130,265,1200,1406,1878
5641938,477.14,319.425,455.06,323.175,500,1131,272,1196,1406,1871
5641940,477.38,319.125,455.94,322.95,503,1127,282,1192,1400,1873
5641942,477.7,319.575,456.18,322.5,508,1132,284,1187,1403,1870
5641944,477.78,319.725,456.5,322.8,509,1134,289,1190,1403,1871
5641946,478.34,320.025,456.66,322.65,515,1136,291,1188,1401,1872
5641948,478.26,319.875,456.74,323.25,515,1135,293,1195,1401,1867
5641950,478.26,319.125,456.5,323.025,514,1127,290,1193,1401,1867
5641952,478.34,320.325,456.26,322.95,517,1140,288,1193,1399,1869
5641954,478.1,319.275,457.14,322.875,514,1129,297,1191,1398,1864
5641956,478.82,320.175,456.34,323.325,523,1139,291,1197,1395,1863
5641958,477.86,321,456.42,323.1,514,1148,291,1194,1396,1861
5641960,478.34,320.7,456.9,323.025,519,1145,297,1193,1393,1860
5641962,478.58,320.025,456.42,322.5,521,1138,291,1189,1392,1861
5641964,478.5,319.5,456.18,322.5,521,1133,290,1189,1391,1860
5641966,477.94,320.4,456.66,322.725,516,1143,294,1191,1394,1859
5641968,478.42,320.625,456.18,323.175,522,1145,291,1197,1391,1858
5641970,478.02,320.55,456.5,322.725,518,1145,294,1192,1391,1856
5641972,478.34,320.55,456.58,322.95,522,1145,296,1195,1391,1857
5641974,478.18,320.325,456.26,323.025,520,1143,293,1195,1389,1853
5641976,478.18,319.275,456.42,323.1,520,1132,295,1196,1389,1855
5641978,478.1,320.175,456.18,322.95,520,1142,293,1196,1386,1853
5641980,478.02,320.25,456.34,323.025,520,1143,295,1196,1392,1852
5641982,478.34,320.475,455.78,322.95,523,1145,289,1196,1387,1852
5641984,478.1,321,456.58,323.625,522,1151,299,1203,1387,1849
5641986,478.26,320.175,456.26,323.175,523,1143,295,1198,1383,1850
5641988,477.94,319.8,455.7,322.65,519,1139,289,1195,1382,1848
5641990,478.58,319.575,455.78,322.8,526,1137,290,1196,1381,1848
5641992,478.1,320.7,455.38,322.5,523,1150,286,1194,1385,1849
5641994,478.18,319.2,455.46,322.8,522,1133,287,1197,1383,1845
5641996,478.5,320.475,455.38,323.4,527,1147,288,1204,1376,1842
5641998,477.38,319.425,455.46,322.95,514,1137,288,1199,1379,1842
5642000,477.78,319.575,455.38,322.725,519,1139,287,1197,1378,1844
5642002,478.1,320.4,455.7,322.5,524,1147,290,1194,1375,1837
5642004,477.94,320.625,455.06,322.425,522,1150,284,1194,1373,1843
5642006,477.62,318.75,455.22,322.8,517,1130,286,1198,1371,1839
5642008,478.02,319.65,454.42,323.025,522,1139,278,1201,1370,1841
5642010,477.3,320.25,454.26,322.575,516,1147,276,1197,1371,1839
5642012,477.62,320.4,454.26,322.35,519,1148,276,1194,1372,1838
5642014,477.3,320.625,454.5,322.35,516,1151,279,1194,1371,1838
5642016,477.14,320.475,454.66,323.1,514,1150,281,1202,1373,1833
5642018,476.5,320.475,454.18,322.8,507,1151,275,1200,1369,1834
5642020,476.9,320.85,454.58,322.875,512,1155,280,1200,1370,1832
5642022,476.26,321.225,454.34,323.025,506,1159,277,1202,1369,1833
5642024,475.62,320.175,454.02,323.1,497,1149,273,1204,1372,1829
5642026,476.18,321.075,453.7,323.1,504,1158,270,1204,1367,1829
5642028,475.94,321.375,454.02,323.175,502,1161,273,1205,1368,1833
5642030,475.38,321.15,453.38,323.325,496,1160,266,1207,1369,1829
5642032,476.1,320.55,453.54,323.55,502,1153,268,1209,1367,1825
5642034,476.02,321.675,453.7,323.55,503,1165,270,1210,1371,1823
5642036,476.02,321.075,453.3,323.1,502,1159,265,1206,1366,1826
5642038,476.26,321.6,453.38,323.625,505,1164,266,1211,1363,1823
5642040,476.1,321.45,453.54,323.325,502,1163,267,1207,1365,1823
5642042,476.02,321.525,453.46,323.7,501,1164,267,1212,1366,1819
5642044,475.78,321.375,453.22,323.325,498,1163,264,1208,1366,1822
5642046,476.26,321.15,453.78,324,503,1160,270,1215,1361,1819
5642048,476.02,322.35,453.14,324,501,1174,263,1216,1366,1819
5642050,476.58,321.3,453.38,323.55,506,1162,265,1211,1359,1823
5642052,476.26,321.9,453.62,323.775,503,1169,267,1214,1357,1819
5642054,476.5,321.675,452.9,324,506,1167,260,1217,1358,1814
5642056,475.7,322.275,453.54,323.475,497,1174,265,1211,1358,1818
5642058,476.26,321.9,453.62,323.625,502,1170,266,1212,1355,1814
5642060,476.58,323.025,453.62,324,507,1181,267,1217,1356,1811
5642062,477.06,321.6,453.38,323.025,510,1166,263,1206,1355,1815
5642064,477.06,322.35,453.3,323.7,510,1174,263,1214,1357,1810
5642066,476.98,321.825,453.46,323.775,510,1169,264,1215,1354,1810
5642068,476.58,321.75,453.14,323.175,505,1169,260,1209,1356,1807
5642070,476.5,321.6,452.82,323.175,503,1167,257,1209,1356,1805
5642072,476.58,321.45,453.46,322.65,504,1165,262,1203,1352,1807
5642074,477.06,321.825,453.3,322.725,510,1169,261,1204,1353,1805
5642076,477.14,321.9,453.62,322.95,510,1170,264,1207,1351,1804
5642078,476.66,322.125,453.3,322.35,505,1173,260,1200,1351,1807
5642080,476.58,322.5,453.22,322.2,504,1177,258,1199,1352,1801
5642082,477.14,321.525,453.54,322.5,509,1166,262,1202,1350,1801
5642084,477.14,321.45,453.06,322.35,509,1166,257,1202,1346,1803
5642086,476.98,321.75,453.14,322.2,507,1169,258,1200,1349,1800
5642088,476.26,321.9,453.14,322.35,501,1172,258,1202,1347,1798
5642090,477.3,321.975,453.3,321.825,511,1172,259,1196,1345,1800
5642092,477.14,322.125,453.3,322.125,510,1173,259,1199,1350,1799
5642094,477.3,321.975,453.06,321.975,512,1171,257,1197,1345,1798
5642096,477.22,322.875,453.86,322.35,511,1182,266,1201,1345,1795
5642098,477.78,322.5,453.54,322.35,517,1177,263,1202,1346,1796
5642100,476.9,322.8,453.62,322.65,508,1181,264,1204,1350,1795
5642102,477.3,322.5,453.54,321.975,512,1177,262,1197,1343,1794
5642104,477.62,322.65,453.7,321.9,515,1178,263,1196,1345,1793
5642106,477.38,323.175,453.06,321.9,513,1184,257,1197,1346,1796
5642108,477.22,323.325,453.78,322.275,512,1186,265,1200,1345,1794
5642110,477.7,322.95,453.54,322.725,517,1181,263,1206,1346,1794
5642112,477.3,322.8,453.7,322.35,513,1180,264,1201,1343,1794
5642114,477.54,322.8,453.7,322.8,515,1180,264,1206,1340,1790
5642116,476.74,322.8,453.3,323.475,507,1181,262,1214,1340,1792
5642118,476.9,322.875,453.62,323.025,508,1182,264,1208,1337,1790
5642120,477.06,323.55,453.38,322.875,511,1189,262,1207,1340,1787
5642122,477.38,322.575,453.22,323.025,513,1178,260,1209,1338,1791
5642124,477.06,322.5,453.22,323.175,510,1177,261,1211,1336,1789
5642126,477.46,322.8,453.38,322.65,514,1180,262,1204,1336,1788
5642128,477.46,321.825,453.38,323.025,513,1169,262,1209,1335,1787
5642130,477.14,322.425,453.62,323.025,511,1176,265,1208,1335,1790
5642132,477.06,322.35,453.62,323.25,510,1176,265,1211,1338,1786
5642134,477.06,321.825,453.22,322.35,509,1170,259,1201,1338,1788
5642136,477.38,321.75,452.82,323.175,512,1168,257,1211,1331,1783
5642138,477.22,320.925,453.54,322.5,511,1160,263,1203,1332,1783
5642140,477.62,321.3,453.46,322.725,515,1164,263,1205,1334,1783
5642142,476.98,322.275,453.3,322.05,509,1174,261,1198,1331,1785
5642144,477.62,321.225,453.3,323.025,514,1163,261,1208,1329,1786
5642146,477.22,320.925,453.14,322.05,510,1160,258,1198,1332,1784
5642148,477.3,322.35,453.3,322.8,513,1174,261,1206,1333,1781
5642150,477.94,320.775,452.74,322.35,518,1157,255,1201,1330,1778
5642152,478.26,320.775,453.22,321.9,522,1156,259,1196,1329,1776
5642154,477.78,321.6,453.46,322.125,518,1166,263,1198,1331,1777
5642156,478.26,321.3,452.66,322.5,522,1161,255,1202,1326,1775
5642158,478.18,320.475,453.38,322.275,520,1153,262,1199,1324,1776
5642160,478.58,321.675,453.54,322.95,526,1165,264,1206,1327,1773
5642162,478.34,320.25,453.22,322.2,522,1150,260,1199,1323,1773
5642164,478.18,320.85,453.54,321.75,520,1156,263,1193,1325,1773
5642166,478.18,320.475,453.14,322.05,520,1153,258,1197,1325,1777
5642168,478.1,320.475,453.7,321.9,519,1152,264,1194,1321,1777
5642170,477.7,320.7,452.74,321.75,515,1155,254,1193,1324,1772
5642172,478.42,319.725,453.38,321.825,522,1143,262,1193,1321,1771
5642174,478.42,320.175,453.06,322.275,522,1148,258,1198,1319,1770
5642176,478.66,321.3,453.46,322.425,526,1160,263,1199,1325,1771
5642178,478.42,320.55,453.62,322.65,523,1152,264,1202,1318,1772
5642180,478.26,321.15,453.3,322.8,522,1158,261,1203,1321,1773
5642182,478.5,321,453.46,323.025,524,1157,263,1205,1320,1770
5642184,478.26,321.375,452.82,323.1,522,1160,256,1206,1321,1766
5642186,478.02,320.55,453.22,322.65,518,1152,260,1201,1321,1766
5642188,478.34,321,452.5,323.1,522,1156,253,1207,1319,1767
5642190,478.1,320.7,452.98,323.25,519,1153,258,1207,1317,1767
5642192,478.18,321.375,453.62,323.325,520,1160,265,1207,1319,1765
5642194,478.74,320.85,453.14,323.625,527,1153,260,1211,1315,1764
5642196,478.42,320.175,453.22,323.55,522,1147,260,1210,1316,1764
5642198,478.26,320.475,453.3,323.25,521,1150,261,1207,1313,1768
5642200,478.34,321.45,453.54,323.55,522,1160,264,1210,1317,1763
5642202,478.42,320.4,453.14,323.475,522,1149,260,1209,1314,1766
5642204,478.58,320.4,453.62,323.475,524,1149,264,1208,1318,1762
5642206,478.5,321.075,452.98,323.775,523,1156,258,1213,1317,1763
5642208,478.74,321,453.3,324.075,525,1154,261,1215,1317,1761
5642210,478.42,320.175,453.46,323.25,521,1146,262,1206,1313,1765
5642212,478.42,321.75,453.54,323.775,523,1163,263,1212,1319,1764
5642214,478.82,320.925,453.14,323.775,526,1154,260,1213,1315,1767
5642216,478.74,321.6,452.98,323.925,526,1161,257,1214,1316,1767
5642218,478.58,321.375,453.62,323.625,524,1159,264,1210,1316,1766
5642220,478.98,320.775,453.22,324.075,527,1152,260,1215,1314,1767
5642222,478.1,320.325,453.38,323.175,518,1148,261,1206,1315,1766
5642224,478.9,320.775,452.82,324,527,1152,256,1215,1314,1764
5642226,478.66,320.4,452.82,324.225,524,1149,257,1217,1311,1764
5642228,478.5,321,453.3,323.775,522,1155,260,1212,1314,1765
5642230,479.14,320.85,453.06,324,529,1152,258,1215,1314,1764
5642232,478.66,320.55,453.46,324.075,523,1150,262,1215,1313,1764
5642234,479.14,320.625,452.98,323.1,529,1150,256,1205,1309,1766
5642236,478.74,321.075,452.42,323.475,525,1156,250,1211,1315,1765
5642238,478.66,320.775,452.34,324,523,1153,250,1216,1312,1768
5642240,478.5,320.1,452.82,323.025,520,1146,254,1205,1312,1768
5642242,478.34,319.725,452.9,323.85,519,1141,255,1213,1308,1765
5642244,478.66,321.45,452.82,323.475,524,1160,254,1210,1312,1766
5642246,478.42,320.4,452.74,324.525,520,1149,254,1221,1309,1765
5642248,478.42,320.625,452.98,323.55,520,1151,255,1210,1311,1765
5642250,478.42,321,452.74,324.3,519,1156,254,1219,1313,1766
5642252,478.66,320.25,452.9,324.3,521,1147,255,1219,1310,1765
5642254,478.5,320.7,452.74,323.325,520,1152,252,1208,1308,1765
5642256,478.66,320.775,452.82,323.55,521,1153,253,1211,1310,1764
5642258,477.78,320.4,452.5,324.225,512,1150,250,1218,1308,1764
5642260,478.02,320.025,452.82,323.475,513,1146,252,1210,1305,1765
5642262,477.94,320.175,452.58,323.55,513,1147,250,1211,1306,1767
5642264,478.34,320.925,452.74,324.225,517,1155,251,1218,1309,1766
5642266,478.18,319.8,452.5,322.725,514,1143,247,1202,1306,1769
5642268,478.42,320.325,452.66,322.875,516,1148,249,1203,1310,1764
5642270,477.94,320.025,452.34,322.95,511,1145,245,1205,1305,1765
5642272,478.02,319.35,452.58,323.325,511,1138,248,1208,1306,1765
5642274,477.78,320.175,452.5,323.4,509,1147,247,1209,1305,1767
5642276,478.18,319.575,452.9,323.175,513,1140,251,1206,1303,1768
5642278,477.78,320.625,452.26,323.1,510,1152,244,1206,1306,1771
5642280,477.94,320.4,451.94,322.8,510,1149,240,1203,1304,1764
5642282,477.86,321,452.58,323.175,510,1155,247,1206,1306,1767
5642284,477.86,320.625,452.42,323.625,509,1151,245,1211,1306,1766
5642286,478.26,320.55,452.66,323.625,514,1150,247,1211,1305,1768
5642288,478.02,320.55,452.42,323.175,510,1150,245,1207,1304,1767
5642290,477.94,320.625,451.78,323.7,510,1151,239,1213,1306,1766
5642292,478.42,320.625,452.58,324,514,1151,247,1215,1305,1769
5642294,478.18,321.75,452.82,323.4,513,1163,249,1208,1305,1771
5642296,478.18,320.325,452.5,323.775,511,1148,245,1213,1302,1765
5642298,478.1,320.025,452.98,323.775,510,1145,250,1212,1301,1768
5642300,478.18,320.625,452.98,322.95,512,1151,249,1203,1300,1771
5642302,478.1,320.4,452.42,322.95,510,1149,243,1204,1302,1769
5642304,478.74,319.65,452.18,323.925,517,1140,241,1215,1301,1771
5642306,478.82,321.15,453.3,323.7,519,1156,253,1211,1302,1770
5642308,478.9,321.525,452.58,323.325,520,1160,245,1208,1305,1767
5642310,478.34,320.925,452.58,323.325,513,1154,245,1208,1307,1772
5642312,478.34,321.525,452.58,322.95,514,1160,245,1204,1304,1769
5642314,478.34,321.075,452.74,324,513,1155,248,1215,1304,1769
5642316,478.26,321.675,452.82,323.25,513,1162,248,1206,1303,1771
5642318,478.58,321,452.98,322.65,516,1154,248,1199,1303,1770
5642320,478.66,321.525,452.58,323.775,517,1160,246,1212,1302,1769
5642322,478.98,321.15,452.5,323.475,521,1156,244,1209,1304,1773
5642324,478.5,321,453.14,323.175,515,1154,251,1205,1300,1768
5642326,478.5,321.525,453.22,323.325,516,1160,252,1207,1302,1765
5642328,478.74,321.3,452.98,324.45,518,1157,251,1219,1302,1769
5642330,478.58,321.075,453.14,322.95,517,1155,251,1203,1300,1772
5642332,478.82,321.6,452.82,323.325,520,1161,248,1207,1300,1771
5642334,478.66,320.925,452.5,323.175,518,1153,245,1206,1303,1774
5642336,478.34,321.75,453.22,323.4,515,1162,253,1207,1304,1770
5642338,478.82,320.7,452.82,322.8,519,1150,249,1201,1298,1775
5642340,478.5,321.375,452.74,323.55,517,1158,248,1210,1306,1774
5642342,478.42,321.9,452.98,323.925,517,1164,251,1213,1305,1773
5642344,479.14,321.375,453.22,323.4,523,1157,253,1207,1300,1775
5642346,478.98,321.9,452.42,323.7,523,1163,245,1211,1302,1774
5642348,479.06,321.525,452.98,324.15,523,1158,252,1215,1301,1772
5642350,479.06,321.45,453.22,323.25,523,1158,254,1205,1301,1772
5642352,479.06,321.6,453.54,323.85,523,1159,258,1211,1301,1774
5642354,479.14,321.825,453.22,322.875,524,1162,253,1201,1303,1773
5642356,478.66,321.225,453.38,322.65,519,1156,255,1199,1302,1771
5642358,479.3,321,453.38,323.325,525,1153,256,1206,1301,1773
5642360,479.06,321.675,453.46,323.1,524,1160,256,1204,1303,1773
5642362,479.14,321.375,453.46,322.5,525,1157,256,1197,1300,1771
5642364,478.82,321.9,453.3,323.25,522,1163,255,1205,1302,1776
5642366,479.3,321.525,453.14,323.325,527,1159,254,1206,1302,1775
5642368,479.22,321.075,453.22,322.8,526,1153,255,1200,1300,1774
5642370,479.06,321.225,453.06,323.25,525,1156,254,1205,1302,1778
5642372,479.06,321.15,452.82,323.025,525,1155,251,1203,1299,1773
5642374,479.3,322.125,453.14,322.65,529,1165,254,1199,1301,1776
5642376,479.7,322.275,453.06,322.8,532,1166,253,1200,1304,1774
5642378,479.46,320.775,453.46,323.25,528,1150,258,1205,1299,1774
5642380,479.06,321.825,452.66,323.025,526,1162,250,1203,1298,1777
5642382,478.98,321.225,452.9,322.875,524,1155,252,1201,1299,1777
5642384,479.06,321.225,452.98,322.725,525,1154,253,1200,1299,1772
5642386,479.38,322.275,452.98,323.775,530,1166,254,1210,1302,1778
5642388,479.3,321.525,452.98,323.325,528,1158,253,1206,1298,1777
5642390,478.98,321.975,453.14,322.5,525,1163,254,1196,1299,1777
5642392,479.14,322.725,452.82,323.175,528,1171,252,1203,1302,1781
5642394,479.22,321.6,452.82,322.95,528,1158,252,1201,1300,1778
5642396,479.06,321,452.74,322.5,526,1152,251,1196,1294,1778
5642398,478.58,321.3,452.98,322.95,521,1155,254,1201,1298,1777
5642400,478.9,322.5,453.06,323.025,526,1168,255,1201,1300,1776
5642402,478.9,321.975,452.74,322.65,525,1162,251,1198,1298,1775
5642404,479.14,320.85,452.58,322.875,528,1149,251,1200,1297,1778
5642406,479.3,321.9,452.34,323.1,530,1160,248,1203,1302,1778
5642408,478.9,321.825,452.58,322.95,526,1160,251,1201,1299,1783
5642410,479.06,322.575,452.74,323.4,529,1168,253,1205,1298,1779
5642412,479.22,322.275,452.74,322.95,530,1165,253,1201,1304,1780
5642414,478.58,321.6,452.82,322.95,522,1158,253,1201,1298,1777
5642416,478.74,322.5,452.74,323.4,525,1167,254,1205,1298,1775
5642418,478.98,322.65,452.1,323.1,528,1169,246,1203,1298,1778
5642420,478.5,322.425,452.82,322.575,523,1166,253,1196,1300,1780
5642422,478.66,322.05,452.58,323.1,524,1162,252,1202,1299,1779
5642424,478.98,321.6,452.18,323.1,528,1156,247,1202,1296,1782
5642426,479.14,321.525,452.26,322.725,529,1155,248,1198,1298,1780
5642428,479.22,322.65,452.9,322.575,531,1168,255,1196,1300,1780
5642430,479.3,321.9,452.02,323.1,531,1160,246,1202,1299,1781
5642432,478.9,321.75,452.42,323.025,527,1158,250,1200,1298,1782
5642434,478.98,322.725,452.34,322.725,529,1168,249,1198,1301,1785
5642436,478.74,321.675,452.34,322.725,525,1158,249,1197,1297,1781
5642438,478.42,321.375,452.26,322.575,522,1154,248,1196,1295,1785
5642440,478.42,321.525,452.42,322.725,522,1156,250,1197,1296,1785
5642442,478.82,321.225,452.18,323.1,526,1152,248,1201,1295,1784
5642444,478.34,321.45,452.34,323.025,521,1155,249,1200,1297,1784
5642446,478.9,321.075,452.26,323.025,527,1150,249,1200,1296,1782
5642448,478.42,321.9,452.34,323.025,523,1159,250,1199,1299,1782
5642450,478.82,322.05,452.1,323.025,527,1161,247,1200,1299,1784
5642452,478.58,321.375,451.86,322.8,524,1154,245,1197,1297,1781
5642454,478.26,321.9,452.34,322.725,521,1160,249,1196,1297,1784
5642456,478.26,321.825,451.94,323.025,521,1158,246,1200,1296,1779
5642458,478.66,321.075,451.78,322.65,524,1149,243,1196,1297,1782
5642460,478.5,321.975,452.1,322.65,523,1159,246,1195,1299,1785
5642462,478.26,321.675,452.42,322.95,520,1156,250,1198,1298,1783
5642464,478.82,321.45,452.1,322.425,526,1153,247,1192,1296,1782
5642466,478.98,321.9,452.74,322.875,528,1157,254,1196,1298,1783
5642468,478.42,321.6,452.18,322.875,522,1154,247,1197,1298,1784
5642470,478.58,321.45,452.02,322.65,523,1153,246,1194,1297,1784
5642472,478.42,322.35,452.02,323.325,522,1162,246,1201,1297,1784
5642474,478.5,321.45,452.5,322.5,523,1152,251,1192,1295,1782
5642476,478.42,322.275,452.5,322.8,523,1162,251,1195,1298,1784
5642478,478.74,321.525,452.34,322.8,525,1153,249,1195,1296,1785
5642480,478.9,322.05,452.26,323.1,527,1158,249,1198,1296,1783
5642482,478.66,321.525,452.26,323.025,524,1153,248,1198,1300,1785
5642484,478.82,321.225,452.66,323.25,525,1149,253,1200,1297,1785
5642486,478.66,321.75,452.1,322.35,525,1155,247,1190,1299,1787
5642488,478.26,322.95,452.42,323.175,521,1168,250,1199,1300,1785
5642490,478.98,321.525,452.26,322.725,528,1152,248,1194,1298,1789
5642492,478.58,321.9,452.02,322.5,524,1156,246,1192,1297,1787
5642494,478.34,322.35,452.34,322.8,522,1162,249,1194,1297,1783
5642496,478.74,321.975,452.26,323.475,525,1157,249,1201,1301,1784
5642498,478.74,321.225,452.1,322.725,525,1149,246,1194,1296,1786
5642500,478.1,322.275,452.5,323.25,519,1160,251,1199,1297,1788
5642502,478.66,321.825,452.34,323.475,524,1155,249,1201,1300,1789
5642504,478.34,322.65,451.62,322.95,522,1164,241,1197,1297,1787
5642506,478.9,323.1,452.1,323.55,528,1168,247,1202,1300,1786
5642508,478.74,322.95,452.42,323.175,526,1166,250,1198,1300,1789
5642510,479.14,322.125,452.02,323.175,529,1158,245,1198,1299,1792
5642512,478.34,323.25,452.34,323.85,522,1170,249,1205,1296,1785
5642514,478.98,322.95,452.5,324.15,528,1166,251,1208,1301,1788
5642516,479.14,322.35,452.5,323.55,529,1159,251,1201,1298,1785
5642518,478.98,322.875,452.18,323.4,528,1166,247,1200,1301,1786
5642520,479.06,323.4,452.66,323.55,529,1171,252,1201,1302,1787
5642522,478.9,322.275,452.34,323.475,526,1159,249,1201,1300,1788
5642524,478.98,323.7,452.26,323.325,529,1174,247,1199,1303,1786
5642526,479.14,323.175,452.26,323.775,530,1168,248,1204,1302,1787
5642528,479.38,323.025,452.34,323.85,532,1166,249,1204,1301,1788
5642530,479.22,323.7,452.74,323.55,531,1174,253,1200,1304,1789
5642532,479.54,323.625,452.66,323.1,534,1172,251,1196,1306,1792
5642534,479.22,322.275,452.82,322.725,530,1158,253,1191,1302,1791
5642536,478.82,322.95,452.34,322.425,526,1166,247,1188,1302,1792
5642538,479.06,323.1,452.74,322.35,528,1167,251,1187,1305,1791
5642540,479.54,321.525,452.74,321.525,532,1149,250,1178,1303,1788
5642542,479.22,321.3,452.1,321.075,528,1147,243,1174,1304,1791
5642544,479.38,321.975,452.34,321.075,531,1154,246,1173,1307,1790
5642546,479.54,321.075,452.58,321.3,531,1144,249,1175,1301,1792
5642548,479.54,320.55,452.5,320.4,530,1138,246,1166,1302,1792
5642550,479.7,320.625,452.1,319.575,533,1139,241,1157,1307,1788
5642552,479.3,320.25,452.5,320.625,528,1135,247,1168,1304,1788
5642554,479.22,319.725,452.42,320.55,527,1130,246,1167,1305,1796
5642556,479.78,319.65,452.66,320.7,532,1128,249,1169,1302,1791
5642558,479.22,319.8,452.34,321.6,527,1130,247,1179,1305,1792
5642560,479.3,320.625,452.58,321.6,529,1138,249,1178,1303,1792
5642562,479.86,319.95,452.82,321.375,534,1131,252,1175,1302,1793
5642564,479.38,321.225,452.74,322.05,531,1145,251,1183,1307,1796
5642566,479.38,321.375,453.14,321.45,530,1147,255,1176,1304,1797
5642568,479.78,321.375,452.58,322.575,535,1146,250,1189,1303,1795
5642570,479.62,322.5,453.06,323.7,535,1159,256,1200,1309,1794
5642572,479.86,322.5,452.82,323.775,537,1158,254,1202,1307,1796
5642574,479.94,323.55,453.62,323.775,539,1170,263,1200,1305,1795
5642576,480.02,323.475,453.06,324.075,540,1169,257,1204,1306,1795
5642578,479.78,323.775,453.54,324.375,538,1173,263,1207,1307,1797
5642580,479.94,324.3,453.54,324.825,540,1178,263,1212,1310,1796
5642582,479.54,325.575,453.14,325.2,537,1193,260,1217,1309,1797
5642584,479.86,325.35,454.02,325.65,541,1190,269,1221,1312,1796
5642586,479.78,326.325,453.46,326.25,541,1201,264,1228,1311,1798
5642588,479.86,325.125,454.1,326.1,541,1188,270,1226,1309,1798
5642590,479.86,326.475,454.02,325.725,542,1203,270,1223,1312,1799
5642592,479.86,325.95,453.62,325.95,542,1198,266,1226,1315,1796
5642594,479.7,325.875,453.78,325.125,539,1197,267,1217,1312,1799
5642596,479.7,327.075,454.1,326.025,541,1211,270,1227,1314,1799
5642598,479.78,325.2,453.86,325.725,540,1190,268,1224,1312,1799
5642600,480.1,325.2,453.7,325.575,543,1190,266,1222,1312,1798
5642602,480.18,326.1,453.94,325.575,545,1200,268,1222,1314,1801
5642604,480.1,324.15,453.54,324.975,542,1179,264,1217,1310,1798
5642606,480.1,324.3,453.62,324.225,542,1181,264,1208,1311,1804
5642608,479.94,324.375,454.02,323.925,540,1182,267,1206,1313,1804
5642610,479.94,323.85,453.62,324.225,539,1177,263,1209,1306,1802
5642612,480.1,324.075,453.38,324.525,541,1179,261,1213,1310,1806
5642614,479.94,323.25,453.78,323.775,539,1171,265,1205,1308,1802
5642616,479.38,322.65,453.22,323.925,533,1164,259,1207,1306,1806
5642618,479.22,322.65,453.38,323.625,531,1165,260,1203,1305,1809
5642620,479.62,321.375,453.38,323.25,534,1150,260,1199,1311,1808
5642622,478.9,322.275,452.98,323.475,527,1161,256,1201,1309,1807
5642624,478.82,322.5,453.14,322.95,526,1163,257,1195,1314,1808
5642626,479.86,321.225,452.66,322.35,535,1148,251,1190,1311,1811
5642628,479.22,321.3,452.58,323.175,528,1148,250,1198,1312,1805
5642630,478.1,320.85,452.66,322.95,516,1145,251,1195,1307,1810
5642632,478.66,321.3,452.02,322.8,522,1148,244,1193,1311,1808
5642634,478.98,321.375,451.7,323.7,525,1148,241,1203,1314,1813
5642636,478.66,320.925,452.66,322.575,521,1143,250,1189,1308,1810
5642638,478.9,321.525,452.5,321.9,524,1149,247,1181,1311,1814
5642640,478.42,321.75,452.02,322.95,519,1151,243,1192,1313,1814
5642642,478.42,320.925,452.66,322.8,518,1142,249,1190,1310,1812
5642644,478.26,320.625,452.34,322.875,516,1138,245,1190,1308,1815
5642646,478.02,321.15,452.02,322.65,514,1143,242,1188,1311,1810
5642648,477.94,320.55,452.26,323.775,512,1136,245,1198,1310,1814
5642650,478.26,321.15,452.26,322.65,516,1142,244,1186,1309,1813
5642652,478.26,321.75,452.42,324,515,1147,246,1200,1312,1816
5642654,477.62,321.825,451.7,323.25,509,1148,238,1192,1314,1817
5642656,478.18,321.825,452.66,323.7,514,1147,248,1195,1311,1818
5642658,477.94,322.275,452.42,324.15,512,1152,246,1200,1315,1815
5642660,477.54,322.05,452.18,323.925,507,1149,243,1197,1317,1817
5642662,477.54,321.6,452.18,324.075,507,1144,243,1198,1313,1815
5642664,477.38,323.175,452.58,324.15,506,1160,247,1197,1316,1818
5642666,477.38,322.35,451.86,324.75,505,1151,240,1204,1315,1819
5642668,477.62,322.275,452.58,324.675,507,1149,246,1202,1309,1820
5642670,478.1,323.4,451.94,324.45,513,1161,240,1200,1318,1820
5642672,477.86,323.625,452.34,325.425,511,1162,244,1210,1315,1821
5642674,477.7,323.25,452.26,325.575,509,1159,244,1211,1316,1820
5642676,477.14,324.15,451.78,326.025,503,1169,238,1216,1320,1819
5642678,477.38,322.65,452.26,325.425,504,1152,243,1209,1314,1824
5642680,477.46,324.375,451.62,326.025,506,1170,237,1216,1319,1821
5642682,477.78,324.075,452.26,325.725,509,1167,243,1212,1319,1825
5642684,477.62,325.05,452.34,325.95,508,1177,244,1214,1319,1826
5642686,477.7,324.225,452.42,325.8,508,1168,244,1213,1321,1825
5642688,478.02,324.45,452.18,325.35,512,1170,241,1207,1320,1823
5642690,477.7,323.925,452.26,326.175,508,1165,242,1216,1317,1827
5642692,478.18,324.15,452.42,326.1,513,1166,244,1216,1317,1827
5642694,478.5,324.075,452.18,326.1,516,1165,242,1216,1319,1823
5642696,477.94,323.175,452.74,325.95,510,1156,248,1213,1317,1830
5642698,478.5,324.375,452.42,326.25,516,1169,245,1217,1316,1828
5642700,478.82,323.475,452.98,326.4,520,1159,251,1218,1319,1825
5642702,478.34,323.625,453.06,326.025,515,1162,251,1214,1320,1830
5642704,479.14,324.6,453.46,326.1,524,1171,256,1215,1319,1827
5642706,479.22,324.525,453.06,326.55,525,1171,252,1220,1317,1828
5642708,478.98,325.125,453.54,326.25,524,1178,257,1217,1317,1832
5642710,479.38,325.275,453.78,325.8,528,1179,260,1212,1321,1831
5642712,479.7,325.2,454.1,326.625,532,1179,264,1222,1321,1831
5642714,479.46,325.275,453.78,326.325,529,1180,261,1218,1317,1834
5642716,479.54,325.8,453.86,326.775,531,1186,262,1224,1319,1829
5642718,479.46,325.725,454.58,326.625,530,1185,270,1222,1324,1829
5642720,479.22,327.15,454.18,326.85,529,1202,266,1226,1325,1830
5642722,479.94,326.175,454.42,327.15,536,1191,269,1228,1320,1831
5642724,480.34,325.95,454.5,327.225,541,1189,271,1230,1317,1833
5642726,479.78,327.225,454.58,327.15,536,1203,271,1229,1320,1836
5642728,480.02,326.475,454.74,327.225,539,1195,275,1230,1324,1834
5642730,479.54,326.4,454.66,327.075,534,1195,274,1229,1321,1834
5642732,479.94,327.45,455.3,326.55,540,1207,280,1224,1326,1837
5642734,480.02,327.15,454.9,326.625,541,1203,276,1225,1328,1836
5642736,479.3,326.4,454.66,327.075,533,1197,275,1230,1322,1837
5642738,479.54,326.55,454.58,326.775,536,1198,274,1227,1323,1840
5642740,479.54,326.55,454.9,327.15,536,1199,278,1232,1322,1835
5642742,479.62,327.225,454.9,327,538,1206,278,1230,1326,1839
5642744,479.54,326.7,454.5,327.375,538,1201,276,1236,1326,1843
5642746,479.14,326.925,454.58,326.85,534,1204,275,1230,1325,1839
5642748,479.62,326.55,454.5,327.15,540,1200,276,1234,1328,1840
5642750,479.62,325.725,454.9,326.325,538,1192,279,1224,1316,1842
5642752,479.62,325.95,454.34,326.85,540,1195,275,1231,1321,1842
5642754,479.62,325.725,454.74,326.85,539,1192,279,1231,1325,1844
5642756,479.3,326.55,454.58,326.55,538,1202,278,1229,1324,1843
5642758,479.62,326.55,454.58,326.1,541,1201,278,1223,1328,1843
5642760,479.06,326.625,454.58,327.3,536,1203,279,1236,1326,1839
5642762,479.06,325.725,454.66,326.7,535,1193,280,1230,1323,1838
5642764,479.3,326.55,454.98,326.25,539,1202,283,1225,1324,1847
5642766,479.3,326.475,455.06,326.025,539,1201,284,1222,1326,1845
5642768,478.58,326.1,454.58,326.1,531,1198,279,1224,1321,1843
5642770,478.9,326.325,454.02,326.025,535,1200,274,1224,1328,1845
5642772,478.42,325.95,454.02,326.4,530,1196,275,1227,1325,1848
5642774,478.66,326.55,454.1,326.25,533,1203,275,1226,1327,1848
5642776,478.5,326.925,454.42,326.1,533,1207,278,1224,1327,1849
5642778,478.02,325.35,454.82,326.175,526,1190,283,1224,1329,1848
5642780,478.26,325.8,454.58,325.875,530,1195,281,1221,1331,1851
5642782,479.14,324.375,454.9,325.65,537,1179,284,1218,1329,1847
5642784,477.86,324.825,454.66,325.425,525,1185,281,1216,1328,1851
5642786,478.26,323.85,454.42,325.8,528,1173,279,1220,1326,1848
5642788,477.94,324.825,454.66,325.575,525,1183,281,1217,1330,1851
5642790,478.02,323.025,454.5,325.05,524,1164,280,1212,1324,1850
5642792,477.7,324.9,454.34,325.35,523,1184,278,1214,1328,1849
5642794,478.02,324.3,454.42,325.125,526,1177,279,1211,1332,1852
5642796,477.86,323.025,454.02,325.5,523,1163,275,1216,1323,1852
5642798,477.62,324.075,453.94,325.35,521,1175,274,1215,1326,1856
5642800,477.7,322.725,453.7,325.725,521,1160,272,1218,1326,1857
5642802,477.3,323.775,454.1,325.5,518,1172,276,1215,1329,1857
5642804,477.22,324.375,454.34,325.65,518,1178,278,1216,1327,1856
5642806,476.98,324.6,454.02,325.95,515,1181,276,1220,1332,1857
5642808,476.66,324.525,453.62,326.775,511,1180,272,1229,1331,1853
5642810,476.74,324.3,453.78,326.25,512,1177,273,1223,1331,1860
5642812,476.98,325.275,453.78,326.4,516,1187,273,1224,1330,1862
5642814,476.42,324.975,454.02,325.8,510,1185,275,1217,1329,1860
5642816,476.9,325.2,453.7,326.475,515,1186,273,1225,1331,1858
5642818,477.14,325.125,453.78,326.7,517,1185,273,1228,1331,1858
5642820,476.5,324.975,453.14,326.775,510,1185,267,1229,1330,1858
5642822,476.42,325.875,453.54,327.225,510,1194,272,1233,1329,1858
5642824,476.42,326.25,453.62,327.15,511,1198,272,1232,1330,1860
5642826,476.1,326.475,453.54,327.075,507,1201,271,1232,1329,1861
5642828,476.58,324.825,454.02,327.225,511,1183,276,1233,1329,1862
5642830,476.34,326.475,453.94,327.3,510,1201,275,1234,1331,1866
5642832,476.42,325.8,453.78,327.375,510,1194,273,1235,1329,1863
5642834,476.74,326.1,453.7,327.375,514,1197,273,1235,1333,1864
5642836,476.66,325.95,454.18,326.925,512,1196,277,1231,1333,1864
5642838,476.1,325.5,453.86,327.45,506,1191,275,1236,1331,1868
5642840,477.22,326.4,453.62,327,519,1201,271,1232,1330,1865
5642842,476.58,326.025,454.26,327,512,1198,278,1232,1333,1867
5642844,477.7,327.45,454.34,327.075,524,1212,279,1234,1328,1869
5642846,476.98,326.4,454.42,327.225,516,1202,280,1235,1329,1867
5642848,477.54,326.7,454.5,326.925,523,1205,281,1232,1333,1869
5642850,477.22,326.775,454.1,327.075,519,1207,277,1235,1332,1869
5642852,477.46,326.7,454.34,327.225,522,1206,279,1236,1327,1869
5642854,477.06,326.775,453.7,327,517,1207,272,1235,1334,1870
5642856,477.62,326.85,454.1,326.7,523,1208,276,1231,1330,1868
5642858,476.98,326.55,454.5,326.625,516,1205,280,1231,1328,1872
5642860,477.54,327.3,454.18,326.625,522,1214,277,1231,1331,1870
5642862,477.46,327.45,454.1,326.625,522,1215,276,1232,1331,1872
5642864,476.9,326.7,454.02,326.925,515,1208,275,1235,1330,1872
5642866,477.14,326.85,454.02,326.85,518,1210,275,1235,1330,1873
5642868,477.62,327.075,453.7,327.15,523,1212,272,1239,1330,1871
5642870,476.82,326.325,454.74,326.625,514,1205,282,1232,1332,1873
5642872,477.06,326.775,454.18,326.775,517,1211,277,1235,1329,1873
5642874,476.82,326.7,454.5,326.7,514,1210,280,1234,1331,1875
5642876,476.66,326.775,454.26,326.85,512,1211,277,1236,1335,1872
5642878,476.98,326.7,454.02,326.925,516,1210,275,1237,1332,1872
5642880,476.66,326.25,453.94,327.15,512,1206,274,1241,1329,1877
5642882,476.82,327.3,454.26,327.45,515,1217,278,1243,1334,1874
5642884,477.22,327,454.18,327,518,1214,276,1240,1328,1874
5642886,476.26,325.95,453.94,326.925,507,1204,274,1239,1332,1877
5642888,476.58,326.475,453.94,326.775,511,1209,273,1237,1330,1877
5642890,477.06,326.775,453.78,326.775,516,1212,272,1238,1331,1873
5642892,476.5,325.65,454.1,326.625,509,1201,274,1236,1333,1879
5642894,476.5,325.8,453.94,326.625,509,1203,273,1236,1328,1877
5642896,476.74,326.625,454.1,326.7,512,1212,275,1237,1329,1877
5642898,476.26,325.575,453.54,326.325,506,1201,268,1233,1330,1882
5642900,475.86,325.05,454.02,326.925,502,1196,274,1240,1331,1879
5642902,475.7,325.65,453.14,326.325,501,1203,264,1234,1330,1883
5642904,475.62,325.125,453.38,326.25,499,1197,267,1234,1333,1881
5642906,476.1,324.6,453.46,325.8,504,1191,267,1228,1331,1880
5642908,475.78,324.525,453.46,325.575,500,1190,266,1227,1331,1881
5642910,476.1,324.225,453.38,325.875,503,1187,266,1229,1329,1884
5642912,475.54,323.85,454.1,325.2,497,1183,272,1221,1331,1880
5642914,475.62,324.3,453.38,325.725,497,1188,265,1228,1332,1882
5642916,476.18,323.475,453.7,325.575,502,1179,269,1225,1330,1883
5642918,475.46,323.1,453.54,325.5,494,1176,266,1225,1328,1882
5642920,475.94,323.175,452.98,325.125,500,1175,260,1221,1329,1883
5642922,475.62,322.8,453.46,325.2,496,1172,266,1221,1330,1882
5642924,475.78,322.275,453.46,325.05,496,1165,265,1220,1331,1882
5642926,475.38,323.55,452.74,324.825,493,1180,257,1218,1333,1886
5642928,475.54,323.1,453.54,325.275,494,1174,266,1222,1329,1882
5642930,475.54,321.75,453.46,325.05,493,1159,265,1219,1326,1882
5642932,475.46,323.4,453.3,325.2,494,1177,263,1220,1332,1884
5642934,476.02,322.65,453.46,325.2,499,1168,264,1220,1329,1881
5642936,476.02,322.35,453.3,325.5,498,1164,263,1223,1329,1884
5642938,475.46,321.825,453.3,324.9,492,1159,262,1217,1329,1883
5642940,476.02,322.275,453.62,325.425,498,1163,266,1221,1331,1884
5642942,476.1,321.225,453.78,325.425,498,1152,268,1221,1324,1881
5642944,475.94,321.375,454.26,325.725,496,1153,273,1223,1325,1883
5642946,475.7,323.625,453.22,325.125,495,1178,261,1218,1335,1885
5642948,476.02,322.575,453.94,325.2,498,1165,268,1217,1331,1886
5642950,476.18,322.725,454.42,325.65,499,1167,274,1222,1331,1884
5642952,476.02,322.575,453.7,325.5,498,1165,266,1221,1328,1884
5642954,476.82,322.2,454.18,325.8,506,1160,271,1223,1330,1883
5642956,476.34,322.35,454.42,325.875,500,1162,274,1223,1333,1883
5642958,476.34,322.725,454.34,325.125,501,1165,272,1215,1332,1884
5642960,476.5,322.125,454.34,325.5,502,1158,273,1219,1328,1884
5642962,476.5,323.325,454.82,325.5,504,1172,277,1218,1333,1884
5642964,476.9,322.8,454.34,325.35,506,1166,273,1217,1332,1881
5642966,476.66,322.8,454.26,325.725,505,1165,272,1221,1333,1887
5642968,476.1,322.8,454.66,325.575,498,1166,276,1220,1330,1883
5642970,476.82,323.625,454.42,325.875,507,1174,274,1223,1337,1887
5642972,476.58,323.475,454.74,325.275,504,1173,276,1216,1333,1885
5642974,476.74,323.25,454.34,325.95,506,1170,273,1224,1336,1884
5642976,477.06,322.725,454.5,325.8,509,1165,274,1222,1331,1883
5642978,476.66,323.55,454.5,325.95,505,1174,275,1224,1336,1883
5642980,476.9,323.175,454.34,325.875,507,1169,273,1223,1336,1884
5642982,476.82,322.575,454.66,325.8,506,1163,277,1222,1332,1884
5642984,476.98,322.65,454.5,325.5,507,1164,274,1219,1339,1882
5642986,476.5,323.7,454.02,325.5,504,1176,269,1220,1339,1882
5642988,476.74,323.25,454.9,325.425,505,1171,278,1219,1335,1884
5642990,476.82,323.4,454.58,325.65,507,1173,275,1221,1337,1884
5642992,476.58,323.1,455.38,325.35,504,1170,283,1217,1338,1888
5642994,477.3,322.05,454.58,325.8,510,1158,276,1223,1336,1885
5642996,477.06,323.175,454.74,325.575,509,1171,277,1220,1336,1886
5642998,477.14,322.05,454.58,325.65,509,1158,276,1222,1338,1885
5643000,477.06,323.175,455.06,325.65,509,1171,281,1222,1336,1887
5643002,476.98,323.625,454.66,325.5,509,1177,277,1220,1336,1886
5643004,476.58,323.1,454.9,325.95,504,1171,279,1226,1342,1888
5643006,476.9,323.325,454.98,325.2,508,1174,280,1218,1339,1885
5643008,477.38,323.025,454.74,325.35,513,1171,278,1220,1337,1886
5643010,476.98,323.775,454.82,325.5,509,1179,279,1222,1346,1888
5643012,476.5,323.25,454.74,325.8,504,1174,278,1226,1339,1885
5643014,477.06,322.8,454.74,325.5,510,1169,278,1222,1344,1884
5643016,476.9,322.875,455.14,325.05,509,1170,282,1218,1345,1888
5643018,476.82,323.175,454.74,325.05,508,1174,278,1218,1341,1888
5643020,476.9,323.1,454.66,325.275,509,1173,278,1221,1341,1884
5643022,476.5,322.05,454.42,325.35,503,1163,275,1222,1344,1888
5643024,476.02,322.875,455.22,324.75,500,1172,282,1215,1343,1888
5643026,476.5,321.675,454.26,324.825,503,1159,273,1217,1343,1883
5643028,476.66,322.125,454.74,325.2,505,1164,278,1220,1343,1888
5643030,476.34,322.275,454.66,324.825,502,1165,277,1216,1346,1890
5643032,475.86,323.175,454.42,325.575,499,1176,275,1225,1345,1886
5643034,475.78,322.275,453.86,324.525,497,1166,268,1214,1346,1884
5643036,475.62,322.2,454.1,324.9,495,1166,272,1219,1343,1889
5643038,475.62,322.5,454.02,324.3,495,1170,270,1212,1348,1885
5643040,474.9,321.75,453.54,324.375,487,1162,265,1213,1347,1885
5643042,475.94,321.3,454.1,324.075,497,1156,270,1209,1345,1887
5643044,474.98,321.675,453.94,324.45,488,1161,269,1214,1347,1887
5643046,474.98,321.3,454.42,324.15,487,1157,274,1211,1346,1886
5643048,475.06,321.975,453.7,324.15,488,1165,266,1211,1345,1889
5643050,474.58,321.075,453.86,324.15,483,1155,268,1211,1348,1887
5643052,474.18,320.325,453.86,323.925,477,1148,267,1209,1350,1888
5643054,474.34,320.1,453.94,323.85,479,1145,268,1208,1357,1890
5643056,473.7,320.025,453.54,323.475,472,1145,264,1204,1351,1889
5643058,473.22,318.975,453.86,323.4,466,1134,266,1203,1353,1889
5643060,473.86,318.675,453.62,323.625,471,1130,264,1206,1354,1885
5643062,473.7,319.35,453.46,323.55,470,1138,262,1205,1355,1888
5643064,473.22,319.35,453.46,323.625,465,1138,262,1205,1352,1887
5643066,473.54,319.2,453.62,323.25,468,1136,263,1201,1356,1886
5643068,473.14,319.125,453.54,323.625,463,1136,262,1206,1354,1886
5643070,473.7,318.375,453.78,323.325,469,1127,264,1202,1353,1890
5643072,473.62,319.95,453.94,323.4,469,1143,265,1203,1355,1887
5643074,473.3,319.5,453.3,323.025,465,1139,259,1199,1359,1888
5643076,473.46,319.275,453.7,323.175,466,1137,262,1200,1358,1892
5643078,473.46,320.025,453.54,323.4,467,1145,261,1202,1361,1892
5643080,473.38,319.05,453.86,323.025,465,1134,264,1198,1361,1889
5643082,473.86,319.95,453.3,323.475,471,1143,258,1203,1360,1890
5643084,474.02,319.2,453.86,323.7,471,1135,264,1206,1361,1889
5643086,473.54,318.975,453.46,323.475,466,1133,260,1203,1363,1891
5643088,473.22,319.65,453.78,323.475,463,1140,263,1202,1362,1892
5643090,473.46,320.175,453.62,323.4,466,1146,261,1202,1361,1888
5643092,473.14,319.875,453.62,323.7,462,1143,260,1205,1364,1893
5643094,474.26,320.025,453.78,323.475,474,1144,262,1203,1365,1890
5643096,474.5,319.425,453.94,323.7,475,1136,264,1205,1366,1891
5643098,473.62,319.65,454.02,323.4,467,1140,265,1202,1363,1890
5643100,473.86,319.95,453.7,323.7,469,1143,261,1205,1369,1892
5643102,473.3,320.325,454.26,323.475,464,1148,267,1203,1366,1891
5643104,473.54,320.1,454.18,323.625,465,1145,266,1204,1372,1893
5643106,473.94,319.8,453.94,323.55,469,1142,263,1203,1370,1890
5643108,474.18,320.1,454.18,323.55,472,1144,265,1204,1371,1894
5643110,474.02,320.475,454.34,323.625,471,1149,268,1204,1372,1889
5643112,473.94,320.1,454.26,323.925,470,1145,267,1208,1367,1889
5643114,474.1,320.775,454.26,323.7,472,1152,267,1205,1370,1892
5643116,473.86,320.55,454.82,323.7,470,1150,273,1205,1372,1890
5643118,474.74,321.075,454.02,323.85,480,1155,264,1207,1375,1894
5643120,474.58,320.475,454.58,323.85,477,1149,271,1207,1371,1891
5643122,474.1,320.625,454.82,323.925,472,1151,273,1207,1377,1891
5643124,474.26,321.225,454.82,324.3,475,1158,274,1212,1376,1892
5643126,474.26,320.475,454.42,323.85,475,1149,270,1207,1373,1896
5643128,473.94,320.7,455.22,324.375,472,1152,279,1212,1376,1894
5643130,474.66,321,454.5,323.925,480,1155,271,1208,1375,1899
5643132,474.1,320.925,455.14,324.225,475,1155,278,1211,1377,1894
5643134,474.1,321.225,455.06,323.925,475,1158,278,1208,1380,1894
5643136,474.18,321.375,454.42,324.225,477,1160,272,1212,1379,1896
5643138,473.86,321.3,454.74,324.225,473,1160,275,1212,1378,1895
5643140,474.18,320.55,454.66,324.75,477,1152,275,1218,1375,1893
5643142,474.02,321.375,454.82,324.225,475,1160,277,1212,1382,1894
5643144,474.02,321.15,454.9,324.45,476,1158,278,1214,1378,1895
5643146,474.18,321,454.74,325.2,477,1157,277,1223,1378,1893
5643148,474.34,321.45,454.5,324.45,480,1161,275,1215,1380,1890
5643150,474.42,321.075,454.66,324.225,480,1157,277,1212,1378,1895
5643152,473.94,321.525,454.58,324.9,476,1163,277,1220,1382,1893
5643154,474.02,320.625,454.98,324.525,477,1153,280,1216,1377,1893
5643156,474.02,322.05,455.06,324.45,478,1169,281,1215,1381,1897
5643158,474.1,322.125,454.98,324.3,479,1169,281,1213,1379,1898
5643160,474.02,321.6,455.38,324.675,478,1164,286,1218,1381,1895
5643162,473.94,322.35,455.06,324.6,479,1172,282,1217,1382,1896
5643164,474.02,321.975,454.82,324.9,479,1168,280,1220,1378,1900
5643166,473.78,322.05,454.9,324.45,477,1169,281,1215,1383,1902
5643168,474.1,321.6,454.9,324.525,480,1164,281,1217,1383,1903
5643170,474.02,322.05,454.58,325.05,479,1169,279,1223,1381,1902
5643172,473.94,321.75,454.82,324.3,479,1166,281,1215,1384,1906
5643174,473.78,322.125,454.74,324.6,477,1171,279,1218,1384,1905
5643176,473.78,321.75,454.74,324.6,478,1166,281,1219,1382,1900
5643178,473.78,321.675,455.06,324.525,478,1166,284,1217,1384,1905
5643180,473.54,321.825,454.98,324.975,475,1168,284,1222,1383,1903
5643182,473.54,321.6,455.06,324.525,475,1166,284,1217,1384,1904
5643184,473.86,321.75,454.82,324.3,479,1167,282,1215,1384,1906
5643186,473.94,321.225,454.26,324.225,480,1161,276,1215,1384,1907
5643188,473.86,321.6,454.58,324.15,479,1166,279,1214,1382,1907
5643190,473.38,321.525,454.26,323.925,474,1165,276,1212,1387,1907
5643192,473.46,321.225,454.26,324.225,475,1162,276,1215,1386,1907
5643194,473.3,321.6,454.74,323.925,474,1167,280,1211,1386,1907
5643196,473.38,321.375,454.58,324.525,475,1164,280,1218,1386,1907
5643198,472.98,321.525,453.94,324.3,470,1166,273,1216,1389,1907
5643200,473.14,321,454.26,323.85,472,1160,276,1211,1386,1909
5643202,473.3,321.225,454.58,323.775,473,1163,279,1210,1387,1911
5643204,473.06,321.075,454.1,323.7,471,1161,275,1210,1389,1910
5643206,473.14,320.625,454.74,323.925,471,1156,281,1212,1387,1910
5643208,473.7,320.025,453.94,324.225,476,1149,273,1216,1388,1912
5643210,473.22,320.925,454.02,324.15,472,1159,274,1215,1386,1910
5643212,472.98,321.6,453.94,323.925,470,1166,272,1213,1389,1910
5643214,473.14,321.15,454.18,324.6,471,1161,276,1219,1389,1913
5643216,472.9,321.375,454.34,324.3,469,1164,277,1216,1386,1913
5643218,472.82,321,453.86,324.525,468,1160,272,1219,1387,1912
5643220,472.82,321.675,453.78,324.975,468,1167,271,1224,1390,1915
5643222,472.58,321.525,453.78,324.525,465,1166,271,1219,1390,1910
5643224,472.5,321.15,454.34,324.375,464,1162,276,1217,1391,1914
5643226,472.58,321.9,454.02,325.05,466,1170,274,1224,1392,1919
5643228,473.06,321.075,454.18,324.45,469,1161,275,1218,1385,1915
5643230,472.42,321.975,454.74,325.2,463,1171,281,1225,1393,1917
5643232,472.42,321.75,454.34,325.05,463,1168,277,1224,1394,1917
5643234,472.66,321.45,454.18,324.825,465,1165,275,1222,1390,1914
5643236,472.42,321.75,454.18,324.825,463,1168,275,1222,1392,1914
5643238,472.42,322.2,454.18,324.825,464,1174,275,1222,1394,1918
5643240,472.66,322.05,454.5,324.75,466,1172,277,1221,1393,1918
5643242,472.74,321.375,454.18,325.05,465,1164,274,1224,1392,1922
5643244,472.42,322.35,454.58,324.525,463,1176,277,1218,1395,1919
5643246,472.66,321.6,453.7,324.9,464,1167,268,1223,1393,1920
5643248,472.58,321.975,454.02,324.9,463,1171,271,1223,1396,1918
5643250,472.26,321.225,454.5,324.225,459,1163,276,1216,1397,1920
5643252,472.74,321.45,454.18,324.675,465,1166,273,1221,1393,1919
5643254,472.82,321.525,454.5,324.45,466,1166,276,1218,1395,1925
5643256,472.5,321.825,454.34,324.675,462,1170,275,1221,1395,1922
5643258,472.5,320.7,454.9,324.075,461,1158,280,1213,1396,1925
5643260,472.34,321.45,454.74,324.675,460,1167,279,1221,1396,1925
5643262,472.26,321.675,454.42,324.45,460,1169,275,1218,1395,1923
5643264,472.9,321.375,454.42,324.675,466,1165,274,1221,1395,1923
5643266,472.26,322.125,454.42,324.45,460,1174,274,1219,1397,1931
5643268,472.42,322.5,454.42,324.675,462,1178,275,1221,1399,1930
5643270,472.58,322.275,454.58,325.05,463,1176,277,1225,1398,1928
5643272,472.42,321.975,454.9,325.05,461,1172,280,1225,1396,1926
5643274,472.5,322.125,454.82,324.75,462,1174,279,1221,1400,1928
5643276,472.42,322.125,455.14,324.75,461,1174,282,1222,1397,1931
5643278,472.9,322.425,455.22,325.05,466,1177,283,1225,1399,1931
5643280,472.66,322.5,455.3,325.5,463,1178,283,1229,1397,1931
5643282,472.66,322.725,455.3,325.425,463,1181,283,1228,1398,1931
5643284,472.66,323.025,455.54,325.65,463,1184,286,1231,1400,1933
5643286,472.9,322.05,455.94,325.125,465,1173,290,1225,1396,1932
5643288,472.9,322.125,455.7,324.975,465,1174,287,1223,1395,1933
5643290,473.06,321.675,455.86,325.5,466,1169,289,1229,1396,1937
5643292,473.22,321.6,455.62,325.425,468,1168,287,1228,1399,1935
5643294,473.3,321.525,455.94,325.35,468,1167,290,1227,1398,1938
5643296,472.98,321.75,455.94,325.725,465,1170,290,1231,1398,1936
5643298,473.38,321.525,455.7,325.125,469,1167,287,1225,1400,1936
5643300,473.14,321.75,455.54,324.6,467,1170,285,1220,1402,1933
5643302,472.82,321.3,455.62,324.975,463,1166,286,1224,1406,1939
5643304,472.98,320.4,455.14,324.3,464,1155,281,1217,1402,1934
5643306,473.38,321.15,456.1,323.7,468,1164,290,1209,1401,1938
5643308,473.54,320.4,455.78,324.3,469,1155,287,1216,1404,1935
5643310,473.46,320.775,455.54,323.55,470,1159,284,1209,1402,1937
5643312,473.7,318.75,455.38,323.25,470,1137,282,1206,1400,1941
5643314,473.7,319.425,456.34,323.85,471,1144,292,1211,1401,1938
5643316,472.98,319.725,455.7,323.25,464,1149,285,1205,1403,1936
5643318,473.94,319.2,455.94,323.175,473,1142,288,1204,1404,1945
5643320,473.54,319.65,456.1,323.775,469,1147,290,1211,1401,1941
5643322,473.7,319.5,456.34,324.15,471,1145,293,1215,1405,1942
5643324,473.94,319.875,456.82,323.925,474,1149,298,1211,1404,1943
5643326,474.18,319.575,456.34,324.525,477,1146,294,1219,1405,1942
5643328,473.7,320.55,456.74,324.975,473,1157,299,1223,1405,1942
5643330,473.7,320.325,456.5,324.525,472,1155,296,1219,1402,1944
5643332,473.14,320.775,457.06,325.2,468,1160,303,1225,1402,1947
5643334,473.7,321,456.58,325.575,474,1162,298,1230,1399,1942
5643336,473.94,321.525,456.82,325.5,477,1168,302,1230,1401,1944
5643338,473.3,321.825,456.58,325.8,470,1171,299,1233,1397,1946
5643340,473.3,321.525,456.58,326.325,471,1169,300,1238,1405,1954
5643342,473.3,321.9,456.66,326.85,471,1173,301,1244,1403,1953
5643344,473.22,322.65,457.14,325.95,471,1181,306,1234,1403,1950
5643346,472.98,321.9,456.82,326.4,468,1174,303,1240,1400,1948
5643348,473.06,322.575,457.06,326.55,470,1182,306,1242,1400,1955
5643350,472.66,322.875,456.9,326.4,466,1185,304,1240,1400,1953
5643352,473.14,322.425,457.3,326.25,471,1180,309,1239,1400,1955
5643354,472.82,322.275,457.06,326.7,467,1179,307,1244,1398,1955
5643356,473.22,322.875,457.3,326.55,473,1186,309,1242,1401,1955
5643358,473.06,322.35,456.9,326.7,471,1180,305,1244,1402,1952
5643360,472.9,322.35,457.3,326.7,469,1181,309,1245,1401,1953
5643362,472.9,322.95,457.22,326.175,469,1187,308,1239,1403,1953
5643364,472.66,323.025,456.98,326.4,467,1188,306,1242,1404,1953
5643366,472.42,322.725,457.46,325.875,464,1186,311,1236,1401,1955
5643368,472.98,322.425,457.14,326.025,470,1182,307,1238,1403,1953
5643370,472.9,322.35,457.38,325.95,469,1182,309,1237,1401,1955
5643372,472.58,322.275,457.3,325.875,465,1181,309,1236,1402,1952
5643374,472.74,321.975,457.3,325.725,467,1178,308,1235,1404,1955
5643376,472.66,321.375,456.9,326.625,465,1171,305,1245,1401,1955
5643378,472.5,321.975,456.98,325.5,464,1178,305,1233,1403,1957
5643380,472.18,321.825,457.54,325.65,460,1176,310,1234,1406,1952
5643382,472.5,321.675,456.98,325.5,463,1175,304,1232,1402,1950
5643384,472.02,321,456.9,324.9,457,1167,302,1226,1402,1946
5643386,472.5,320.7,456.82,324.975,462,1164,301,1227,1403,1949
5643388,472.18,321.45,457.06,325.05,459,1171,304,1227,1402,1952
5643390,472.02,321.525,456.66,325.05,457,1173,299,1227,1404,1948
5643392,471.86,321.075,456.66,324.975,454,1168,299,1225,1406,1948
5643394,472.1,320.7,456.66,325.2,457,1163,299,1228,1402,1950
5643396,472.02,321,456.9,324.975,456,1165,301,1225,1403,1951
5643398,471.86,320.1,456.58,324.9,453,1156,298,1224,1403,1946
5643400,472.26,320.7,457.06,324.6,457,1161,301,1220,1403,1950
5643402,472.26,320.325,456.74,324.225,457,1157,297,1216,1405,1949
5643404,472.02,320.325,456.74,324.3,453,1156,297,1216,1403,1947
5643406,471.7,320.85,456.9,324.75,451,1162,299,1221,1406,1945
5643408,472.02,320.625,456.5,323.925,453,1159,293,1211,1402,1944
5643410,472.42,320.4,456.42,324.45,457,1156,293,1217,1405,1947
5643412,471.94,321.075,456.42,325.2,452,1163,293,1224,1404,1944
5643414,472.1,320.4,456.18,324.75,453,1155,290,1220,1405,1942
5643416,471.94,320.925,456.18,324.825,452,1160,291,1220,1405,1940
5643418,472.18,320.85,456.18,324.825,455,1159,291,1220,1404,1943
5643420,472.02,320.775,456.42,324.825,452,1158,292,1219,1403,1943
5643422,472.1,321,456.82,324.225,453,1160,296,1212,1405,1945
5643424,472.02,321.9,456.66,325.425,452,1169,295,1224,1405,1945
5643426,472.1,321.075,456.58,325.2,453,1161,294,1221,1403,1945
5643428,472.1,321.45,456.42,325.95,453,1164,292,1230,1407,1942
5643430,472.42,321.075,456.18,325.2,456,1159,289,1222,1403,1940
5643432,471.78,321.225,456.5,325.275,448,1161,292,1222,1405,1940
5643434,472.18,321.075,456.18,326.175,452,1159,289,1232,1405,1942
5643436,472.1,321.3,456.02,325.35,451,1161,287,1222,1407,1937
5643438,471.46,320.925,456.5,325.5,444,1158,291,1224,1406,1939
5643440,472.18,321.375,456.5,325.5,451,1162,291,1223,1406,1940
5643442,472.1,321.9,456.18,325.65,451,1167,288,1225,1406,1937
5643444,472.18,321.975,456.34,325.95,451,1168,289,1228,1406,1939
5643446,471.62,321.825,456.34,325.275,446,1167,289,1220,1407,1937
5643448,472.1,321.675,456.26,325.875,450,1165,288,1227,1405,1935
5643450,471.86,321.6,456.34,326.1,447,1164,289,1229,1409,1935
5643452,472.18,321.15,456.5,325.875,450,1159,290,1227,1404,1935
5643454,472.1,320.85,456.5,325.35,449,1155,290,1221,1405,1937
5643456,472.58,321.9,457.3,325.5,455,1167,298,1222,1404,1938
5643458,472.66,321.9,457.14,325.875,456,1167,297,1226,1406,1937
5643460,472.26,321.45,457.14,325.725,451,1162,297,1225,1406,1934
5643462,472.58,321.375,457.22,325.8,454,1161,297,1225,1404,1931
5643464,472.82,322.35,457.7,325.725,458,1171,302,1224,1404,1928
5643466,472.58,322.275,457.86,325.725,455,1171,304,1224,1408,1932
5643468,472.82,322.05,457.94,325.125,458,1168,304,1218,1409,1929
5643470,472.9,322.125,458.34,325.575,459,1169,309,1222,1403,1929
5643472,472.74,322.575,458.34,325.875,458,1175,310,1226,1405,1930
5643474,472.74,322.575,457.94,325.2,458,1174,305,1219,1405,1927
5643476,473.14,322.05,458.34,326.775,462,1169,311,1236,1408,1925
5643478,473.38,323.1,458.1,326.625,466,1180,308,1235,1406,1923
5643480,473.14,323.55,458.66,326.25,464,1186,315,1231,1406,1926
5643482,473.22,323.1,458.98,326.775,464,1181,319,1236,1404,1927
5643484,473.22,323.7,458.34,327,466,1188,312,1240,1407,1924
5643486,473.22,323.55,458.98,326.4,466,1187,319,1232,1403,1924
5643488,473.38,323.55,459.14,327.075,468,1187,322,1241,1403,1924
5643490,473.3,323.475,458.82,326.625,467,1186,318,1236,1403,1920
5643492,473.54,323.475,458.66,327,470,1186,318,1241,1402,1922
5643494,473.3,323.625,458.74,327.15,468,1188,318,1242,1403,1921
5643496,473.22,323.4,458.82,327.75,468,1187,321,1249,1401,1917
5643498,472.82,324.15,458.82,327.9,464,1196,321,1251,1403,1921
5643500,473.38,323.475,458.82,327.75,471,1188,322,1250,1403,1922
5643502,473.62,323.1,459.38,326.925,472,1184,327,1240,1405,1920
5643504,472.9,323.55,458.9,327.9,466,1190,324,1252,1404,1918
5643506,473.38,323.475,458.98,326.325,472,1189,323,1236,1404,1918
5643508,473.38,323.7,459.38,327.525,473,1192,329,1248,1405,1921
5643510,473.22,322.875,458.9,327.45,470,1184,324,1248,1401,1915
5643512,472.98,323.475,459.22,327.6,469,1191,329,1250,1403,1919
5643514,473.46,323.775,458.66,327.675,474,1194,323,1252,1406,1914
5643516,472.9,323.4,458.98,326.85,469,1190,326,1243,1402,1916
5643518,473.14,323.4,459.62,327.525,472,1191,334,1249,1401,1915
5643520,473.06,323.625,459.06,326.625,472,1194,328,1241,1405,1911
5643522,473.46,323.025,458.82,327,476,1186,326,1245,1406,1910
5643524,473.22,323.025,459.46,326.775,474,1187,333,1243,1403,1911
5643526,473.14,322.875,459.14,326.4,473,1186,330,1238,1404,1914
5643528,472.98,322.725,459.3,325.5,472,1185,331,1229,1403,1908
5643530,473.06,322.275,459.38,325.65,472,1179,332,1231,1405,1910
5643532,473.38,322.8,459.46,326.4,477,1185,334,1239,1402,1908
5643534,472.98,322.725,459.86,325.05,472,1185,337,1224,1403,1908
5643536,473.22,322.8,459.78,325.2,476,1186,338,1226,1405,1903
5643538,473.22,322.05,459.3,325.35,475,1177,333,1228,1404,1906
5643540,472.82,322.725,459.06,325.275,472,1186,331,1228,1405,1903
5643542,472.58,322.5,459.06,325.575,469,1183,330,1231,1401,1904
5643544,472.82,322.125,459.62,324.975,472,1179,336,1224,1407,1904
5643546,472.5,321.3,459.14,325.125,467,1170,332,1226,1405,1902
5643548,473.14,321.75,458.82,324.225,475,1174,327,1216,1403,1904
5643550,472.42,322.05,459.3,324.525,468,1178,333,1218,1404,1906
5643552,472.42,321.6,459.06,325.425,467,1173,331,1228,1404,1901
5643554,472.58,321.825,458.82,324.45,469,1175,328,1218,1406,1899
5643556,472.18,321.375,458.74,325.275,465,1170,327,1227,1409,1897
5643558,472.1,321.3,458.66,325.275,464,1170,327,1227,1405,1900
5643560,472.74,320.625,458.58,324.825,470,1161,326,1222,1402,1903
5643562,472.5,321.225,458.9,324.75,469,1168,329,1221,1405,1899
5643564,472.18,321.825,458.74,325.8,466,1174,328,1232,1402,1898
5643566,472.26,322.5,458.1,325.725,467,1181,321,1232,1404,1897
5643568,472.02,321.75,458.34,325.65,463,1174,324,1230,1406,1895
5643570,472.02,320.925,457.62,325.875,463,1164,317,1234,1404,1899
5643572,472.18,322.575,458.02,326.025,466,1182,321,1234,1405,1897
5643574,472.02,322.275,457.94,325.8,463,1179,320,1232,1404,1899
5643576,472.1,322.125,458.18,325.875,464,1176,322,1232,1405,1897
5643578,471.7,322.05,457.86,325.5,460,1176,318,1229,1404,1897
5643580,471.78,321.3,458.02,325.8,459,1169,319,1231,1404,1896
5643582,471.38,322.05,457.94,326.25,456,1176,319,1237,1406,1896
5643584,471.78,321.375,457.94,325.575,459,1168,319,1229,1404,1894
5643586,471.62,321.825,458.18,325.875,458,1174,321,1232,1401,1895
5643588,471.78,322.125,458.34,326.175,460,1177,323,1235,1404,1895
5643590,471.86,322.35,457.86,325.725,461,1179,317,1231,1405,1895
5643592,471.62,322.875,457.7,325.8,459,1185,316,1232,1405,1896
5643594,471.78,322.65,458.18,326.1,461,1183,321,1234,1404,1894
5643596,471.7,322.35,458.1,325.575,460,1180,320,1229,1405,1895
5643598,471.86,322.95,457.78,325.95,462,1186,317,1234,1403,1896
5643600,471.46,322.275,458.02,325.95,457,1180,319,1234,1403,1895
5643602,472.02,322.2,458.1,325.8,463,1178,321,1232,1406,1892
5643604,471.78,322.35,457.86,326.25,461,1180,318,1238,1403,1891
5643606,471.54,322.65,458.66,326.325,458,1184,327,1237,1402,1893
5643608,471.94,322.8,458.1,325.875,462,1186,320,1234,1403,1893
5643610,472.26,323.025,458.34,325.8,466,1188,322,1233,1401,1892
5643612,471.78,323.025,458.5,325.875,461,1189,324,1233,1402,1892
5643614,472.02,323.025,458.9,325.875,463,1188,328,1233,1402,1892
5643616,472.1,323.25,458.9,326.4,464,1191,329,1239,1400,1891
5643618,471.7,323.625,459.06,326.4,461,1196,331,1239,1403,1890
5643620,472.02,323.7,458.82,326.175,464,1197,328,1237,1401,1893
5643622,471.7,324,458.98,326.25,461,1200,330,1238,1403,1889
5643624,471.94,323.25,458.42,326.1,464,1192,324,1237,1403,1892
5643626,471.86,323.925,458.74,325.875,463,1200,327,1234,1405,1890
5643628,471.62,324,459.06,325.95,461,1201,331,1236,1402,1891
5643630,472.02,323.625,458.9,326.025,465,1196,329,1236,1403,1890
5643632,471.94,323.85,459.22,326.025,464,1199,333,1236,1403,1888
5643634,472.34,323.025,458.58,325.725,468,1190,326,1234,1402,1891
5643636,471.7,322.875,459.3,325.95,461,1189,333,1236,1402,1888
5643638,471.86,323.25,459.06,326.1,462,1193,331,1238,1401,1890
5643640,471.86,322.95,459.3,326.4,462,1190,334,1241,1404,1889
5643642,472.1,323.025,459.3,326.475,465,1191,334,1241,1402,1892
5643644,471.62,323.325,459.22,326.325,460,1194,333,1240,1404,1887
5643646,471.62,323.55,459.06,325.95,460,1197,331,1236,1406,1890
5643648,471.94,323.175,459.54,326.25,463,1192,336,1239,1404,1889
5643650,471.7,322.875,459.46,326.25,461,1190,335,1239,1402,1887
5643652,472.5,323.025,458.98,325.8,470,1191,331,1235,1400,1889
5643654,472.02,323.55,459.06,325.875,465,1197,331,1236,1405,1889
5643656,471.62,323.625,458.98,326.4,461,1198,331,1242,1401,1891
5643658,472.1,323.775,458.66,325.8,466,1199,327,1236,1405,1890
5643660,472.18,323.1,459.54,326.4,466,1192,337,1241,1403,1889
5643662,471.7,323.925,459.06,326.325,462,1201,331,1241,1405,1890
5643664,471.94,323.4,459.46,326.025,464,1195,335,1237,1406,1887
5643666,472.5,323.475,459.38,325.875,469,1196,334,1235,1402,1889
5643668,472.02,322.95,459.06,326.25,464,1191,331,1240,1402,1890
5643670,471.86,322.5,459.06,325.875,462,1185,331,1236,1408,1889
5643672,471.86,322.65,459.06,326.325,462,1187,332,1240,1403,1888
5643674,471.78,322.05,458.74,325.8,461,1181,327,1235,1405,1892
5643676,471.94,322.575,458.98,325.5,462,1186,329,1232,1404,1889
5643678,472.02,322.05,459.06,325.8,463,1180,331,1235,1404,1890
5643680,471.94,322.575,458.82,325.725,463,1186,328,1234,1405,1890
5643682,471.78,321.9,458.5,325.5,460,1179,325,1232,1407,1889
5643684,471.62,322.5,458.5,325.8,459,1185,325,1234,1407,1892
5643686,471.7,321.675,458.74,325.5,459,1176,327,1231,1408,1890
5643688,471.54,322.05,458.42,325.5,457,1180,324,1232,1405,1892
5643690,471.62,321.675,458.42,325.5,458,1176,323,1231,1408,1894
5643692,471.62,321.975,458.82,325.2,458,1179,327,1227,1407,1891
5643694,471.62,321.6,458.9,325.35,457,1174,327,1229,1405,1889
5643696,471.94,321.375,458.98,325.725,460,1171,328,1232,1406,1890
5643698,472.02,321.6,458.34,325.125,461,1173,321,1226,1409,1892
5643700,471.7,321.525,458.58,325.275,457,1173,323,1227,1409,1891
5643702,471.62,322.125,458.82,325.575,457,1179,326,1230,1405,1889
5643704,471.54,321.9,458.74,324.9,456,1176,324,1223,1410,1889
5643706,471.78,321.75,459.14,324.975,458,1174,328,1223,1407,1889
5643708,471.94,321.525,459.22,325.5,459,1172,330,1228,1406,1889
5643710,471.94,321.675,458.9,325.125,460,1173,326,1224,1409,1889
5643712,472.02,321.6,459.06,325.35,460,1171,327,1226,1406,1887
5643714,472.1,321.825,458.98,325.65,461,1174,327,1230,1405,1892
5643716,472.1,321.75,458.9,325.2,461,1173,325,1224,1409,1891
5643718,472.26,322.05,459.06,325.65,462,1176,328,1229,1405,1889
5643720,472.02,321.975,459.14,325.725,460,1175,328,1230,1408,1890
5643722,472.26,321.9,459.22,325.65,463,1174,329,1229,1410,1893
5643724,472.18,321.75,459.22,325.8,461,1173,329,1230,1409,1891
5643726,472.02,322.275,459.54,325.575,460,1178,332,1227,1407,1890
5643728,471.62,321.9,459.38,325.275,455,1174,330,1224,1412,1891
5643730,471.86,321.3,459.46,325.2,457,1168,330,1223,1407,1890
5643732,472.1,322.125,459.38,325.275,461,1176,330,1224,1409,1893
5643734,471.94,321.075,459.14,325.65,458,1165,328,1228,1410,1892
5643736,471.94,321.675,459.54,325.425,459,1171,332,1226,1411,1890
5643738,471.94,321.75,459.46,325.575,458,1172,331,1227,1409,1892
5643740,471.78,321.525,459.62,326.175,456,1170,333,1233,1410,1890
5643742,472.18,322.125,459.46,325.2,462,1176,330,1223,1413,1894
5643744,472.34,322.05,459.38,325.65,463,1175,331,1228,1412,1891
5643746,471.7,321.75,459.38,325.425,456,1172,330,1225,1411,1891
5643748,472.34,321.825,459.22,325.2,462,1173,328,1223,1414,1891
5643750,472.42,321.825,459.62,325.125,464,1172,333,1222,1412,1890
5643752,472.5,321.825,459.54,325.725,464,1173,332,1228,1410,1891
5643754,472.34,320.775,459.78,325.725,461,1161,335,1228,1411,1891
5643756,472.34,321.975,459.86,325.65,462,1174,336,1228,1413,1890
5643758,472.18,321.675,459.7,325.575,461,1171,333,1227,1409,1892
5643760,472.34,321.525,459.78,325.35,462,1170,334,1224,1415,1888
5643762,472.82,321,460.02,324.675,467,1163,336,1216,1413,1891
5643764,472.18,321.975,459.62,325.875,461,1174,333,1231,1414,1890
5643766,472.1,321.6,459.62,325.275,460,1171,333,1224,1417,1893
5643768,472.5,321.975,460.02,325.65,464,1175,338,1227,1413,1889
5643770,472.42,321.825,459.94,325.125,464,1173,336,1222,1413,1891
5643772,472.1,322.35,459.62,325.725,461,1179,333,1229,1413,1890
5643774,472.34,321.75,459.62,325.425,463,1173,333,1226,1415,1894
5643776,472.42,322.425,459.94,325.05,464,1180,336,1222,1416,1891
5643778,472.1,321.75,459.86,325.725,460,1173,336,1230,1413,1889
5643780,471.62,322.2,460.02,326.325,456,1179,338,1236,1413,1890
5643782,472.26,321.825,459.94,325.125,462,1174,336,1223,1416,1893
5643784,472.42,321.675,459.62,325.875,463,1173,333,1232,1418,1889
5643786,471.62,321.6,459.78,326.1,455,1173,335,1234,1414,1888
5643788,472.26,321.15,460.02,325.5,461,1167,337,1228,1412,1893
5643790,472.42,321.825,460.1,325.35,463,1175,337,1226,1419,1891
5643792,472.18,322.2,459.86,325.575,461,1179,335,1229,1415,1891
5643794,471.78,321.3,460.02,325.2,456,1170,336,1225,1415,1889
5643796,472.02,321.675,459.94,325.725,458,1174,336,1231,1417,1889
5643798,471.78,321.6,460.1,325.65,456,1174,337,1229,1421,1890
5643800,472.02,321.825,459.54,325.425,459,1176,331,1228,1418,1891
5643802,471.78,321.6,459.62,325.2,456,1174,331,1226,1416,1892
5643804,471.14,321.825,460.02,325.65,449,1177,336,1231,1414,1888
5643806,471.54,321.75,460.1,325.125,453,1176,336,1225,1418,1889
5643808,471.22,322.35,459.54,324.225,450,1183,329,1216,1420,1896
5643810,471.22,321,459.54,325.05,449,1168,329,1225,1416,1895
5643812,471.14,321.675,459.7,325.65,448,1176,332,1231,1419,1892
5643814,471.22,321.6,460.18,325.05,448,1175,336,1224,1419,1894
5643816,470.66,321.075,459.94,325.275,442,1170,334,1227,1418,1893
5643818,471.22,321.15,459.7,325.35,448,1170,331,1228,1417,1891
5643820,470.98,321.3,459.54,325.425,445,1172,329,1229,1420,1890
5643822,470.9,321.45,459.78,325.2,445,1174,332,1226,1418,1892
5643824,471.14,321.75,459.3,325.425,447,1177,326,1229,1420,1894
5643826,470.9,321.3,459.06,325.125,444,1172,323,1226,1419,1894
5643828,470.18,321.225,459.38,325.275,436,1172,327,1227,1423,1895
5643830,471.22,321.225,459.94,324.975,447,1170,333,1223,1419,1894
5643832,470.18,320.775,459.38,325.125,435,1167,327,1226,1421,1889
5643834,470.34,321.225,459.14,324.825,437,1172,324,1223,1420,1897
5643836,470.26,321.375,459.46,325.275,436,1173,327,1228,1423,1895
5643838,470.02,320.625,459.3,325.05,434,1166,325,1225,1421,1896
5643840,470.34,320.55,459.7,324.6,436,1165,328,1220,1420,1897
5643842,470.26,321,459.46,325.275,436,1170,327,1227,1423,1895
5643844,470.18,321.3,459.22,325.2,435,1172,323,1227,1426,1895
5643846,470.02,320.925,458.74,325.425,433,1169,319,1230,1424,1894
5643848,470.26,321.825,459.54,326.025,436,1178,327,1235,1421,1892
5643850,470.26,321.225,459.54,325.5,435,1172,326,1230,1423,1894
5643852,471.14,321.825,459.38,325.65,445,1177,325,1231,1424,1895
5643854,471.78,322.2,460.26,325.95,452,1181,334,1234,1423,1891
5643856,473.06,323.325,461.38,325.725,466,1191,345,1230,1427,1896
5643858,473.62,323.775,461.3,325.275,472,1196,345,1225,1427,1894
5643860,473.46,323.4,461.54,325.95,469,1191,347,1232,1424,1892
5643862,472.9,323.4,460.66,325.875,464,1192,338,1232,1429,1894
5643864,473.38,325.05,459.78,325.275,470,1210,327,1226,1429,1898
5643866,472.18,323.7,459.54,325.575,456,1196,325,1230,1423,1895
5643868,471.38,324.075,459.38,325.8,448,1201,323,1233,1429,1896
5643870,471.7,322.8,458.98,325.2,449,1187,319,1227,1427,1894
5643872,471.06,323.25,459.38,325.5,443,1192,322,1229,1428,1894
5643874,472.26,322.95,459.46,325.275,455,1187,323,1227,1427,1896
5643876,471.7,322.2,460.1,325.05,448,1181,329,1224,1425,1895
5643878,471.46,322.95,459.7,325.35,446,1189,325,1227,1429,1894
5643880,471.62,322.5,459.22,325.425,447,1184,320,1228,1427,1893
5643882,471.46,322.425,459.54,324.825,445,1183,322,1221,1427,1899
5643884,470.98,323.175,459.62,325.5,441,1192,324,1229,1429,1895
5643886,471.62,323.25,459.62,325.425,448,1192,324,1228,1431,1897
5643888,471.46,322.875,459.94,325.725,446,1188,328,1231,1429,1893
5643890,471.54,323.325,459.86,324.825,447,1193,326,1221,1433,1900
5643892,471.78,322.8,460.02,325.05,449,1186,327,1224,1432,1896
5643894,471.94,322.65,459.94,325.275,450,1185,327,1226,1431,1898
5643896,471.38,322.8,459.78,325.275,444,1187,325,1226,1434,1896
5643898,471.7,321.975,459.62,324.75,447,1178,323,1220,1426,1897
5643900,471.06,322.35,460.1,324.525,441,1183,328,1218,1430,1898
5643902,471.7,322.125,460.26,324.525,447,1179,329,1218,1430,1899
5643904,471.38,323.025,459.7,324.9,445,1189,324,1222,1433,1898
5643906,471.46,322.275,459.78,324.675,445,1181,325,1220,1431,1899
5643908,472.42,322.05,459.62,325.05,455,1178,324,1224,1431,1900
5643910,472.34,322.05,460.18,325.2,455,1178,330,1225,1431,1903
5643912,471.78,322.65,459.86,324.825,450,1185,326,1221,1433,1898
5643914,471.94,322.35,459.78,325.125,451,1182,326,1225,1433,1900
5643916,472.82,322.5,460.34,324.3,460,1182,332,1215,1431,1903
5643918,472.26,321.975,459.78,324.975,454,1177,327,1223,1430,1903
5643920,471.7,322.95,459.86,324.825,450,1189,328,1221,1433,1903
5643922,472.02,322.725,459.54,324.9,453,1186,325,1223,1434,1904
5643924,471.86,322.05,459.46,324.675,452,1179,324,1220,1437,1902
5643926,471.94,322.35,460.5,325.125,453,1182,335,1224,1434,1906
5643928,471.86,322.425,460.02,325.35,453,1183,331,1227,1433,1903
5643930,472.34,323.025,459.62,324.975,458,1188,327,1223,1437,1906
5643932,471.86,323.025,460.26,324.525,454,1189,333,1218,1437,1905
5643934,472.18,322.65,460.02,324.3,457,1185,331,1216,1433,1902
5643936,472.02,323.25,459.94,324.825,456,1192,331,1222,1430,1906
5643938,472.26,322.725,460.5,324.75,458,1186,337,1220,1437,1907
5643940,471.3,322.875,460.1,324.975,449,1188,334,1223,1433,1906
5643942,472.34,322.575,460.42,325.35,460,1184,337,1226,1432,1913
5643944,472.26,322.425,460.1,325.35,460,1182,335,1227,1435,1909
5643946,471.78,323.25,460.58,324.75,456,1192,340,1220,1442,1911
5643948,471.7,323.85,460.18,324.825,456,1198,336,1221,1443,1907
5643950,472.02,321.9,460.02,324.975,458,1177,334,1223,1435,1909
5643952,471.7,324.15,459.78,324.225,457,1202,332,1215,1444,1911
5643954,471.3,323.85,460.5,324.225,452,1199,339,1214,1442,1910
5643956,471.62,323.4,460.18,324.15,456,1193,336,1214,1438,1913
5643958,471.94,322.8,460.42,324.225,458,1186,339,1214,1439,1908
5643960,471.94,322.5,460.66,324.975,458,1183,342,1223,1440,1915
5643962,472.5,322.35,459.94,324.6,464,1181,334,1219,1438,1918
5643964,472.18,323.625,460.66,324.375,463,1195,342,1215,1440,1916
5643966,472.34,324.225,460.26,325.35,465,1202,339,1226,1443,1920
5643968,471.86,324.3,460.42,324.825,460,1203,340,1221,1442,1917
5643970,472.02,323.025,460.98,324.525,460,1188,346,1217,1442,1916
5643972,471.22,323.25,460.26,324.225,452,1192,339,1214,1444,1915
5643974,470.9,323.25,460.74,324.825,449,1192,344,1220,1443,1916
5643976,471.62,323.25,460.1,325.05,457,1191,338,1223,1442,1915
5643978,471.06,321.975,460.26,324.75,450,1178,339,1220,1441,1921
5643980,472.26,322.35,460.02,324.525,464,1181,337,1217,1442,1922
5643982,471.62,322.2,460.02,325.05,456,1180,337,1223,1439,1922
5643984,471.3,322.2,459.78,324.675,453,1179,335,1218,1441,1922
5643986,470.9,323.55,460.34,324.825,450,1194,340,1219,1446,1921
5643988,471.62,322.95,459.86,325.95,458,1187,337,1232,1440,1917
5643990,470.34,323.025,460.02,325.125,444,1189,338,1223,1442,1924
5643992,470.9,323.775,460.18,325.5,451,1196,340,1226,1447,1926
5643994,470.66,323.325,459.62,325.725,448,1192,335,1230,1444,1926
5643996,470.82,323.025,460.02,325.5,449,1188,338,1226,1444,1924
5643998,471.06,324.525,459.46,324.9,453,1203,332,1220,1451,1926
5644000,470.74,322.95,459.54,325.65,448,1187,333,1228,1440,1920
5644002,470.1,324.375,459.38,325.575,443,1203,331,1227,1448,1926
5644004,471.22,324.825,459.38,325.275,455,1207,332,1224,1451,1927
5644006,470.82,323.55,459.06,325.95,450,1193,329,1232,1449,1927
5644008,470.82,324.45,459.86,325.725,451,1202,337,1228,1448,1928
5644010,470.82,324.075,459.46,325.65,450,1199,333,1228,1450,1929
5644012,470.42,323.775,459.54,326.475,446,1195,334,1236,1445,1928
5644014,470.26,323.7,459.78,325.275,444,1195,336,1223,1447,1928
5644016,470.42,324.375,459.38,326.25,447,1201,332,1234,1454,1931
5644018,470.82,323.175,459.62,325.95,450,1188,335,1230,1440,1934
5644020,470.34,323.925,459.94,325.425,445,1196,337,1224,1448,1930
5644022,470.98,323.85,459.54,326.025,451,1195,333,1231,1450,1932
5644024,471.06,322.5,459.62,325.8,451,1180,334,1229,1445,1929
5644026,470.34,323.325,459.38,325.275,444,1190,331,1223,1447,1932
5644028,470.34,324.375,459.54,325.05,445,1201,332,1220,1458,1932
5644030,469.94,324.15,459.3,325.275,440,1199,330,1223,1449,1931
5644032,471.3,321.975,459.22,325.875,452,1174,329,1229,1445,1931
5644034,470.9,323.775,459.3,325.875,450,1194,330,1230,1452,1933
5644036,470.34,322.575,459.14,325.875,443,1182,328,1229,1449,1933
5644038,470.34,322.8,458.9,325.875,442,1184,325,1230,1445,1935
5644040,470.26,324.9,459.3,326.325,444,1206,330,1234,1456,1937
5644042,470.74,324.15,459.3,326.55,448,1198,330,1236,1451,1934
5644044,470.66,324.3,459.46,326.25,447,1200,331,1233,1453,1933
5644046,470.26,324.225,459.38,326.1,443,1200,330,1232,1453,1937
5644048,470.02,325.35,459.62,326.625,441,1212,333,1237,1459,1938
5644050,470.26,325.725,458.98,326.7,444,1216,326,1238,1456,1941
5644052,470.74,325.05,459.94,326.775,447,1208,336,1239,1452,1940
5644054,471.54,326.1,460.58,327.15,457,1219,343,1242,1460,1942
5644056,473.14,325.2,462.26,327.6,472,1207,361,1245,1458,1939
5644058,473.86,325.5,462.58,327.15,481,1210,363,1240,1458,1944
5644060,474.9,326.025,464.18,326.475,491,1214,379,1231,1457,1942
5644062,475.38,325.5,463.62,326.325,496,1208,373,1230,1455,1939
5644064,475.46,324.9,464.34,325.875,496,1202,380,1224,1455,1944
5644066,474.9,324.825,463.62,326.25,489,1202,373,1229,1455,1941
5644068,475.14,324.6,463.38,324.975,492,1199,369,1216,1454,1941
5644070,474.42,323.7,463.14,325.65,483,1190,367,1223,1455,1941
5644072,474.1,321.75,462.66,324.825,478,1169,360,1215,1453,1936
5644074,474.18,322.575,462.98,323.1,479,1178,362,1197,1454,1939
5644076,474.42,323.25,463.38,324.15,483,1186,367,1207,1459,1938
5644078,474.9,321.9,463.54,323.55,486,1171,368,1201,1451,1940
5644080,474.74,322.35,464.02,322.65,484,1176,372,1191,1458,1938
5644082,475.3,322.8,463.78,322.2,491,1180,369,1186,1459,1941
5644084,475.38,321.6,463.62,321.975,490,1168,367,1184,1454,1943
5644086,474.9,320.25,463.7,322.575,484,1153,369,1191,1450,1941
5644088,475.3,321.9,464.18,322.425,490,1170,374,1189,1459,1943
5644090,475.62,320.4,464.18,322.05,492,1154,374,1184,1454,1943
5644092,474.82,321.375,464.26,323.025,485,1166,375,1195,1455,1949
5644094,475.06,322.05,464.26,322.875,488,1173,375,1193,1464,1946
5644096,475.38,322.2,464.34,322.125,492,1175,376,1185,1461,1944
5644098,475.22,321.375,464.66,323.25,489,1166,381,1197,1456,1948
5644100,475.06,321.9,464.5,323.475,489,1172,380,1200,1461,1952
5644102,475.22,321.825,464.66,324.375,490,1170,382,1209,1463,1955
5644104,475.14,322.5,464.9,324.075,491,1178,385,1206,1461,1952
5644106,475.38,322.8,464.82,324.6,493,1182,384,1212,1463,1958
5644108,475.62,321.6,464.34,324.825,495,1168,380,1215,1461,1958
5644110,475.62,322.05,464.9,324.825,495,1173,386,1215,1460,1957
5644112,475.46,323.025,465.06,324.75,495,1184,387,1214,1463,1961
5644114,475.46,323.4,464.82,324.975,495,1188,385,1216,1465,1960
5644116,475.38,322.725,465.14,325.275,494,1181,389,1220,1464,1964
5644118,475.14,322.875,464.74,325.05,492,1183,385,1218,1466,1964
5644120,475.06,322.875,464.98,324.9,491,1183,387,1216,1463,1960
5644122,475.14,323.325,464.98,325.35,492,1188,388,1221,1468,1963
5644124,475.38,323.625,464.58,325.05,495,1191,383,1218,1465,1964
5644126,475.62,322.425,464.98,325.2,497,1178,388,1220,1464,1966
5644128,475.22,323.4,464.82,325.125,493,1189,386,1219,1468,1964
5644130,475.46,323.325,464.66,324.6,496,1189,384,1214,1468,1965
5644132,475.46,323.475,465.22,324.675,496,1190,391,1215,1468,1971
5644134,475.3,323.55,464.74,324.9,495,1191,385,1217,1468,1970
5644136,475.38,323.85,464.98,324.9,496,1195,388,1218,1468,1968
5644138,475.3,323.025,464.98,324.45,494,1186,388,1213,1465,1971
5644140,475.14,323.1,465.3,324.15,493,1187,390,1209,1470,1971
5644142,474.82,322.65,465.22,324.75,489,1182,390,1215,1468,1970
5644144,475.46,323.25,464.9,324.975,496,1188,387,1218,1468,1969
5644146,475.3,323.325,465.14,324.075,495,1190,388,1208,1472,1974
5644148,475.14,323.1,465.14,324.6,492,1188,388,1214,1467,1970
5644150,474.98,322.95,464.9,324.975,490,1186,386,1218,1470,1972
5644152,474.34,323.7,464.42,325.05,484,1195,381,1220,1474,1978
5644154,474.5,323.1,464.66,324.6,485,1188,383,1214,1471,1978
5644156,474.82,324.15,464.74,325.425,489,1199,385,1223,1475,1977
5644158,474.34,323.25,464.66,324.675,483,1189,383,1216,1476,1981
5644160,473.86,322.725,464.58,324.45,477,1185,381,1213,1471,1982
5644162,474.9,322.95,464.82,324.15,488,1186,383,1209,1473,1980
5644164,473.7,323.25,464.42,324.6,475,1190,380,1215,1476,1983
5644166,474.02,323.55,464.66,324.075,479,1193,382,1209,1474,1985
5644168,474.34,322.95,463.78,325.95,482,1186,373,1229,1474,1987
5644170,473.78,321.675,464.18,325.725,474,1172,378,1227,1478,1988
5644172,473.78,322.875,463.94,325.65,475,1185,374,1226,1478,1986
5644174,473.86,321.45,464.66,325.425,474,1170,381,1223,1476,1989
5644176,473.22,322.5,464.74,325.125,468,1182,381,1219,1478,1990
5644178,473.14,323.1,464.02,325.575,467,1188,374,1225,1479,1992
5644180,473.3,321.9,464.74,324.825,466,1174,380,1216,1478,1994
5644182,473.14,322.2,464.66,324.75,465,1178,379,1215,1480,1995
5644184,473.3,323.325,464.34,325.35,467,1189,375,1221,1479,1996
5644186,473.14,322.05,464.82,324.825,464,1176,379,1215,1482,1996
5644188,472.66,322.65,464.74,325.575,459,1182,379,1223,1478,1998
5644190,472.9,322.65,463.94,324.9,462,1182,370,1216,1480,1994
5644192,472.82,323.1,464.42,325.2,461,1187,375,1219,1483,1999
5644194,472.66,321.975,465.14,325.425,458,1175,382,1220,1477,1998
5644196,472.98,322.35,464.66,325.725,461,1178,377,1224,1482,1997
5644198,472.82,322.275,464.66,326.1,459,1177,377,1228,1480,2007
5644200,472.34,322.575,465.22,325.8,454,1181,382,1223,1484,1998
5644202,472.82,323.4,464.9,326.925,459,1189,379,1236,1485,2002
5644204,473.14,323.25,464.82,326.25,462,1187,377,1229,1489,2006
5644206,472.42,323.85,465.22,325.65,454,1194,381,1222,1489,2004
5644208,472.34,323.85,465.3,326.7,453,1194,381,1232,1488,2008
5644210,473.7,322.35,465.06,326.325,465,1176,379,1228,1480,2009
5644212,472.42,323.25,465.14,325.575,453,1187,378,1220,1486,2006
5644214,473.14,322.8,465.22,326.55,460,1182,381,1231,1484,2013
5644216,472.82,322.95,465.38,326.475,456,1183,381,1229,1482,2008
5644218,473.38,323.1,465.54,326.4,462,1184,383,1228,1482,2013
5644220,472.34,323.85,465.22,326.7,451,1193,379,1231,1488,2014
5644222,473.3,322.275,465.62,326.325,459,1175,383,1226,1485,2014
5644224,473.14,322.5,465.46,325.8,458,1177,381,1221,1483,2011
5644226,472.98,322.875,465.22,326.4,457,1182,379,1228,1487,2014
5644228,472.66,323.175,465.3,326.025,454,1184,379,1223,1491,2015
5644230,473.7,323.025,465.78,326.4,464,1182,384,1227,1486,2012
5644232,473.94,322.8,466.18,326.175,467,1179,388,1224,1489,2012
5644234,474.1,322.5,465.86,326.325,467,1176,385,1226,1489,2015
5644236,473.86,322.875,465.86,325.8,465,1180,385,1220,1488,2013
5644238,473.78,322.875,466.9,325.35,465,1179,395,1214,1492,2017
5644240,474.1,322.65,466.5,325.725,468,1177,391,1218,1493,2015
5644242,474.1,322.575,466.58,325.2,468,1176,391,1212,1494,2019
5644244,474.58,321.825,466.34,325.65,472,1167,389,1218,1489,2018
5644246,474.9,322.125,466.82,325.725,475,1170,394,1217,1492,2020
5644248,474.18,322.95,466.66,325.725,469,1180,393,1218,1496,2016
5644250,474.58,321.825,467.06,325.125,472,1167,396,1211,1493,2014
5644252,474.42,323.4,467.22,325.8,473,1184,400,1217,1491,2019
5644254,474.82,322.275,467.22,325.8,476,1172,399,1217,1500,2014
5644256,474.9,322.65,467.3,326.1,477,1175,401,1221,1495,2019
5644258,474.9,323.4,467.38,325.8,478,1183,402,1217,1494,2021
5644260,474.66,323.325,467.46,325.725,476,1183,403,1216,1500,2024
5644262,475.14,322.8,468.02,326.025,481,1177,409,1220,1497,2020
5644264,474.74,323.85,467.78,326.85,478,1189,408,1229,1497,2024
5644266,474.82,323.775,467.94,326.85,479,1188,409,1228,1501,2024
5644268,474.42,324.6,467.7,327.225,476,1198,409,1233,1496,2021
5644270,473.3,324.825,466.5,327.675,465,1201,396,1239,1497,2024
5644272,472.34,324.975,465.62,327.825,456,1204,388,1242,1496,2025
5644274,471.06,325.275,464.9,328.2,442,1208,381,1247,1501,2027
5644276,470.02,326.1,464.18,327.75,433,1219,373,1243,1503,2023
5644278,469.46,325.725,463.38,327.525,426,1216,364,1241,1505,2025
5644280,468.98,326.025,463.3,328.125,423,1220,365,1249,1505,2023
5644282,469.7,326.4,463.22,327.525,431,1222,364,1242,1505,2026
5644284,469.86,326.1,463.38,327.375,433,1220,366,1240,1503,2027
5644286,469.62,326.25,464.5,327.525,431,1221,378,1241,1507,2030
5644288,470.1,326.175,464.26,327.675,436,1221,376,1243,1500,2025
5644290,470.42,326.1,464.42,327,439,1219,377,1236,1503,2025
5644292,470.1,326.55,464.66,327.525,438,1225,381,1241,1507,2026
5644294,471.06,326.325,464.66,327.3,447,1222,381,1239,1499,2026
5644296,470.1,325.875,464.34,327.225,437,1218,378,1239,1506,2025
5644298,469.86,325.875,464.66,327.675,435,1219,382,1244,1512,2029
5644300,469.62,325.95,465.06,327.975,433,1220,387,1247,1509,2030
5644302,469.06,325.425,464.5,327.9,427,1215,381,1246,1508,2028
5644304,469.78,325.95,464.66,327.525,435,1220,382,1243,1511,2029
5644306,469.54,325.725,464.98,327.225,432,1218,386,1239,1512,2030
5644308,469.46,325.35,464.26,327,432,1215,379,1237,1510,2029
5644310,469.78,325.275,464.18,327.3,435,1213,378,1241,1512,2030
5644312,469.54,324.675,464.42,327.075,432,1207,381,1239,1511,2029
5644314,469.38,325.425,464.34,326.325,431,1215,379,1231,1510,2026
5644316,469.7,325.875,464.34,327,435,1220,380,1238,1509,2028
5644318,469.94,323.925,464.26,326.7,436,1199,379,1235,1508,2028
5644320,469.62,324.375,464.02,326.25,433,1204,376,1231,1511,2029
5644322,469.7,324.375,464.1,326.4,434,1204,377,1232,1509,2031
5644324,469.94,324.15,463.78,326.1,437,1202,374,1229,1511,2030
5644326,469.62,323.025,463.54,325.5,432,1190,371,1223,1507,2030
5644328,469.94,324.75,464.18,325.725,437,1208,378,1225,1510,2031
5644330,470.02,323.85,464.34,325.425,437,1199,379,1222,1510,2032
5644332,469.22,324.825,463.38,325.725,429,1210,369,1226,1509,2032
5644334,469.38,324.45,464.18,326.1,431,1206,378,1229,1512,2029
5644336,469.46,324.3,463.86,326.325,432,1204,375,1232,1513,2029
5644338,468.9,324.3,463.3,325.425,426,1205,368,1223,1509,2029
5644340,469.46,325.125,463.86,325.95,433,1213,374,1228,1512,2029
5644342,468.98,325.125,463.54,325.425,427,1214,370,1223,1514,2032
5644344,468.58,324.75,463.7,325.875,423,1210,373,1227,1512,2032
5644346,468.58,324.675,463.14,325.8,423,1209,366,1227,1510,2034
5644348,468.5,324.525,463.3,325.725,421,1208,368,1226,1510,2032
5644350,468.5,324.525,463.22,325.5,421,1208,367,1224,1509,2035
5644352,468.74,325.125,463.06,325.65,424,1214,365,1226,1514,2032
5644354,468.66,325.65,463.22,325.5,423,1220,366,1224,1517,2029
5644356,468.5,324.975,462.9,325.5,421,1213,363,1225,1513,2030
5644358,468.98,324.75,462.58,325.875,425,1209,359,1229,1510,2032
5644360,468.42,325.2,463.06,325.65,419,1215,364,1226,1518,2030
5644362,468.26,325.125,462.26,326.025,418,1214,356,1231,1513,2032
5644364,468.34,323.925,463.06,326.25,417,1202,364,1233,1513,2032
5644366,467.86,325.575,462.74,325.95,414,1220,360,1230,1521,2033
5644368,468.26,324.525,462.82,325.95,416,1209,361,1231,1523,2034
5644370,468.02,325.8,462.9,326.25,415,1223,362,1233,1515,2039
5644372,468.02,325.275,462.9,325.95,414,1218,361,1231,1516,2033
5644374,468.58,326.1,462.82,326.1,421,1226,360,1233,1520,2037
5644376,468.02,326.775,463.3,326.25,416,1235,365,1234,1519,2035
5644378,468.1,324.75,462.58,325.95,415,1212,357,1231,1518,2039
5644380,467.78,325.575,462.98,326.325,412,1222,362,1235,1517,2038
5644382,468.1,325.425,463.22,326.625,414,1220,365,1238,1521,2031
5644384,467.94,325.275,463.06,326.55,413,1220,362,1238,1524,2030
5644386,468.18,325.2,463.22,326.4,415,1218,364,1236,1519,2035
5644388,467.94,325.875,463.46,326.175,412,1226,366,1234,1523,2030
5644390,468.34,325.2,462.58,326.1,416,1218,356,1235,1518,2030
5644392,468.26,325.125,462.34,325.725,414,1218,353,1231,1518,2035
5644394,468.42,325.8,463.3,326.025,416,1226,363,1233,1517,2031
5644396,467.94,325.5,462.34,326.1,411,1223,352,1236,1519,2031
5644398,467.94,325.575,462.98,325.65,411,1224,359,1231,1523,2033
5644400,468.58,325.875,463.86,325.725,418,1227,368,1231,1518,2032
5644402,468.66,325.275,463.22,325.575,418,1220,361,1229,1516,2038
5644404,468.18,325.5,463.3,326.025,413,1225,362,1235,1517,2032
5644406,468.18,325.2,463.38,326.175,412,1221,363,1237,1521,2035
5644408,468.74,324.825,463.22,325.875,417,1217,361,1234,1515,2028
5644410,468.42,325.275,463.22,326.175,415,1222,362,1237,1517,2033
5644412,468.66,325.725,463.54,325.875,418,1228,364,1235,1517,2029
5644414,469.06,324.75,463.46,326.025,421,1216,364,1236,1514,2029
5644416,469.3,324.825,463.3,325.725,423,1217,361,1233,1512,2030
5644418,468.5,325.275,464.1,325.875,415,1223,370,1234,1518,2025
5644420,469.06,324.975,464.18,326.025,421,1219,371,1236,1515,2023
5644422,469.14,324.9,464.34,326.1,422,1219,372,1237,1514,2025
5644424,468.74,325.5,464.26,326.175,418,1226,372,1238,1516,2022
5644426,469.14,325.05,463.94,326.625,421,1220,369,1243,1514,2020
5644428,469.14,325.2,464.26,325.95,422,1223,371,1236,1512,2021
5644430,468.82,325.725,464.26,326.175,419,1228,372,1238,1515,2023
5644432,469.62,325.5,463.94,326.325,427,1226,369,1241,1511,2021
5644434,469.86,325.5,464.18,326.175,431,1225,372,1238,1508,2022
5644436,469.62,325.2,464.26,326.25,428,1222,372,1240,1506,2020
5644438,468.98,325.8,464.18,326.025,422,1229,371,1237,1510,2019
5644440,468.98,326.25,464.26,326.25,423,1235,372,1240,1511,2018
5644442,469.22,325.65,464.1,326.625,424,1228,372,1244,1510,2021
5644444,469.62,325.35,463.86,325.95,428,1225,368,1237,1510,2019
5644446,469.62,325.725,463.94,326.175,429,1228,370,1239,1508,2020
5644448,468.98,325.425,463.94,325.95,422,1226,369,1237,1509,2018
5644450,469.22,324.675,463.7,326.325,424,1218,368,1241,1507,2016
5644452,469.54,324.3,463.94,326.625,427,1213,371,1244,1502,2014
5644454,469.06,324.825,463.62,326.4,423,1220,367,1242,1508,2013
5644456,469.94,324.525,464.1,326.025,431,1215,372,1238,1505,2013
5644458,469.3,324.075,463.94,325.8,424,1210,370,1235,1503,2016
5644460,469.3,324.375,464.42,325.95,425,1214,375,1236,1505,2013
5644462,468.98,325.05,464.02,326.4,422,1221,371,1241,1509,2014
5644464,469.22,324.225,463.86,326.025,424,1213,369,1237,1504,2015
5644466,468.58,324.3,463.78,325.8,417,1214,368,1235,1504,2015
5644468,468.5,324.3,463.7,326.175,416,1213,368,1239,1506,2010
5644470,469.46,324.525,463.54,326.55,427,1215,367,1243,1503,2014
5644472,468.9,323.7,464.66,325.725,420,1206,377,1233,1505,2012
5644474,469.38,323.85,464.5,326.25,425,1207,376,1238,1505,2008
5644476,469.78,324,464.58,325.65,429,1209,377,1232,1500,2006
5644478,470.02,323.475,464.58,326.25,431,1202,377,1238,1500,2009
5644480,469.62,323.175,464.5,325.95,427,1199,376,1235,1501,2006
5644482,469.94,322.65,464.42,325.05,430,1193,374,1225,1495,1999
5644484,470.02,323.775,463.94,325.725,432,1204,370,1232,1500,1995
5644486,469.78,324,464.82,325.725,430,1207,379,1231,1501,2002
5644488,469.94,323.325,464.58,325.2,430,1199,375,1225,1501,1994
5644490,470.18,323.325,463.62,326.1,433,1199,367,1236,1499,1993
5644492,470.02,324.225,464.42,325.05,432,1209,374,1223,1493,1993
5644494,469.54,323.625,464.98,325.35,426,1202,380,1226,1496,1999
5644496,469.94,323.55,463.38,325.875,431,1200,364,1233,1499,1995
5644498,469.78,324.15,464.26,325.575,429,1207,373,1228,1494,1996
5644500,470.34,323.325,464.02,325.65,434,1197,371,1229,1492,1993
5644502,470.26,323.55,463.3,325.875,434,1200,363,1233,1493,1988
5644504,470.74,324.3,464.5,326.1,440,1207,376,1234,1493,1994
5644506,470.1,324.6,464.98,326.175,433,1211,381,1234,1495,1990
5644508,470.42,324.6,463.7,326.55,437,1210,368,1239,1495,1986
5644510,470.1,324.15,463.38,325.875,433,1206,364,1232,1493,1988
5644512,470.82,325.5,464.26,325.425,442,1219,373,1225,1489,1983
5644514,470.98,324.6,463.62,326.625,443,1210,368,1240,1488,1980
5644516,471.06,324.9,464.42,326.4,444,1212,376,1236,1488,1988
5644518,471.14,324.975,464.02,326.1,445,1213,371,1233,1487,1981
5644520,471.22,324.975,464.1,326.175,446,1213,372,1233,1485,1978
5644522,470.82,325.05,463.86,326.025,442,1214,369,1233,1487,1979
5644524,471.22,325.725,463.94,326.4,447,1221,371,1236,1488,1972
5644526,471.38,325.5,463.94,325.8,448,1218,370,1230,1486,1976
5644528,471.14,325.875,463.78,326.25,446,1223,369,1235,1485,1982
5644530,470.74,324.3,464.18,326.325,440,1206,373,1235,1481,1974
5644532,471.86,325.2,464.02,326.175,453,1215,372,1234,1483,1977
5644534,471.46,324.975,464.42,326.4,448,1213,376,1236,1484,1972
5644536,471.38,325.2,464.42,326.25,448,1216,376,1235,1486,1971
5644538,471.22,324.9,464.02,326.475,446,1212,372,1237,1482,1972
5644540,470.98,325.8,464.1,326.775,445,1223,374,1240,1485,1970
5644542,471.06,325.275,464.42,326.55,445,1217,376,1238,1484,1973
5644544,471.3,325.65,463.94,326.625,448,1221,372,1239,1477,1967
5644546,471.22,325.725,463.78,326.925,448,1222,370,1243,1479,1972
5644548,472.02,325.35,464.26,327.225,456,1217,376,1246,1480,1964
5644550,471.7,324.975,464.1,326.475,452,1214,373,1238,1475,1967
5644552,471.62,325.95,464.1,327,452,1225,374,1244,1477,1967
5644554,471.62,325.425,464.1,327.075,452,1219,375,1245,1483,1968
5644556,471.3,325.275,463.86,327.675,449,1218,372,1252,1476,1960
5644558,471.46,325.425,463.94,327.825,450,1220,373,1254,1477,1962
5644560,471.3,325.5,464.34,327.15,448,1220,377,1246,1475,1962
5644562,471.3,325.65,464.1,327,449,1222,374,1245,1478,1963
5644564,471.54,325.125,464.1,327.525,451,1217,375,1251,1474,1964
5644566,471.78,325.275,464.26,326.925,453,1218,376,1244,1477,1962
5644568,471.14,325.125,463.62,327.225,447,1218,370,1248,1473,1958
5644570,471.46,324.9,463.78,327.075,450,1215,371,1247,1473,1959
5644572,471.22,325.05,463.86,326.925,448,1217,372,1245,1475,1962
5644574,470.98,325.35,463.62,326.85,445,1221,369,1244,1473,1956
5644576,470.98,325.35,463.62,327,445,1220,370,1246,1473,1958
5644578,470.9,324.825,463.54,326.925,444,1215,369,1246,1470,1959
5644580,470.9,325.8,463.46,327.15,445,1226,368,1248,1471,1957
5644582,471.06,324.975,463.38,326.85,446,1216,367,1245,1467,1953
5644584,470.98,325.125,463.3,327.075,445,1218,366,1248,1470,1952
5644586,471.22,324.825,463.06,326.55,447,1215,363,1242,1468,1948
5644588,470.18,325.65,463.7,326.7,437,1225,370,1244,1472,1949
5644590,470.42,325.65,463.38,327.075,439,1225,367,1248,1471,1955
5644592,470.9,325.35,463.22,326.625,444,1221,364,1243,1467,1948
5644594,470.9,325.05,462.58,327.075,443,1218,358,1249,1471,1950
5644596,470.58,325.875,463.14,326.925,440,1228,364,1247,1469,1950
5644598,470.98,325.725,463.14,327.375,445,1226,364,1252,1467,1951
5644600,470.42,325.575,462.82,326.775,439,1224,360,1245,1466,1945
5644602,470.82,324.375,462.82,327.075,441,1212,360,1250,1461,1946
5644604,470.42,324.9,462.58,326.925,438,1217,357,1248,1463,1945
5644606,469.86,324.075,462.98,326.325,431,1209,361,1241,1460,1947
5644608,470.58,324.375,462.82,326.775,439,1212,360,1246,1456,1944
5644610,470.18,324.75,462.74,326.25,435,1216,358,1240,1462,1942
5644612,470.58,324.525,462.18,326.475,438,1214,352,1244,1459,1942
5644614,470.5,324.15,462.98,326.4,437,1209,361,1242,1457,1942
5644616,470.58,324.3,462.66,326.475,438,1211,357,1243,1460,1941
5644618,470.74,323.925,462.42,326.325,439,1207,354,1242,1454,1942
5644620,470.74,324.75,462.66,326.625,439,1216,357,1245,1457,1937
5644622,470.5,325.125,462.42,326.325,437,1220,354,1242,1457,1936
5644624,470.1,324.975,461.86,326.1,433,1219,348,1240,1453,1938
5644626,470.18,324.75,462.1,326.625,434,1216,351,1245,1454,1932
5644628,470.26,325.5,462.02,326.325,435,1224,350,1242,1459,1927
5644630,470.42,324.825,462.26,326.625,436,1217,352,1245,1452,1932
5644632,470.1,325.35,462.58,326.925,432,1223,355,1248,1454,1929
5644634,470.5,324.975,462.42,326.1,437,1218,353,1239,1451,1926
5644636,470.34,324.375,461.7,326.55,434,1212,346,1245,1448,1926
5644638,470.18,324.15,462.34,326.175,432,1210,352,1240,1446,1924
5644640,470.26,325.125,462.58,326.175,434,1220,354,1240,1453,1922
5644642,470.02,324.375,462.66,326.1,430,1212,355,1239,1449,1919
5644644,470.58,324.075,462.1,326.025,436,1209,349,1239,1447,1919
5644646,470.02,324.3,462.26,325.8,430,1212,351,1237,1448,1913
5644648,469.78,324.75,462.42,325.725,428,1216,352,1235,1450,1913
5644650,470.1,324.675,462.5,325.8,432,1215,353,1236,1448,1909
5644652,470.42,323.925,462.02,325.8,434,1207,348,1236,1444,1907
5644654,469.62,325.05,461.86,326.475,427,1220,346,1243,1448,1909
5644656,470.66,323.25,462.42,326.25,435,1199,352,1241,1441,1910
5644658,470.5,322.65,461.78,325.575,433,1193,345,1234,1438,1907
5644660,469.7,324.3,463.14,326.475,427,1211,360,1243,1442,1907
5644662,470.58,323.925,462.74,326.25,436,1206,355,1240,1442,1910
5644664,470.82,322.5,462.98,325.8,437,1191,358,1235,1434,1901
5644666,470.26,324.15,462.66,326.1,432,1209,354,1239,1442,1905
5644668,470.58,323.4,462.5,325.575,435,1201,352,1234,1437,1902
5644670,470.42,322.575,462.66,325.65,432,1193,354,1234,1436,1896
5644672,470.5,322.95,462.5,325.8,433,1196,352,1236,1435,1901
5644674,471.3,323.25,462.58,325.575,442,1198,353,1233,1435,1898
5644676,470.58,323.025,462.66,325.65,434,1197,354,1234,1432,1902
5644678,471.22,322.575,462.18,325.2,441,1191,348,1230,1431,1898
5644680,471.14,323.325,462.74,325.5,441,1200,355,1232,1433,1897
5644682,471.06,322.125,462.82,325.575,439,1187,356,1233,1428,1898
5644684,470.74,322.8,462.66,325.725,437,1194,354,1234,1428,1896
5644686,471.06,322.275,462.58,325.575,439,1188,353,1233,1428,1893
5644688,471.06,322.575,463.06,326.025,440,1191,359,1237,1427,1892
5644690,470.98,321.75,462.58,326.475,438,1183,355,1243,1425,1891
5644692,470.66,323.475,462.42,326.4,437,1201,353,1242,1431,1889
5644694,471.14,322.725,463.22,325.8,441,1193,361,1235,1423,1892
5644696,470.98,323.4,462.66,326.1,440,1200,355,1239,1426,1890
5644698,470.42,322.725,462.18,326.4,434,1194,351,1242,1425,1890
5644700,471.62,323.325,462.74,325.5,447,1199,357,1232,1423,1888
5644702,471.14,322.95,461.94,326.025,442,1196,348,1239,1424,1887
5644704,470.58,322.875,462.34,326.55,436,1195,354,1244,1420,1884
5644706,470.5,323.7,463.38,326.55,436,1205,364,1243,1417,1882
5644708,470.9,322.95,462.5,326.625,439,1196,355,1245,1422,1883
5644710,470.74,322.8,462.66,326.325,438,1195,357,1242,1414,1885
5644712,470.74,323.7,462.66,325.95,439,1205,356,1238,1420,1881
5644714,470.9,323.25,462.58,326.025,441,1200,356,1239,1419,1879
5644716,471.46,323.4,462.82,326.175,447,1201,359,1240,1408,1873
5644718,470.66,323.775,462.66,325.95,439,1206,357,1238,1415,1877
5644720,471.22,323.175,462.9,326.4,445,1199,361,1243,1412,1873
5644722,471.38,323.25,462.98,326.175,446,1200,361,1241,1408,1871
5644724,470.98,323.925,462.98,326.7,442,1208,361,1247,1412,1873
5644726,470.74,323.7,462.74,325.8,440,1206,358,1237,1414,1871
5644728,471.22,323.325,462.82,326.025,445,1202,359,1240,1409,1873
5644730,470.9,324,462.74,325.8,442,1209,358,1237,1410,1871
5644732,470.9,323.85,462.58,325.95,443,1207,357,1239,1411,1872
5644734,471.14,323.7,463.14,326.025,445,1206,363,1239,1413,1870
5644736,470.66,323.775,462.9,325.725,440,1207,360,1237,1408,1870
5644738,470.9,323.775,462.66,325.725,443,1207,358,1237,1413,1871
5644740,470.9,323.7,462.9,325.95,443,1206,361,1239,1411,1869
5644742,470.82,324,462.5,326.25,442,1209,357,1243,1408,1867
5644744,470.74,323.7,462.82,325.95,441,1207,360,1239,1409,1870
5644746,470.34,323.85,462.66,325.95,437,1209,358,1240,1408,1870
5644748,470.82,323.25,462.66,326.1,441,1202,358,1241,1408,1869
5644750,470.98,322.95,462.34,326.175,442,1198,355,1242,1409,1867
5644752,470.42,323.85,462.82,326.25,437,1209,360,1243,1408,1867
5644754,470.26,323.55,462.42,326.25,435,1206,356,1243,1408,1867
5644756,470.34,323.475,462.58,327,436,1204,358,1251,1406,1863
5644758,470.18,323.85,462.74,326.325,434,1209,359,1244,1408,1865
5644760,470.1,324,462.5,326.85,434,1211,357,1250,1405,1864
5644762,470.66,323.55,462.34,326.025,439,1205,354,1241,1406,1863
5644764,470.34,323.85,462.34,326.1,436,1208,355,1242,1410,1864
5644766,470.42,323.475,462.18,326.775,437,1205,354,1249,1406,1864
5644768,470.82,323.25,461.86,325.8,440,1202,349,1238,1403,1861
5644770,470.58,323.625,462.26,326.25,439,1206,354,1243,1406,1859
5644772,470.66,323.7,462.18,325.65,440,1207,352,1236,1406,1860
5644774,471.06,323.625,462.34,325.575,444,1205,354,1236,1400,1857
5644776,470.26,323.325,462.42,326.025,434,1203,355,1241,1401,1855
5644778,470.34,323.175,462.34,325.2,435,1201,353,1232,1403,1859
5644780,470.66,323.325,462.1,325.95,439,1202,351,1240,1402,1852
5644782,470.02,323.55,462.18,325.875,432,1205,352,1239,1400,1853
5644784,470.1,323.175,462.02,325.425,432,1201,350,1234,1406,1854
5644786,470.98,322.35,462.26,325.425,441,1192,352,1234,1402,1852
5644788,470.5,323.025,462.26,325.425,436,1199,352,1234,1398,1852
5644790,470.58,323.25,461.78,325.725,437,1201,347,1237,1404,1851
5644792,471.06,323.775,462.34,325.575,442,1206,352,1236,1403,1853
5644794,470.5,323.175,461.78,325.725,435,1200,347,1237,1402,1852
5644796,470.5,322.725,462.18,325.725,435,1196,351,1237,1399,1850
5644798,470.9,322.875,461.94,326.175,439,1197,348,1242,1399,1847
5644800,470.58,323.625,462.02,326.625,436,1205,349,1247,1402,1845
5644802,469.86,323.25,461.54,326.325,429,1202,345,1244,1402,1846
5644804,469.86,324.075,462.26,326.4,430,1211,352,1244,1398,1847
5644806,470.26,323.7,461.78,327.15,433,1206,348,1253,1398,1843
5644808,470.1,323.85,460.98,327.375,431,1208,340,1256,1401,1842
5644810,470.18,323.55,460.98,326.775,432,1205,339,1249,1399,1842
5644812,470.18,323.7,461.38,327,432,1206,343,1251,1396,1841
5644814,470.58,323.4,460.66,327.3,436,1202,336,1255,1398,1841
5644816,470.26,324.075,461.06,327.75,433,1210,340,1260,1399,1837
5644818,470.26,324.075,461.46,327.525,433,1210,344,1257,1400,1839
5644820,470.5,323.625,461.38,327.9,435,1205,343,1261,1397,1836
5644822,470.02,324.075,461.86,327.975,431,1210,348,1261,1398,1840
5644824,470.18,323.55,461.38,328.05,432,1204,344,1263,1395,1837
5644826,470.42,324,461.3,327.9,435,1209,342,1261,1398,1837
5644828,470.42,324.15,461.62,328.35,434,1211,346,1265,1399,1836
5644830,470.66,323.925,461.54,327.675,437,1208,345,1259,1397,1838
5644832,470.42,324.675,461.38,328.425,435,1217,343,1267,1397,1835
5644834,469.38,324.3,461.7,327.75,423,1214,346,1260,1395,1836
5644836,470.34,323.85,462.18,327.525,433,1208,351,1257,1395,1837
5644838,470.58,323.7,461.54,328.2,436,1206,345,1265,1399,1830
5644840,470.26,323.85,462.02,327,432,1208,349,1251,1396,1838
5644842,471.14,324.075,461.3,327,441,1209,341,1252,1398,1836
5644844,471.62,322.8,461.46,327.375,445,1195,343,1255,1396,1835
5644846,471.3,322.875,461.86,325.875,442,1196,346,1239,1396,1836
5644848,471.46,323.175,461.78,326.325,444,1200,346,1244,1396,1839
5644850,471.46,322.875,461.7,326.025,444,1196,345,1241,1391,1840
5644852,471.38,322.2,461.94,326.025,442,1190,347,1241,1399,1833
5644854,471.54,322.35,461.62,325.125,445,1190,343,1231,1398,1841
5644856,471.7,322.275,462.5,326.025,446,1189,353,1240,1392,1837
5644858,471.7,322.05,462.58,325.5,446,1187,353,1234,1393,1836
5644860,472.02,321.6,461.94,325.95,449,1182,347,1240,1397,1837
5644862,472.02,321.825,462.74,325.5,449,1184,355,1234,1399,1840
5644864,472.02,322.05,462.34,325.65,449,1186,351,1236,1394,1835
5644866,472.34,322.35,462.18,325.875,453,1189,350,1239,1396,1836
5644868,472.5,322.125,462.18,327.225,454,1186,352,1253,1391,1830
5644870,471.14,322.8,462.58,326.25,441,1195,355,1242,1396,1836
5644872,472.18,322.95,462.74,326.625,453,1196,357,1246,1394,1835
5644874,471.94,322.35,462.18,327.075,450,1190,351,1251,1395,1833
5644876,471.62,323.4,462.18,327.75,447,1202,353,1259,1395,1831
5644878,471.46,323.55,462.26,327.975,446,1203,354,1261,1394,1831
5644880,471.22,323.625,462.1,327.3,444,1205,352,1254,1394,1833
5644882,471.06,324.075,462.34,328.95,443,1210,356,1272,1401,1831
5644884,471.62,324.375,462.66,328.8,450,1212,360,1270,1395,1829
5644886,471.38,324.3,462.02,328.2,447,1212,352,1264,1397,1832
5644888,471.7,325.125,461.94,328.5,452,1220,353,1268,1400,1827
5644890,471.3,323.925,462.9,328.8,446,1208,363,1269,1398,1827
5644892,471.46,324.3,462.66,328.8,448,1212,360,1270,1396,1828
5644894,471.38,323.625,462.5,328.875,447,1204,359,1271,1398,1828
5644896,471.38,324.075,462.82,328.5,448,1210,363,1267,1396,1831
5644898,471.7,324.15,462.42,329.175,452,1211,359,1275,1395,1828
5644900,471.3,324.825,462.58,328.95,448,1218,361,1273,1400,1831
5644902,471.3,325.2,462.66,329.025,448,1222,362,1273,1396,1826
5644904,471.86,324.75,462.58,328.275,454,1217,360,1265,1397,1829
5644906,471.3,324.525,462.26,328.2,448,1216,357,1265,1399,1831
5644908,471.38,324.45,462.74,329.025,449,1215,362,1274,1397,1828
5644910,471.22,323.925,462.5,328.425,447,1210,359,1267,1399,1824
5644912,471.3,324.3,462.66,329.175,448,1214,362,1276,1402,1827
5644914,470.9,323.925,462.5,329.025,443,1210,360,1274,1400,1827
5644916,471.38,323.625,461.78,328.725,448,1206,352,1272,1397,1828
5644918,470.82,323.775,462.1,328.125,442,1209,355,1265,1399,1832
5644920,470.82,323.475,461.94,328.8,441,1206,354,1272,1397,1830
5644922,470.58,323.625,461.86,327.9,439,1207,352,1263,1400,1827
5644924,470.98,323.625,461.7,328.275,443,1206,350,1267,1401,1831
5644926,470.34,322.875,461.3,327.9,436,1199,346,1264,1400,1828
5644928,470.1,323.475,461.3,327.675,433,1206,345,1261,1402,1828
5644930,470.1,323.625,461.22,328.65,434,1208,345,1272,1398,1828
5644932,469.94,323.175,461.3,327.9,431,1203,345,1263,1401,1830
5644934,470.1,323.1,461.06,327.9,432,1201,342,1263,1402,1831
5644936,470.1,322.725,461.22,327.975,432,1197,343,1264,1401,1831
5644938,470.26,322.875,461.38,327.45,434,1198,345,1258,1398,1837
5644940,469.62,323.25,461.38,328.125,427,1203,345,1265,1401,1828
5644942,469.86,322.875,460.98,327.525,429,1198,341,1258,1401,1830
5644944,469.78,324,461.06,328.2,429,1210,341,1264,1404,1833
5644946,468.98,322.65,461.46,328.275,419,1196,345,1265,1400,1831
5644948,470.02,322.5,460.9,327.525,428,1192,338,1256,1405,1834
5644950,469.78,322.725,460.82,327.975,426,1196,338,1262,1400,1831
5644952,469.78,322.275,461.38,328.5,425,1190,343,1266,1397,1831
5644954,469.86,322.725,460.98,327.75,426,1194,338,1259,1405,1836
5644956,469.54,323.025,461.14,327.675,422,1197,338,1257,1403,1835
5644958,469.62,322.5,460.58,328.875,422,1192,334,1271,1400,1831
5644960,469.94,322.275,460.74,328.275,425,1188,335,1263,1402,1835
5644962,469.14,323.025,460.82,329.025,417,1197,336,1271,1404,1833
5644964,469.06,323.25,460.58,328.8,415,1198,332,1268,1401,1834
5644966,469.22,322.425,460.58,328.125,417,1189,331,1261,1403,1836
5644968,469.06,323.325,460.82,329.025,414,1198,334,1269,1405,1836
5644970,468.58,322.65,460.74,328.5,409,1192,333,1263,1402,1836
5644972,468.5,323.325,460.74,328.95,407,1198,332,1268,1404,1836
5644974,468.42,322.725,460.42,329.1,406,1192,329,1270,1404,1833
5644976,469.22,322.65,460.66,328.575,414,1190,330,1263,1408,1835
5644978,468.82,322.725,461.14,328.875,410,1190,335,1266,1406,1836
5644980,468.9,322.65,460.9,329.025,410,1189,332,1267,1406,1836
5644982,468.82,323.4,460.9,328.65,409,1197,332,1263,1406,1838
5644984,468.9,322.575,460.58,329.25,409,1188,328,1269,1407,1838
5644986,468.82,322.875,460.66,328.65,408,1191,329,1262,1407,1838
5644988,469.3,323.325,460.74,328.575,413,1195,329,1261,1408,1840
5644990,469.22,323.1,460.82,328.125,413,1192,329,1256,1409,1842
5644992,468.5,323.25,460.9,328.2,404,1195,330,1256,1410,1840
5644994,469.3,323.475,460.82,328.125,413,1196,329,1256,1410,1842
5644996,469.14,322.725,461.62,327.6,410,1188,336,1249,1411,1841
5644998,469.7,323.55,461.7,327.9,417,1196,338,1252,1412,1842
5645000,470.1,322.8,461.46,327.75,421,1188,334,1250,1409,1840
5645002,469.94,322.425,461.62,327.825,418,1184,337,1251,1414,1842
5645004,470.42,322.425,461.62,327.75,423,1183,336,1250,1410,1842
5645006,470.1,323.85,462.34,326.85,422,1198,343,1239,1412,1847
5645008,470.9,322.95,461.78,328.65,429,1188,339,1259,1411,1837
5645010,469.78,323.325,462.18,327.975,418,1193,342,1252,1411,1845
5645012,470.42,323.475,461.86,328.35,425,1194,340,1256,1411,1841
5645014,471.14,323.175,462.02,328.35,432,1190,342,1256,1413,1841
5645016,471.06,322.425,462.82,328.5,431,1182,350,1257,1411,1844
5645018,470.74,324.075,463.14,328.125,429,1200,354,1252,1409,1845
5645020,470.5,324.225,462.58,328.725,427,1203,349,1260,1415,1841
5645022,471.14,323.7,463.14,329.4,433,1196,355,1267,1413,1846
5645024,470.9,324.225,462.98,327.975,432,1202,352,1252,1414,1853
5645026,471.14,323.55,463.38,328.8,434,1195,358,1260,1413,1846
5645028,471.14,323.775,463.3,329.175,434,1199,357,1265,1412,1846
5645030,471.3,324.45,463.46,329.55,437,1205,360,1268,1411,1846
5645032,470.74,324.375,463.7,329.4,432,1205,363,1267,1416,1848
5645034,470.98,324.3,463.38,329.325,434,1205,359,1267,1415,1854
5645036,470.58,323.925,463.7,329.025,431,1201,363,1264,1415,1848
5645038,470.34,324.525,464.02,329.85,428,1208,368,1272,1413,1846
5645040,470.58,324.45,464.42,329.325,431,1208,372,1267,1412,1850
5645042,471.3,324.075,463.78,329.025,439,1202,365,1264,1414,1855
5645044,470.9,324.45,463.62,328.8,436,1208,364,1263,1415,1852
5645046,471.22,323.7,463.38,328.875,439,1199,362,1264,1415,1854
5645048,470.98,324.15,464.1,329.1,438,1205,370,1266,1412,1853
5645050,471.38,324,463.62,328.725,441,1203,365,1262,1416,1854
5645052,471.46,323.625,464.18,328.875,443,1200,372,1264,1417,1855
5645054,470.9,324.375,463.62,328.875,438,1208,366,1265,1419,1855
5645056,471.06,324,463.86,328.95,440,1205,369,1266,1415,1855
5645058,471.3,323.85,463.94,328.65,443,1203,370,1262,1419,1855
5645060,470.74,323.1,463.94,329.475,437,1196,372,1271,1415,1852
5645062,470.82,324,463.94,328.95,439,1205,371,1266,1416,1852
5645064,471.22,325.125,464.02,328.8,445,1217,373,1265,1416,1856
5645066,470.74,324.45,464.18,329.325,439,1210,375,1270,1416,1855
5645068,471.14,324.225,463.78,327.9,444,1208,370,1256,1415,1856
5645070,471.14,323.475,463.86,328.575,443,1200,372,1263,1417,1857
5645072,470.9,323.4,463.46,328.275,441,1199,368,1260,1419,1858
5645074,470.5,323.775,463.54,328.875,437,1204,369,1267,1417,1855
5645076,470.74,323.325,463.94,328.725,440,1199,374,1265,1414,1854
5645078,470.98,323.1,463.78,327.375,442,1196,371,1250,1419,1860
5645080,470.66,323.025,463.86,327.225,439,1196,372,1248,1416,1858
5645082,470.58,323.175,463.46,328.5,439,1198,369,1263,1416,1857
5645084,470.58,322.65,463.54,327.075,438,1192,369,1248,1423,1859
5645086,470.66,322.8,463.3,327.075,439,1193,367,1248,1423,1861
5645088,470.18,322.65,463.46,327.15,435,1192,369,1248,1420,1861
5645090,470.58,322.425,463.54,326.7,439,1189,369,1243,1422,1865
5645092,470.1,322.5,463.38,326.4,434,1191,368,1240,1422,1862
5645094,470.18,321.825,463.14,326.475,435,1183,365,1241,1421,1860
5645096,470.34,323.025,463.22,326.1,437,1195,366,1237,1417,1865
5645098,469.86,321.9,463.14,326.4,431,1184,366,1240,1425,1864
5645100,469.94,322.425,463.14,326.625,433,1190,365,1242,1424,1867
5645102,470.26,322.05,462.98,325.875,436,1185,363,1234,1422,1867
5645104,470.02,322.05,462.66,326.325,433,1184,361,1239,1422,1866
5645106,469.86,322.05,462.66,326.625,432,1185,361,1242,1423,1867
5645108,470.34,321.675,462.42,326.475,437,1180,358,1241,1422,1866
5645110,469.78,322.575,462.42,327,432,1190,359,1246,1423,1867
5645112,469.94,321.9,462.66,327,433,1183,362,1246,1422,1867
5645114,469.62,322.35,462.34,327,430,1187,358,1246,1425,1866
5645116,469.22,321.9,462.5,327.45,425,1183,360,1250,1425,1865
5645118,469.46,322.65,462.98,327.3,428,1191,365,1248,1426,1869
5645120,469.06,322.5,462.26,327.9,424,1189,358,1255,1424,1863
5645122,468.82,322.5,462.58,327.9,421,1190,361,1255,1426,1865
5645124,468.34,322.5,462.42,327.3,416,1190,359,1248,1425,1869
5645126,468.9,322.2,462.42,328.125,422,1186,360,1257,1429,1864
5645128,468.5,323.025,462.5,327.675,418,1195,361,1252,1428,1866
5645130,468.42,322.65,462.5,328.05,417,1192,361,1256,1425,1867
5645132,468.26,323.325,462.18,328.725,416,1198,357,1264,1428,1866
5645134,468.66,322.8,461.94,327.975,420,1193,355,1255,1426,1867
5645136,468.34,323.325,462.5,327.6,416,1199,359,1251,1428,1868
5645138,468.74,323.325,462.02,329.25,421,1198,356,1270,1434,1866
5645140,468.18,322.875,462.26,328.575,414,1194,358,1262,1430,1867
5645142,468.26,323.7,462.02,327.9,416,1203,354,1254,1425,1871
5645144,468.26,322.575,462.1,329.25,414,1190,356,1270,1426,1871
5645146,468.58,323.025,462.18,328.125,418,1195,356,1258,1431,1871
5645148,468.02,323.025,461.78,328.275,412,1196,351,1260,1429,1869
5645150,468.26,322.8,462.18,328.575,414,1193,356,1262,1426,1869
5645152,468.34,323.1,461.94,328.5,415,1197,353,1262,1434,1869
5645154,468.5,322.275,461.86,328.05,416,1188,352,1258,1431,1871
5645156,468.58,323.175,462.02,328.125,418,1198,354,1258,1428,1875
5645158,468.1,323.25,462.1,327.675,412,1199,354,1254,1436,1875
5645160,468.18,322.65,462.1,327.825,412,1193,354,1255,1431,1872
5645162,467.94,322.8,462.02,327.45,410,1194,352,1251,1431,1878
5645164,468.02,324.3,462.34,328.425,412,1211,357,1262,1439,1871
5645166,468.42,322.35,461.86,327.825,415,1189,351,1255,1434,1876
5645168,468.18,322.8,462.26,327.525,412,1195,354,1252,1431,1873
5645170,468.58,322.725,462.1,327.825,416,1193,354,1256,1432,1873
5645172,468.26,322.875,462.18,328.2,413,1196,355,1260,1429,1876
5645174,468.5,323.325,462.18,328.05,416,1201,354,1258,1435,1873
5645176,468.34,323.175,462.02,328.2,414,1199,353,1261,1433,1873
5645178,468.42,323.1,462.18,328.425,415,1198,355,1263,1433,1874
5645180,468.74,324.3,462.34,328.05,420,1211,356,1258,1434,1874
5645182,468.26,324.225,462.26,329.175,415,1211,357,1271,1432,1877
5645184,468.5,323.925,462.9,329.325,417,1207,364,1272,1431,1874
5645186,468.66,324.525,462.5,328.575,419,1214,359,1264,1434,1875
5645188,468.82,323.175,462.74,328.275,419,1199,361,1261,1431,1877
5645190,469.06,323.55,462.82,328.35,423,1203,362,1261,1427,1880
5645192,468.42,324.225,462.82,328.65,416,1211,362,1265,1435,1877
5645194,467.86,324.45,462.74,329.175,410,1214,362,1271,1436,1873
5645196,468.1,324.975,462.82,329.1,413,1219,363,1269,1439,1877
5645198,468.18,323.85,462.98,328.2,413,1207,364,1260,1435,1880
5645200,468.5,323.775,462.58,329.55,417,1206,361,1274,1432,1877
5645202,468.18,323.625,463.06,329.4,413,1205,365,1272,1430,1876
5645204,468.1,323.85,462.82,329.625,413,1207,363,1276,1437,1875
5645206,468.18,324.6,462.58,329.4,415,1215,360,1273,1438,1877
5645208,468.58,324,462.82,329.7,418,1208,363,1276,1435,1876
5645210,468.58,323.85,462.58,328.575,418,1206,360,1264,1437,1882
5645212,468.58,323.85,462.1,330.3,418,1206,356,1283,1432,1876
5645214,468.26,323.325,462.82,328.8,414,1201,363,1266,1433,1881
5645216,468.42,324.225,462.98,329.25,417,1210,365,1271,1437,1879
5645218,468.26,323.625,462.98,328.575,414,1204,364,1263,1436,1879
5645220,468.5,323.25,463.14,328.725,417,1200,366,1264,1431,1876
5645222,468.5,323.85,463.06,328.125,417,1206,364,1258,1435,1880
5645224,468.26,323.925,462.9,328.275,415,1206,363,1260,1437,1877
5645226,468.66,323.55,462.66,328.875,419,1202,361,1267,1438,1876
5645228,468.82,323.4,463.06,328.35,420,1200,365,1260,1437,1879
5645230,468.9,322.65,463.22,328.05,420,1192,366,1257,1436,1880
5645232,468.26,323.175,463.14,328.05,415,1198,365,1256,1433,1879
5645234,468.5,322.95,463.54,327.3,417,1195,369,1248,1435,1878
5645236,468.58,322.725,462.66,328.05,418,1192,360,1256,1436,1879
5645238,469.14,322.35,463.22,327.825,423,1187,366,1253,1434,1883
5645240,468.98,322.5,463.06,327.225,422,1189,364,1247,1433,1886
5645242,469.3,322.5,463.46,327.525,425,1188,368,1249,1432,1879
5645244,469.14,322.95,463.38,328.05,423,1193,368,1254,1436,1881
5645246,469.14,322.5,463.14,328.725,422,1188,366,1261,1434,1881
5645248,468.98,323.175,463.54,327.825,421,1195,369,1250,1433,1880
5645250,469.38,322.8,463.14,327.975,425,1190,365,1252,1434,1882
5645252,469.14,322.35,463.06,328.875,422,1185,365,1262,1434,1879
5645254,469.14,323.175,463.7,327.975,423,1193,371,1252,1435,1881
5645256,469.38,322.65,463.38,327.975,425,1187,367,1251,1435,1879
5645258,468.66,323.1,463.3,327.9,418,1193,366,1250,1432,1881
5645260,469.46,322.8,463.46,327.6,427,1188,368,1247,1433,1884
5645262,469.7,323.325,463.62,327.6,429,1193,369,1246,1437,1877
5645264,469.06,322.875,463.3,328.575,422,1188,367,1256,1432,1879
5645266,468.82,322.8,463.46,328.05,420,1188,369,1250,1433,1881
5645268,469.3,323.475,463.22,328.35,426,1194,366,1254,1435,1881
5645270,469.06,322.575,463.54,328.725,422,1185,370,1257,1433,1877
5645272,469.06,323.1,463.54,328.275,423,1190,370,1252,1433,1883
5645274,468.98,323.025,463.62,329.1,422,1189,372,1261,1430,1879
5645276,468.98,323.85,463.3,328.35,422,1198,368,1253,1434,1883
5645278,468.9,322.725,463.54,328.575,421,1185,370,1255,1433,1880
5645280,469.06,323.025,463.3,328.725,423,1189,368,1256,1432,1877
5645282,468.82,323.7,463.54,328.425,421,1196,370,1253,1433,1882
5645284,469.06,323.475,463.06,329.25,424,1193,366,1262,1432,1877
5645286,468.98,322.875,463.38,328.65,422,1187,369,1255,1434,1881
5645288,468.66,322.95,463.46,328.425,419,1187,370,1252,1433,1878
5645290,469.62,323.025,463.78,328.95,429,1187,373,1258,1431,1881
5645292,469.3,323.925,463.62,329.175,426,1197,373,1260,1428,1877
5645294,469.3,324.6,463.38,328.875,427,1204,370,1258,1431,1878
5645296,469.22,322.95,463.46,329.1,425,1187,371,1260,1430,1877
5645298,469.46,323.325,463.7,329.85,427,1191,374,1267,1428,1882
5645300,469.38,324.075,463.7,329.025,427,1199,373,1259,1431,1878
5645302,469.22,323.7,463.54,328.95,425,1195,372,1258,1434,1878
5645304,469.46,323.7,463.94,330.075,428,1195,376,1270,1429,1875
5645306,469.54,323.625,463.46,328.65,429,1194,370,1255,1430,1881
5645308,469.46,323.775,463.78,328.65,428,1196,373,1255,1432,1881
5645310,469.46,324,463.62,328.875,428,1198,372,1257,1427,1880
5645312,469.54,323.55,463.86,328.35,428,1194,373,1252,1430,1879
5645314,470.18,323.175,463.94,328.8,435,1189,375,1257,1426,1878
5645316,469.7,323.325,463.78,329.1,430,1191,374,1260,1427,1876
5645318,469.86,323.1,463.86,328.65,432,1189,374,1255,1428,1882
5645320,470.1,323.25,463.7,329.775,433,1190,373,1268,1427,1879
5645322,469.7,323.4,463.94,329.025,430,1192,374,1259,1428,1878
5645324,469.62,323.925,463.78,328.35,429,1198,373,1253,1430,1877
5645326,469.78,324.3,464.26,329.475,431,1202,378,1264,1429,1882
5645328,469.7,323.4,463.86,329.175,429,1192,374,1262,1429,1880
5645330,469.94,323.55,463.78,328.8,432,1194,372,1258,1427,1880
5645332,469.62,324.45,463.86,329.1,429,1204,374,1260,1426,1877
5645334,469.22,323.925,463.86,329.025,425,1199,374,1260,1430,1877
5645336,468.9,324.375,463.78,329.175,422,1204,373,1262,1429,1880
5645338,469.3,322.95,464.02,329.4,425,1188,376,1264,1428,1878
5645340,469.3,324.675,463.62,329.925,426,1207,372,1270,1426,1875
5645342,469.38,324.3,463.86,329.4,427,1203,374,1265,1422,1879
5645344,469.78,324,463.62,329.4,431,1199,371,1265,1426,1877
5645346,469.62,323.925,464.18,328.95,429,1199,377,1259,1427,1880
5645348,469.22,323.85,464.18,329.775,424,1199,377,1268,1424,1879
5645350,469.54,323.7,463.94,328.8,427,1197,374,1258,1428,1879
5645352,469.78,323.775,463.94,328.05,430,1197,372,1250,1426,1880
5645354,469.3,324.45,463.94,328.95,426,1205,374,1260,1423,1878
5645356,469.3,324.45,463.78,328.35,426,1205,371,1253,1426,1879
5645358,469.94,323.625,463.94,328.65,431,1195,373,1257,1425,1883
5645360,468.98,324.225,463.7,328.575,422,1202,371,1255,1425,1882
5645362,469.86,323.025,464.26,328.2,430,1189,376,1251,1422,1880
5645364,469.38,324,464.18,328.65,426,1200,376,1256,1426,1879
5645366,469.06,324,463.86,328.425,422,1200,372,1254,1426,1877
5645368,469.38,323.925,463.94,328.65,425,1199,373,1256,1427,1883
5645370,469.94,322.875,464.18,328.2,429,1187,375,1251,1424,1881
5645372,469.78,323.7,464.1,328.05,429,1196,373,1249,1421,1882
5645374,469.62,323.25,464.18,328.35,427,1191,375,1252,1425,1882
5645376,469.7,323.7,464.26,328.2,427,1196,375,1251,1423,1877
5645378,469.62,323.25,464.1,327.6,426,1192,373,1244,1425,1878
5645380,469.14,324.3,464.58,328.125,422,1203,378,1249,1424,1879
5645382,469.22,323.4,464.66,327.9,422,1193,378,1247,1428,1880
5645384,469.38,323.85,464.58,327.75,424,1198,377,1245,1421,1880
5645386,469.62,323.25,464.58,327.975,426,1191,378,1248,1425,1879
5645388,469.38,322.95,464.02,328.05,422,1187,371,1249,1423,1877
5645390,469.38,322.575,464.26,327.525,422,1184,374,1243,1425,1880
5645392,470.02,322.875,464.42,327.675,429,1186,375,1244,1423,1878
5645394,469.38,323.325,464.5,327.825,423,1191,376,1246,1422,1881
5645396,469.7,322.575,464.42,327.825,425,1183,375,1245,1426,1883
5645398,469.86,322.125,464.66,327.6,427,1178,378,1243,1423,1878
5645400,469.54,322.725,464.5,327.675,424,1184,376,1244,1420,1877
5645402,469.62,322.425,464.34,327.15,425,1181,374,1238,1423,1879
5645404,469.46,322.65,464.98,327.525,423,1183,381,1241,1424,1882
5645406,469.7,322.425,464.66,327.6,425,1181,377,1242,1421,1880
5645408,470.1,322.65,464.42,327,430,1183,374,1237,1420,1883
5645410,470.1,321.975,464.66,327.15,428,1176,377,1238,1422,1881
5645412,469.38,323.25,464.1,327.375,422,1190,372,1241,1420,1879
5645414,469.7,322.725,464.82,327,425,1184,378,1236,1423,1883
5645416,469.78,322.35,464.5,327.3,426,1180,375,1239,1422,1880
5645418,469.62,322.425,464.58,327.525,424,1181,376,1242,1423,1880
5645420,469.62,322.65,464.34,326.625,424,1184,373,1232,1423,1881
5645422,470.02,322.8,465.3,327.45,428,1185,383,1240,1422,1883
5645424,469.46,322.8,464.58,327.3,422,1185,375,1240,1420,1876
5645426,469.62,322.425,464.42,327.075,424,1181,374,1237,1423,1881
5645428,469.78,323.025,464.98,327.225,426,1187,380,1238,1421,1879
5645430,469.46,322.8,464.66,327.225,422,1185,377,1238,1420,1879
5645432,469.78,323.025,464.98,326.625,426,1187,380,1231,1423,1880
5645434,469.94,322.05,465.46,327.45,427,1176,386,1240,1422,1883
5645436,470.1,322.2,464.82,326.85,429,1178,379,1234,1419,1879
5645438,470.1,322.8,465.14,327.525,430,1185,383,1241,1421,1881
5645440,469.7,323.4,465.38,328.35,426,1192,386,1249,1420,1883
5645442,470.02,323.325,465.06,328.05,430,1190,382,1247,1421,1887
5645444,469.78,324.375,465.06,328.35,428,1202,383,1250,1418,1879
5645446,469.86,325.2,465.06,328.5,430,1211,383,1252,1422,1891
5645448,470.42,324.525,465.46,328.125,436,1203,387,1247,1416,1886
5645450,470.18,325.05,465.06,328.575,434,1208,384,1252,1418,1886
5645452,470.34,325.35,465.06,328.2,436,1211,383,1249,1421,1888
5645454,470.34,325.05,464.66,327.45,436,1208,378,1241,1417,1887
5645456,470.02,324.6,464.66,328.05,432,1204,379,1247,1417,1883
5645458,470.1,324.9,464.26,327.3,434,1207,375,1240,1420,1887
5645460,470.42,324.075,464.66,328.05,436,1198,380,1247,1416,1889
5645462,469.3,324.675,464.5,327.975,425,1205,378,1246,1419,1886
5645464,469.78,324.825,464.26,327.825,431,1207,376,1245,1420,1882
5645466,469.78,323.475,464.58,327.675,429,1192,379,1243,1417,1889
5645468,469.78,324.15,463.94,327.975,431,1199,373,1247,1415,1886
5645470,469.78,323.625,464.02,327.825,430,1194,374,1246,1419,1889
5645472,469.54,324.45,464.18,327.45,429,1203,375,1241,1417,1888
5645474,469.54,323.475,464.5,327.6,428,1193,379,1243,1420,1891
5645476,469.22,324.75,464.58,327.825,426,1207,380,1245,1419,1888
5645478,469.46,324,464.58,327.15,427,1198,380,1237,1423,1884
5645480,469.38,323.7,464.42,327.45,426,1195,379,1241,1418,1889
5645482,469.38,323.025,464.58,327.75,426,1188,381,1244,1420,1890
5645484,469.78,323.1,464.58,327.975,430,1188,381,1246,1412,1887
5645486,469.78,323.55,464.34,327.225,431,1193,378,1239,1418,1890
5645488,469.7,322.65,464.9,327.45,430,1183,384,1241,1420,1892
5645490,469.3,323.325,464.82,327.3,426,1191,383,1239,1418,1891
5645492,469.46,322.95,464.5,327.6,427,1187,380,1242,1419,1890
5645494,469.62,323.175,464.58,327.225,429,1189,380,1238,1420,1890
5645496,469.62,323.1,464.5,327.075,429,1188,379,1237,1421,1889
5645498,469.54,323.4,464.66,326.925,428,1192,381,1235,1417,1889
5645500,469.54,323.025,464.74,326.775,428,1188,382,1233,1420,1889
5645502,468.82,323.25,464.26,327,421,1190,377,1236,1420,1887
5645504,469.54,323.325,464.5,326.775,429,1190,380,1233,1421,1889
5645506,469.38,323.175,464.18,327.225,427,1189,377,1238,1423,1891
5645508,469.54,322.95,464.66,326.775,429,1186,381,1233,1421,1890
5645510,469.54,322.35,464.58,326.775,428,1180,380,1233,1423,1895
5645512,469.3,322.5,464.74,327.825,425,1182,383,1244,1420,1891
5645514,469.38,322.65,464.82,327.45,426,1183,384,1240,1421,1892
5645516,468.98,323.025,464.42,327.075,423,1187,379,1236,1421,1891
5645518,468.9,323.025,464.66,327.15,423,1187,382,1237,1421,1890
5645520,469.14,323.175,464.42,327.15,425,1189,379,1237,1419,1890
5645522,469.06,323.175,464.18,327.45,425,1189,378,1240,1422,1893
5645524,469.22,323.325,464.74,327.75,426,1190,384,1243,1422,1889
5645526,469.22,322.725,464.42,327.9,426,1184,380,1245,1422,1894
5645528,469.38,323.025,464.5,327.375,427,1186,380,1239,1421,1891
5645530,469.14,322.725,464.66,327.375,425,1183,383,1239,1419,1892
5645532,469.38,322.2,464.34,327.375,427,1178,380,1239,1421,1892
5645534,469.22,322.65,464.34,327,425,1182,379,1234,1421,1889
5645536,468.74,323.775,464.98,327.3,421,1195,386,1237,1424,1892
5645538,468.98,323.1,465.3,327.375,423,1187,389,1237,1423,1896
5645540,469.06,322.725,464.66,327.075,424,1183,382,1235,1423,1894
5645542,469.22,322.425,464.42,327.3,425,1180,380,1237,1422,1895
5645544,469.06,322.575,464.9,327.075,424,1182,385,1234,1423,1895
5645546,469.06,322.35,464.82,327.15,424,1179,384,1235,1422,1895
5645548,469.14,322.95,464.34,327.45,425,1186,379,1239,1425,1892
5645550,469.38,322.2,465.14,326.55,427,1176,386,1228,1423,1897
5645552,469.06,322.5,464.9,326.7,423,1180,384,1230,1421,1894
5645554,468.98,322.35,464.82,327.225,422,1179,384,1236,1426,1895
5645556,469.46,322.2,465.3,327.375,427,1176,388,1237,1423,1894
5645558,467.94,322.95,464.82,326.625,412,1186,383,1230,1425,1896
5645560,468.9,322.5,464.9,327.3,421,1181,384,1237,1427,1893
5645562,469.3,322.35,464.34,326.925,425,1178,378,1233,1424,1892
5645564,468.26,322.65,464.74,326.775,415,1183,382,1231,1421,1897
5645566,468.98,322.05,464.5,327.3,422,1175,380,1237,1423,1892
5645568,469.06,322.275,464.9,327,423,1178,384,1234,1425,1896
5645570,468.34,323.025,464.66,326.7,416,1187,381,1230,1427,1900
5645572,468.98,322.8,464.74,327.15,422,1184,383,1236,1422,1899
5645574,468.74,322.725,465.22,326.4,420,1183,387,1227,1425,1900
5645576,467.54,323.175,465.38,327,408,1189,390,1233,1426,1899
5645578,468.26,323.625,465.14,327.3,416,1193,387,1236,1423,1900
5645580,468.18,323.475,465.14,326.85,415,1192,386,1232,1423,1897
5645582,468.42,323.475,465.54,327,417,1191,391,1233,1425,1899
5645584,468.66,323.4,465.62,327.225,420,1191,392,1235,1425,1901
5645586,468.74,323.025,465.86,327.6,420,1187,395,1240,1422,1905
5645588,468.42,323.25,465.7,327.525,417,1190,393,1238,1425,1900
5645590,468.9,322.8,466.1,326.85,422,1184,397,1231,1425,1899
5645592,468.74,322.725,465.94,326.625,420,1183,394,1229,1423,1899
5645594,469.06,322.275,465.86,326.4,423,1178,394,1226,1426,1901
5645596,468.98,322.725,465.94,325.875,423,1183,394,1220,1424,1900
5645598,468.74,322.65,465.86,325.5,420,1183,393,1217,1426,1901
5645600,468.74,321.975,465.94,325.5,420,1175,394,1217,1424,1904
5645602,468.74,322.5,465.62,325.125,420,1181,390,1213,1428,1902
5645604,468.82,321.225,465.78,325.05,420,1167,391,1211,1424,1902
5645606,468.82,321,465.62,324.45,420,1165,389,1205,1422,1906
5645608,468.34,320.625,465.3,324.75,414,1161,387,1209,1430,1902
5645610,468.5,321.525,465.38,323.625,417,1170,386,1197,1427,1904
5645612,469.06,320.775,465.54,324.3,422,1162,389,1203,1423,1903
5645614,468.9,321.9,465.38,323.925,421,1174,387,1200,1427,1904
5645616,468.82,321.3,465.62,324.15,420,1168,389,1201,1425,1904
5645618,469.06,320.85,466.02,324.15,422,1163,393,1201,1425,1905
5645620,468.74,321.825,466.26,324.375,420,1173,397,1204,1425,1901
5645622,468.5,321.6,466.18,324.9,418,1171,396,1209,1424,1904
5645624,468.42,321.525,466.42,325.35,416,1170,399,1214,1429,1902
5645626,469.06,321.525,466.34,325.65,423,1169,399,1217,1426,1897
5645628,469.22,322.05,466.42,326.1,426,1176,401,1222,1425,1901
5645630,468.98,322.575,466.98,326.025,424,1181,406,1221,1424,1903
5645632,467.94,323.25,466.82,326.475,414,1189,405,1226,1426,1897
5645634,468.66,322.2,467.06,326.1,421,1178,408,1222,1424,1904
5645636,468.1,323.175,466.98,327.3,416,1189,408,1235,1427,1898
5645638,468.58,323.1,466.98,326.775,421,1188,408,1229,1425,1900
5645640,468.74,322.95,467.38,326.55,423,1186,412,1227,1425,1902
5645642,468.02,323.4,467.78,327.375,415,1192,417,1235,1425,1902
5645644,468.42,323.55,467.14,327.9,420,1194,411,1242,1423,1901
5645646,468.74,323.7,467.14,327.3,424,1195,411,1235,1422,1899
5645648,468.5,323.475,467.78,327.225,421,1193,417,1235,1423,1902
5645650,468.02,323.325,466.98,327.375,416,1192,409,1237,1424,1903
5645652,468.18,322.95,466.74,327.075,417,1188,406,1234,1428,1899
5645654,468.26,323.4,467.62,326.85,419,1193,416,1231,1423,1902
5645656,468.1,323.1,467.38,326.775,417,1191,413,1231,1422,1900
5645658,468.18,323.475,467.14,327.3,418,1195,411,1238,1427,1900
5645660,468.18,323.4,467.14,327.225,418,1195,411,1237,1425,1900
5645662,467.78,323.7,467.3,326.925,414,1198,412,1233,1427,1900
5645664,468.66,322.95,467.22,326.175,422,1189,410,1226,1423,1899
5645666,468.34,322.725,467.54,326.325,419,1187,414,1227,1422,1900
5645668,468.02,322.5,466.98,326.175,415,1186,408,1227,1424,1901
5645670,468.42,322.95,466.9,325.8,420,1190,406,1222,1423,1896
5645672,468.02,322.5,467.06,326.325,414,1185,408,1228,1427,1898
5645674,468.26,322.35,466.66,325.875,417,1184,404,1224,1425,1900
5645676,467.14,322.275,466.74,325.725,405,1184,404,1222,1421,1900
5645678,467.06,322.65,466.18,325.2,405,1189,397,1217,1422,1900
5645680,466.98,322.35,466.42,325.8,402,1185,400,1223,1426,1898
5645682,466.5,322.2,466.1,324.6,398,1184,395,1210,1423,1899
5645684,467.14,321.975,466.74,325.125,403,1181,402,1215,1424,1902
5645686,466.82,321.9,466.18,325.05,400,1180,397,1215,1423,1900
5645688,466.66,322.2,465.86,324.525,398,1183,392,1209,1424,1900
5645690,466.74,321.975,465.86,324.675,398,1180,392,1210,1423,1902
5645692,467.06,321.75,465.46,325.35,401,1177,388,1218,1425,1900
5645694,466.82,321.675,465.46,325.2,399,1176,388,1216,1417,1900
5645696,466.5,321.975,465.62,324.75,395,1179,388,1210,1424,1900
5645698,466.5,321.6,464.98,325.05,394,1175,382,1214,1423,1900
5645700,466.5,321.9,465.86,324.9,394,1177,390,1211,1422,1898
5645702,466.18,321.75,465.3,324.675,391,1176,384,1209,1417,1902
5645704,467.3,322.05,465.06,324.825,401,1177,381,1210,1422,1898
5645706,466.5,322.65,465.3,324.15,394,1185,383,1202,1419,1899
5645708,466.18,322.575,465.14,324.45,389,1183,380,1204,1423,1899
5645710,466.1,321.6,465.3,324.45,388,1173,382,1205,1421,1897
5645712,466.02,322.35,465.22,324.6,387,1181,381,1206,1417,1896
5645714,465.94,322.275,465.22,325.275,386,1179,381,1213,1417,1898
5645716,466.1,322.875,465.54,325.125,387,1186,383,1210,1418,1896
5645718,466.42,322.275,465.54,324.75,390,1178,383,1206,1416,1897
5645720,466.1,322.5,465.86,324.825,386,1181,386,1206,1417,1898
5645722,466.26,322.05,465.46,325.05,388,1176,382,1209,1419,1898
5645724,465.86,323.025,465.46,325.275,383,1186,382,1210,1418,1896
5645726,466.58,322.2,465.54,325.5,390,1177,383,1213,1418,1895
5645728,465.86,323.025,465.54,325.5,383,1185,382,1213,1418,1895
5645730,466.42,322.8,465.86,325.725,388,1182,386,1215,1418,1893
5645732,466.58,322.5,466.1,325.425,389,1179,387,1211,1419,1895
5645734,466.58,322.425,466.02,325.725,388,1178,386,1214,1415,1893
5645736,466.58,322.95,466.1,326.325,389,1183,387,1220,1420,1890
5645738,466.82,323.55,466.26,325.95,392,1190,389,1216,1419,1895
5645740,466.98,323.55,466.1,326.025,393,1190,387,1217,1422,1897
5645742,466.58,322.95,466.1,327.075,388,1183,388,1229,1418,1894
5645744,466.82,323.1,465.94,326.325,391,1185,385,1220,1418,1893
5645746,466.98,323.325,465.86,326.1,393,1187,384,1219,1421,1892
5645748,466.74,323.175,466.1,326.475,390,1186,387,1222,1423,1893
5645750,467.06,323.1,466.66,326.55,394,1185,392,1222,1420,1894
5645752,467.3,323.475,466.9,326.55,396,1189,395,1223,1422,1891
5645754,467.38,322.875,466.9,326.925,397,1182,396,1227,1420,1889
5645756,467.3,323.175,466.42,326.775,396,1186,391,1226,1418,1890
5645758,467.38,323.7,466.98,326.7,397,1192,397,1224,1423,1891
5645760,467.7,323.925,467.22,327.075,402,1194,400,1229,1425,1892
5645762,467.54,323.7,467.06,326.325,400,1191,398,1221,1421,1891
5645764,467.86,323.775,466.9,327.375,404,1193,398,1233,1422,1890
5645766,468.02,324.075,467.22,327.45,406,1196,401,1233,1422,1893
5645768,468.02,323.85,467.3,327.975,406,1194,403,1239,1424,1889
5645770,468.1,324.45,467.06,327.375,408,1200,400,1234,1419,1889
5645772,468.1,324.45,467.62,327.3,408,1201,406,1232,1422,1891
5645774,468.26,324.6,467.22,327.675,410,1202,402,1237,1421,1887
5645776,468.66,324.825,466.9,328.05,416,1205,401,1242,1421,1883
5645778,468.66,324.3,467.46,328.2,415,1200,407,1243,1420,1888
5645780,468.34,324.675,467.14,327.75,414,1205,404,1239,1418,1886
5645782,468.34,324.675,467.14,328.35,414,1205,404,1246,1420,1886
5645784,468.82,324.6,467.46,328.65,419,1204,409,1250,1420,1883
5645786,469.22,325.125,467.86,328.5,424,1210,413,1248,1415,1887
5645788,469.86,325.725,468.34,329.1,432,1216,419,1255,1416,1886
5645790,469.62,325.65,469.06,329.4,430,1216,427,1257,1414,1884
5645792,469.46,327.15,469.14,329.1,430,1233,428,1254,1418,1882
5645794,470.34,327.6,469.54,330.375,440,1237,434,1268,1420,1879
5645796,470.42,328.2,469.3,329.775,442,1244,432,1262,1420,1883
5645798,470.26,328.575,468.9,329.925,441,1249,428,1265,1423,1878
5645800,470.82,328.5,470.02,330.975,448,1247,442,1276,1418,1874
5645802,470.66,329.7,469.78,330.075,447,1261,438,1266,1418,1874
5645804,470.74,328.425,469.62,330.675,448,1248,438,1274,1417,1876
5645806,470.34,328.5,469.22,329.85,443,1249,433,1265,1422,1875
5645808,470.5,327.225,468.82,329.925,444,1236,430,1267,1417,1874
5645810,470.1,327.075,468.42,328.8,440,1235,424,1256,1419,1874
5645812,470.34,325.95,467.94,329.625,442,1223,421,1265,1412,1867
5645814,469.46,326.85,467.38,328.95,434,1234,414,1259,1414,1869
5645816,469.38,326.025,466.98,328.65,433,1226,411,1257,1413,1867
5645818,469.06,326.55,467.06,329.175,430,1232,412,1262,1414,1863
5645820,468.9,326.925,467.22,329.55,429,1236,415,1266,1416,1860
5645822,469.38,326.7,467.22,328.35,434,1233,413,1254,1412,1860
5645824,469.3,326.4,467.38,329.325,433,1230,416,1264,1417,1862
5645826,469.46,326.475,467.78,329.25,435,1231,421,1263,1413,1851
5645828,469.86,326.25,467.06,328.35,440,1228,412,1254,1414,1851
5645830,469.54,325.5,467.46,328.95,435,1221,417,1261,1415,1849
5645832,469.14,325.275,466.98,328.125,431,1219,412,1252,1413,1848
5645834,469.62,325.65,466.98,327.6,437,1222,411,1246,1411,1853
5645836,469.62,324.9,466.9,328.2,437,1214,411,1253,1412,1849
5645838,469.22,324.9,467.14,327.9,432,1215,413,1249,1413,1847
5645840,469.46,325.425,466.9,328.425,436,1220,412,1255,1408,1848
5645842,469.22,325.125,466.26,327.075,433,1217,404,1241,1411,1851
5645844,469.7,324.9,466.58,327.45,438,1214,408,1245,1409,1848
5645846,469.7,324.9,466.5,327.525,438,1214,407,1245,1409,1846
5645848,469.78,324.225,466.26,327.6,438,1206,405,1246,1408,1845
5645850,469.38,324.75,466.1,327,435,1212,402,1240,1409,1846
5645852,468.98,324.45,466.1,327.375,430,1209,403,1244,1413,1841
5645854,469.14,324.225,465.94,327.3,432,1207,401,1243,1408,1839
5645856,468.98,325.275,465.86,327.675,430,1218,400,1247,1408,1835
5645858,468.82,325.05,465.78,327.6,429,1215,399,1247,1406,1835
5645860,468.58,324.975,465.7,328.275,426,1215,399,1253,1410,1831
5645862,468.82,325.05,465.7,328.5,429,1215,399,1255,1406,1838
5645864,468.66,325.05,465.46,329.325,426,1215,397,1264,1406,1829
5645866,468.66,324.825,465.46,329.175,426,1212,397,1263,1407,1833
5645868,468.58,325.5,465.54,328.875,426,1220,398,1259,1406,1832
5645870,468.18,325.65,465.14,329.625,422,1222,394,1268,1408,1828
5645872,468.34,326.1,464.98,330.3,424,1226,392,1275,1404,1823
5645874,467.7,325.2,465.14,330.375,416,1217,394,1276,1403,1827
5645876,468.42,325.125,464.82,329.475,424,1215,390,1267,1404,1824
5645878,467.86,325.725,464.82,330.3,418,1223,391,1276,1403,1821
5645880,467.7,324.975,465.06,330.6,415,1215,393,1279,1398,1820
5645882,467.94,324.525,465.14,329.7,418,1210,394,1269,1399,1820
5645884,468.02,326.7,464.82,330.3,420,1233,390,1276,1408,1820
5645886,467.62,325.65,464.82,330.45,415,1222,390,1277,1400,1819
5645888,467.94,325.575,464.74,330.6,418,1222,389,1280,1399,1816
5645890,468.02,325.8,465.06,330.825,418,1223,393,1282,1403,1816
5645892,467.22,325.95,465.06,330.75,410,1227,393,1281,1397,1816
5645894,467.78,325.65,464.9,330.525,416,1223,390,1279,1401,1813
5645896,467.54,325.725,464.9,330.975,413,1224,390,1284,1402,1812
5645898,467.78,325.2,464.82,330.975,415,1218,389,1284,1397,1810
5645900,467.86,326.025,464.5,331.575,416,1228,387,1291,1395,1807
5645902,467.38,326.25,464.98,330.975,412,1231,392,1284,1399,1809
5645904,467.62,325.95,465.06,330.825,414,1228,392,1283,1397,1807
5645906,468.42,325.5,465.06,331.05,422,1222,392,1286,1400,1808
5645908,467.14,326.1,464.98,331.05,409,1230,392,1286,1403,1810
5645910,467.38,325.575,465.54,330.825,411,1225,397,1284,1396,1804
5645912,467.62,325.5,464.58,331.2,414,1224,388,1289,1395,1803
5645914,467.54,326.025,465.54,331.35,414,1230,397,1290,1396,1804
5645916,467.38,325.425,465.06,331.5,411,1225,393,1293,1394,1801
5645918,467.7,325.65,465.46,331.2,414,1226,397,1289,1392,1803
5645920,467.14,326.025,465.06,331.65,409,1232,393,1295,1396,1803
5645922,467.62,325.125,464.98,331.125,413,1221,392,1290,1393,1798
5645924,467.86,325.5,464.74,331.425,417,1226,390,1294,1392,1797
5645926,466.98,326.175,465.46,331.875,408,1234,398,1297,1395,1801
5645928,467.06,325.8,465.14,331.95,409,1230,395,1299,1389,1795
5645930,467.46,326.025,464.9,331.2,413,1232,392,1291,1395,1798
5645932,466.82,326.025,464.58,332.25,407,1234,390,1304,1391,1793
5645934,466.66,325.875,464.74,331.65,405,1233,390,1297,1393,1795
5645936,467.14,327.075,464.58,331.95,411,1245,389,1301,1393,1794
5645938,466.9,326.025,464.66,332.4,408,1234,391,1306,1393,1793
5645940,466.9,327.15,464.98,332.25,409,1247,394,1305,1392,1794
5645942,467.06,327,464.74,332.7,411,1245,393,1309,1389,1792
5645944,466.58,326.7,464.58,332.175,406,1243,390,1305,1388,1790
5645946,466.1,325.875,464.42,332.25,400,1235,388,1305,1390,1791
5645948,466.74,325.875,464.66,332.625,407,1234,392,1309,1393,1790
5645950,467.3,325.875,465.3,332.025,413,1234,398,1302,1390,1790
5645952,466.5,326.55,464.42,332.325,405,1242,389,1307,1388,1789
5645954,466.42,326.25,464.66,332.4,404,1239,391,1307,1390,1785
5645956,467.06,326.925,464.9,332.55,411,1246,394,1309,1393,1787
5645958,468.1,326.7,465.62,332.85,422,1242,403,1312,1390,1786
5645960,468.74,326.85,466.82,332.775,429,1243,415,1309,1386,1786
5645962,470.34,327.15,468.5,331.8,446,1244,432,1297,1394,1782
5645964,471.86,327.3,470.42,331.8,462,1244,451,1295,1389,1787
5645966,474.66,328.275,471.86,331.5,492,1252,467,1290,1386,1783
5645968,476.66,328.575,473.78,330.975,514,1253,486,1282,1389,1781
5645970,479.3,329.175,474.42,330.9,542,1257,493,1281,1389,1783
5645972,480.42,329.475,475.38,331.35,554,1259,503,1285,1387,1783
5645974,479.94,329.475,475.46,331.575,549,1259,504,1287,1390,1782
5645976,479.62,328.2,474.42,330.975,544,1246,492,1282,1387,1784
5645978,479.3,327.15,473.46,330.9,540,1235,482,1282,1392,1779
5645980,478.5,326.85,472.98,330.825,530,1232,477,1282,1391,1778
5645982,478.1,326.475,472.98,329.925,526,1229,476,1272,1388,1781
5645984,477.3,326.4,472.34,330.075,517,1229,468,1274,1383,1782
5645986,476.34,325.875,472.1,330.075,507,1224,466,1274,1382,1781
5645988,476.26,326.025,472.42,330.45,505,1225,469,1278,1385,1782
5645990,476.42,325.95,471.54,330,507,1224,460,1273,1382,1782
5645992,476.02,326.25,471.62,330.3,502,1227,461,1276,1379,1779
5645994,476.02,326.775,472.18,330.225,504,1234,467,1275,1383,1780
5645996,476.5,326.4,471.54,330.15,508,1229,459,1275,1380,1782
5645998,475.62,326.175,471.86,329.925,499,1227,463,1271,1383,1781
5646000,475.86,326.925,471.94,330.075,501,1234,463,1273,1381,1781
5646002,475.78,326.925,471.3,330.675,500,1235,457,1280,1379,1783
5646004,475.62,326.85,471.78,330.975,498,1233,462,1282,1380,1778
5646006,475.78,326.325,471.7,330.525,499,1228,461,1277,1382,1783
5646008,475.94,325.95,471.62,331.05,500,1223,460,1283,1381,1784
5646010,475.62,326.25,471.94,330.375,497,1226,463,1275,1385,1781
5646012,475.78,326.925,472.18,330.75,499,1233,465,1278,1379,1784
5646014,476.58,326.025,471.54,330.975,507,1223,459,1281,1378,1786
5646016,475.94,326.1,472.18,330.375,500,1224,464,1274,1380,1780
5646018,475.46,326.625,472.1,330.525,496,1230,464,1276,1381,1783
5646020,475.94,326.025,471.62,330.6,500,1222,459,1277,1384,1788
5646022,475.3,326.85,471.46,330.45,494,1232,457,1275,1380,1785
5646024,475.86,325.95,472.02,330.975,499,1221,464,1280,1380,1783
5646026,476.34,326.175,471.46,330.45,505,1224,457,1275,1380,1786
5646028,475.7,325.95,472.02,330.675,498,1221,463,1276,1385,1785
5646030,475.54,326.625,472.34,330.75,496,1229,467,1277,1379,1783
5646032,476.82,326.025,471.78,330.975,509,1221,461,1280,1379,1785
5646034,476.1,326.175,472.18,330.6,502,1224,465,1276,1380,1784
5646036,475.86,325.95,472.5,330.6,499,1222,468,1275,1382,1781
5646038,476.42,325.275,471.54,330.075,503,1214,457,1270,1379,1789
5646040,476.02,325.575,472.02,330.525,500,1217,463,1275,1381,1786
5646042,476.34,325.425,472.02,330.525,503,1216,463,1275,1380,1788
5646044,475.78,325.95,472.34,330.9,497,1222,466,1279,1381,1784
5646046,476.5,326.4,471.46,330.6,506,1226,457,1277,1383,1788
5646048,476.18,326.175,472.18,330.6,502,1224,465,1276,1377,1786
5646050,476.66,326.175,472.5,330.6,507,1223,468,1276,1381,1781
5646052,476.66,326.475,472.42,330.825,508,1227,467,1278,1379,1785
5646054,476.18,326.55,472.66,330.45,503,1228,470,1274,1382,1785
5646056,476.66,326.7,472.9,330.9,508,1229,473,1278,1380,1784
5646058,476.5,327,472.74,330.675,507,1232,471,1276,1382,1787
5646060,476.34,326.7,472.66,330.9,505,1230,471,1279,1380,1793
5646062,476.58,327.375,472.98,330.825,508,1237,474,1278,1381,1788
5646064,476.58,326.55,472.5,330.75,507,1228,469,1279,1382,1789
5646066,476.42,326.475,472.5,330.975,506,1227,469,1280,1382,1789
5646068,476.42,327.375,472.74,331.125,507,1238,472,1282,1380,1786
5646070,476.98,327.3,472.18,331.05,512,1237,466,1282,1385,1795
5646072,476.26,327.3,472.5,330.825,505,1238,469,1280,1383,1789
5646074,476.42,327.075,472.26,330.975,507,1235,467,1282,1383,1793
5646076,476.02,326.775,472.34,331.275,502,1232,468,1285,1383,1789
5646078,475.86,327.225,472.34,331.575,501,1237,469,1289,1384,1796
5646080,476.5,326.925,472.18,331.125,508,1233,467,1284,1380,1794
5646082,475.94,326.25,472.34,331.125,501,1227,469,1284,1383,1791
5646084,476.18,326.775,472.74,331.2,504,1233,473,1284,1380,1793
5646086,476.34,326.475,472.34,330.9,506,1230,468,1282,1381,1794
5646088,476.02,326.85,472.18,330.975,503,1235,467,1283,1383,1795
5646090,475.94,326.175,471.94,331.35,501,1227,465,1287,1381,1795
5646092,476.82,326.775,472.34,330.825,511,1233,468,1282,1383,1795
5646094,476.18,326.55,472.02,331.05,505,1232,466,1285,1385,1801
5646096,476.1,326.625,472.42,331.05,503,1233,470,1284,1383,1800
5646098,476.1,326.4,472.26,330.675,503,1230,467,1281,1384,1797
5646100,475.46,326.475,472.34,331.05,496,1232,468,1285,1384,1801
5646102,476.02,325.95,472.5,331.2,502,1226,470,1287,1384,1800
5646104,476.02,326.4,472.26,331.05,503,1231,468,1286,1380,1800
5646106,475.78,327.15,471.86,331.575,501,1239,464,1292,1382,1799
5646108,475.46,326.85,472.18,331.575,497,1237,468,1292,1386,1802
5646110,476.18,326.4,472.02,331.2,504,1231,466,1288,1384,1802
5646112,475.54,325.95,472.18,331.95,497,1228,468,1296,1381,1803
5646114,475.7,325.8,472.26,331.125,499,1226,467,1287,1385,1807
5646116,474.9,326.925,472.18,330.825,491,1238,467,1284,1385,1801
5646118,475.22,326.325,472.1,331.05,494,1232,466,1286,1384,1809
5646120,475.54,326.475,472.1,331.125,497,1233,466,1287,1384,1806
5646122,475.46,325.8,472.02,330.525,495,1226,464,1281,1386,1806
5646124,474.9,326.55,472.1,331.2,490,1235,466,1288,1384,1808
5646126,475.06,325.125,472.26,331.275,490,1219,467,1289,1384,1809
5646128,475.38,326.1,471.78,331.575,494,1230,462,1293,1387,1807
5646130,474.5,325.8,472.42,330.45,484,1227,467,1280,1387,1811
5646132,475.14,326.625,472.02,331.875,492,1235,464,1296,1390,1808
5646134,475.14,325.65,472.02,331.2,491,1225,464,1289,1386,1811
5646136,474.74,325.5,472.26,331.5,486,1224,466,1291,1387,1812
5646138,474.98,326.325,472.1,331.425,489,1233,464,1291,1385,1811
5646140,474.5,325.575,471.46,330.975,483,1225,457,1287,1386,1813
5646142,474.26,325.95,471.62,330.9,481,1230,459,1286,1385,1813
5646144,475.78,326.025,471.46,330.675,497,1228,456,1284,1387,1814
5646146,475.22,325.8,472.02,331.425,491,1227,463,1291,1384,1810
5646148,475.22,326.25,471.78,330.9,491,1232,459,1286,1383,1815
5646150,474.9,325.95,471.62,330.675,487,1229,458,1284,1390,1814
5646152,474.58,327.075,472.34,330.825,484,1241,464,1284,1389,1815
5646154,474.42,325.425,471.62,331.35,481,1224,457,1291,1390,1813
5646156,475.06,325.8,471.94,331.725,487,1227,461,1294,1390,1813
5646158,474.26,325.95,471.94,330.375,479,1230,460,1280,1392,1821
5646160,474.34,325.05,472.02,330.675,479,1220,460,1283,1393,1820
5646162,474.18,326.4,472.1,330.75,479,1234,461,1283,1389,1822
5646164,474.1,325.65,471.86,331.2,476,1227,458,1288,1391,1818
5646166,474.18,326.25,472.02,330.675,478,1232,459,1282,1391,1820
5646168,473.7,325.95,471.62,330.75,471,1230,455,1284,1392,1824
5646170,473.94,325.8,471.3,331.275,474,1228,452,1290,1394,1826
5646172,474.1,326.25,471.54,331.05,476,1233,454,1287,1393,1824
5646174,473.94,326.025,471.22,330.825,474,1231,450,1285,1388,1825
5646176,473.3,325.8,470.9,330.75,467,1229,447,1285,1392,1828
5646178,472.66,326.55,469.78,331.65,461,1238,436,1296,1396,1831
5646180,471.94,326.775,468.74,330.825,454,1241,424,1288,1394,1834
5646182,469.3,327,466.9,331.5,426,1247,405,1297,1396,1836
5646184,466.98,327.225,464.18,331.875,401,1251,377,1305,1392,1833
5646186,466.18,325.95,462.66,331.2,391,1239,360,1299,1392,1832
5646188,463.7,326.55,460.26,331.275,366,1248,335,1302,1396,1831
5646190,461.3,326.325,459.14,330.75,341,1247,322,1298,1398,1834
5646192,460.18,326.925,458.18,330.6,329,1256,312,1297,1393,1834
5646194,460.18,326.025,457.86,330.825,328,1246,309,1300,1396,1841
5646196,460.42,326.55,457.38,330.6,331,1251,303,1298,1394,1839
5646198,461.62,326.25,458.5,330.45,343,1247,315,1296,1395,1841
5646200,463.3,327.225,459.06,330.525,362,1256,321,1296,1396,1842
5646202,464.5,326.625,459.62,329.625,374,1248,326,1286,1393,1842
5646204,465.22,326.55,459.86,330.3,382,1246,329,1292,1390,1841
5646206,465.7,326.025,460.34,329.325,386,1240,334,1281,1392,1846
5646208,465.54,326.4,460.74,330,385,1245,339,1289,1394,1844
5646210,465.38,326.325,461.3,329.4,384,1244,344,1282,1395,1841
5646212,465.94,326.25,460.98,330.225,390,1242,342,1291,1393,1842
5646214,465.78,327.075,461.86,330.6,389,1251,351,1294,1395,1841
5646216,465.86,326.775,461.7,330.9,390,1248,350,1298,1396,1840
5646218,465.62,326.55,461.62,330.45,387,1246,349,1293,1395,1842
5646220,465.86,326.625,462.42,331.275,390,1246,359,1301,1393,1841
5646222,465.54,326.625,462.18,330.675,387,1247,355,1295,1397,1846
5646224,465.86,326.55,461.54,330.9,391,1246,350,1298,1392,1844
5646226,465.54,326.55,462.34,330.9,387,1246,358,1297,1395,1846
5646228,465.86,327,462.18,331.275,392,1251,357,1301,1397,1843
5646230,465.7,326.625,462.18,330.15,390,1247,356,1289,1395,1849
5646232,465.78,326.85,462.58,331.275,392,1250,362,1301,1394,1849
5646234,466.18,326.25,462.18,330.6,395,1243,358,1294,1395,1853
5646236,466.02,327.3,462.18,330.3,396,1254,358,1291,1402,1852
5646238,466.18,326.625,462.42,330.225,396,1247,360,1290,1395,1854
5646240,466.26,326.25,462.9,330.675,398,1243,367,1294,1397,1852
5646242,466.34,326.475,462.18,330.525,398,1246,359,1294,1398,1854
5646244,465.78,326.175,462.42,330.075,393,1243,362,1289,1399,1848
5646246,465.78,325.95,462.26,329.7,393,1241,360,1285,1399,1853
5646248,466.18,326.175,462.34,330.825,397,1242,362,1297,1399,1851
5646250,466.42,326.025,462.02,330.075,400,1241,358,1289,1400,1853
5646252,466.66,326.025,462.18,329.55,403,1240,360,1283,1399,1853
5646254,466.02,325.5,462.5,330.45,396,1235,364,1292,1401,1856
5646256,466.58,325.725,462.5,328.95,403,1237,363,1276,1399,1855
5646258,466.74,326.1,462.1,329.4,404,1241,359,1282,1403,1860
5646260,466.1,325.35,462.26,329.85,398,1233,362,1286,1402,1857
5646262,466.42,325.725,462.58,329.175,401,1237,364,1279,1407,1860
5646264,466.58,326.475,461.7,329.025,404,1245,356,1278,1405,1862
5646266,466.34,325.575,461.94,329.25,401,1235,359,1280,1400,1860
5646268,466.58,325.725,462.74,328.5,404,1237,366,1271,1404,1858
5646270,466.1,325.95,462.34,328.8,399,1240,363,1275,1405,1861
5646272,466.26,325.65,463.06,329.1,401,1236,371,1277,1406,1857
5646274,465.62,325.35,462.42,328.575,393,1234,364,1272,1404,1861
5646276,466.1,325.5,462.5,329.7,399,1234,366,1283,1401,1865
5646278,466.42,324.975,462.02,328.95,402,1229,360,1276,1407,1861
5646280,466.34,325.5,462.66,329.925,401,1234,367,1286,1404,1858
5646282,465.86,324.525,462.1,329.775,395,1224,361,1285,1404,1864
5646284,466.26,325.95,462.74,330.075,402,1238,368,1287,1410,1863
5646286,465.78,325.875,462.26,329.625,396,1238,363,1283,1406,1861
5646288,465.06,325.275,462.42,329.025,388,1232,364,1276,1408,1867
5646290,465.22,324.9,462.5,329.775,390,1228,366,1284,1411,1866
5646292,465.06,324.825,462.42,329.7,388,1228,365,1283,1409,1861
5646294,464.5,324.75,462.34,329.4,382,1227,364,1280,1411,1864
5646296,464.9,324.975,462.5,329.4,386,1229,365,1280,1413,1865
5646298,464.5,324.375,462.18,329.625,381,1223,363,1282,1409,1863
5646300,465.3,323.775,462.18,329.4,389,1215,362,1279,1405,1863
5646302,464.9,323.175,462.02,328.5,385,1210,359,1270,1408,1865
5646304,464.82,323.55,461.54,329.1,384,1214,355,1278,1410,1867
5646306,464.5,324.15,462.1,329.25,381,1220,361,1278,1409,1865
5646308,464.34,323.775,461.22,328.575,379,1217,351,1272,1411,1868
5646310,463.54,324.6,461.62,328.8,371,1226,355,1274,1412,1867
5646312,463.78,324.3,461.62,328.95,374,1223,355,1276,1413,1865
5646314,464.42,324.225,461.06,329.25,380,1222,350,1280,1410,1865
5646316,464.1,324.525,461.3,328.8,377,1225,352,1274,1412,1862
5646318,463.46,324.225,461.22,329.325,369,1222,352,1280,1415,1863
5646320,463.62,324.6,461.46,329.1,371,1227,353,1277,1412,1863
5646322,463.38,324.9,461.3,329.25,369,1230,352,1280,1414,1866
5646324,463.38,325.125,461.06,330.3,369,1232,350,1291,1415,1862
5646326,463.7,324.225,461.14,329.55,371,1222,350,1283,1413,1868
5646328,463.86,324.6,461.38,330.225,373,1227,353,1290,1414,1863
5646330,463.22,325.65,461.7,330.3,368,1238,356,1290,1416,1863
5646332,463.14,326.025,462.42,329.85,367,1243,362,1284,1421,1866
5646334,463.38,325.35,461.86,330,369,1235,357,1287,1416,1862
5646336,462.98,324.45,461.46,330.3,363,1226,353,1290,1413,1858
5646338,463.46,325.725,462.18,329.7,369,1239,360,1284,1415,1863
5646340,463.3,325.2,462.02,329.475,367,1233,358,1281,1415,1863
5646342,463.14,325.125,462.02,329.25,365,1233,358,1279,1415,1864
5646344,463.78,323.7,461.7,329.1,370,1217,354,1277,1415,1866
5646346,464.02,323.475,461.46,328.575,372,1214,350,1272,1416,1863
5646348,463.62,324.3,461.94,328.8,368,1224,356,1274,1414,1858
5646350,463.7,323.4,461.86,328.5,368,1214,354,1271,1412,1863
5646352,462.98,322.8,461.86,328.725,360,1208,355,1273,1414,1861
5646354,463.78,322.8,461.7,328.725,369,1207,353,1274,1416,1863
5646356,463.94,323.25,462.18,328.65,371,1212,357,1272,1417,1863
5646358,464.18,322.5,461.86,327.525,372,1204,353,1261,1419,1865
5646360,464.18,322.575,462.74,327.525,371,1204,362,1260,1417,1864
5646362,464.34,321.825,462.18,328.2,373,1196,356,1267,1416,1865
5646364,464.02,322.275,462.9,327.525,369,1202,363,1260,1418,1865
5646366,464.98,322.05,462.98,327.525,380,1198,364,1259,1415,1864
5646368,464.42,322.875,462.82,327.975,374,1207,363,1264,1417,1861
5646370,464.82,322.575,462.5,328.275,378,1203,359,1268,1419,1862
5646372,464.9,322.2,462.66,327.975,379,1199,361,1265,1415,1860
5646374,464.5,322.65,463.22,328.05,375,1205,367,1265,1420,1860
5646376,464.5,322.725,463.06,328.05,375,1206,365,1265,1416,1857
5646378,464.26,323.1,462.9,329.175,373,1210,364,1277,1418,1860
5646380,464.34,322.65,463.38,328.5,374,1205,369,1269,1417,1856
5646382,464.34,323.475,463.3,329.25,374,1213,369,1277,1417,1857
5646384,464.26,324.15,463.46,330.225,374,1221,372,1288,1414,1853
5646386,463.86,324.675,463.22,330.225,370,1228,369,1288,1420,1859
5646388,463.78,324.975,463.3,330.825,369,1230,370,1295,1414,1853
5646390,464.18,324.45,463.14,331.575,373,1224,370,1303,1416,1850
5646392,464.1,325.65,463.78,331.425,374,1238,376,1301,1420,1854
5646394,463.7,325.35,463.06,331.875,369,1235,369,1306,1418,1848
5646396,463.54,325.425,463.3,331.575,368,1236,372,1303,1416,1848
5646398,464.34,325.275,463.62,330.675,377,1233,374,1293,1417,1855
5646400,463.7,324.9,463.7,332.25,370,1230,377,1310,1414,1849
5646402,463.38,324.75,464.1,331.35,366,1229,380,1300,1414,1850
5646404,463.7,326.325,463.86,331.05,371,1246,378,1297,1425,1852
5646406,464.66,324.825,463.86,331.65,379,1229,378,1303,1415,1847
5646408,464.18,324.975,464.42,332.1,375,1232,384,1308,1417,1847
5646410,464.18,325.8,464.18,331.5,376,1240,382,1302,1421,1852
5646412,464.58,325.425,464.34,332.1,380,1236,384,1309,1416,1848
5646414,464.42,324.6,464.58,331.425,377,1227,386,1301,1418,1846
5646416,464.9,325.275,464.42,330.6,383,1234,384,1293,1419,1850
5646418,464.5,324.9,464.02,330.675,379,1231,380,1294,1416,1846
5646420,464.26,324.525,463.78,330.975,376,1227,378,1297,1416,1845
5646422,464.66,323.625,464.18,330.525,379,1217,382,1292,1413,1848
5646424,464.18,324.675,464.02,331.125,375,1229,380,1299,1418,1844
5646426,464.82,323.55,463.62,330.975,381,1216,376,1297,1411,1846
5646428,463.94,324.45,463.7,330.825,373,1226,377,1296,1412,1847
5646430,463.7,324.45,463.54,331.95,370,1227,376,1308,1417,1842
5646432,463.54,324.075,463.62,330.9,369,1222,376,1296,1415,1843
5646434,463.54,324.675,463.38,331.35,369,1230,374,1301,1413,1846
5646436,464.02,324.15,463.22,331.125,374,1223,372,1300,1414,1840
5646438,463.46,324.75,463.22,331.275,368,1230,372,1301,1414,1839
5646440,463.86,323.775,462.98,330.15,371,1219,368,1289,1410,1839
5646442,463.78,324.225,462.98,330.15,370,1224,368,1289,1412,1845
5646444,462.5,325.05,463.14,331.2,358,1233,371,1299,1414,1837
5646446,463.14,323.775,463.3,331.125,363,1219,372,1298,1410,1836
5646448,463.06,324.375,462.9,330.975,363,1225,368,1297,1410,1837
5646450,463.22,323.775,462.42,330.525,364,1218,361,1292,1413,1838
5646452,463.7,323.475,462.42,331.35,368,1214,362,1300,1411,1837
5646454,463.06,323.175,462.26,330.225,361,1211,359,1288,1411,1841
5646456,462.74,324.375,462.5,330.375,358,1224,362,1289,1412,1838
5646458,463.06,324,462.9,331.125,361,1220,366,1297,1411,1841
5646460,463.06,324.6,462.18,330.675,361,1225,357,1292,1412,1835
5646462,462.98,324.525,462.5,330.375,359,1224,361,1288,1410,1840
5646464,463.22,324,462.34,331.5,361,1218,359,1300,1407,1831
5646466,462.58,324.225,462.1,331.05,354,1221,356,1296,1409,1835
5646468,463.14,324.675,461.62,331.575,360,1225,351,1301,1409,1835
5646470,462.42,324.825,461.86,331.125,352,1227,353,1296,1408,1832
5646472,463.22,324.3,461.86,331.95,359,1219,353,1304,1408,1829
5646474,463.3,324,462.26,332.1,360,1217,357,1306,1407,1835
5646476,463.14,324.3,461.86,331.2,358,1219,352,1295,1408,1832
5646478,463.22,324.975,462.02,331.05,360,1226,354,1294,1409,1835
5646480,463.06,324.75,462.02,332.625,357,1224,354,1310,1406,1831
5646482,463.22,324.375,462.18,332.1,358,1220,355,1305,1408,1831
5646484,463.3,324.525,462.1,332.775,358,1220,354,1311,1406,1829
5646486,462.9,324.975,462.34,332.775,355,1226,357,1311,1408,1827
5646488,463.38,325.05,462.26,332.025,359,1226,355,1303,1411,1829
5646490,462.74,325.35,462.02,332.325,352,1230,352,1306,1409,1829
5646492,463.06,324.6,462.02,332.175,355,1221,351,1304,1404,1828
5646494,463.22,324.825,462.02,331.5,357,1223,351,1297,1407,1831
5646496,463.38,324.525,461.94,331.95,357,1220,349,1301,1407,1828
5646498,462.82,324.9,461.94,332.55,352,1225,350,1308,1407,1828
5646500,463.62,324.75,462.1,331.95,360,1222,351,1301,1406,1829
5646502,463.3,325.275,462.18,332.4,357,1228,353,1306,1409,1829
5646504,463.46,324.225,462.42,333.15,358,1217,356,1314,1407,1826
5646506,463.86,324.375,462.66,332.25,362,1218,358,1304,1405,1830
5646508,463.38,324.6,462.98,332.625,357,1221,361,1308,1406,1827
5646510,463.78,324.45,462.58,332.55,361,1218,356,1308,1407,1827
5646512,464.02,324.45,462.9,332.1,364,1219,360,1302,1405,1828
5646514,463.46,324.825,462.9,331.95,358,1223,360,1301,1406,1829
5646516,463.94,324.75,463.06,332.025,363,1222,361,1302,1406,1827
5646518,464.18,324,462.9,331.5,365,1213,359,1296,1402,1831
5646520,463.94,324.525,462.9,332.775,363,1219,361,1310,1405,1830
5646522,463.86,325.05,463.46,332.85,363,1225,366,1311,1407,1826
5646524,464.1,325.95,463.22,332.1,366,1235,363,1302,1405,1825
5646526,464.34,324.975,463.38,333,368,1224,366,1312,1407,1827
5646528,464.42,325.05,463.54,333.375,369,1225,368,1316,1405,1828
5646530,464.18,324.6,463.22,333,366,1221,365,1313,1405,1825
5646532,464.26,324.975,463.14,333.375,368,1225,364,1317,1404,1826
5646534,464.18,325.725,463.7,333,368,1233,370,1313,1405,1826
5646536,464.66,325.35,463.3,333.3,373,1229,367,1317,1401,1822
5646538,464.66,325.275,463.22,333.075,373,1228,365,1314,1402,1822
5646540,464.5,325.2,463.54,333.15,372,1228,370,1315,1399,1821
5646542,465.38,325.65,463.7,333.15,381,1232,371,1315,1399,1822
5646544,464.66,325.875,463.22,333.075,375,1235,367,1315,1398,1821
5646546,464.34,325.725,463.78,333.375,371,1234,373,1318,1402,1823
5646548,464.34,325.575,463.38,333.3,371,1233,369,1318,1401,1823
5646550,464.42,325.875,463.22,333.975,372,1236,368,1325,1401,1818
5646552,464.98,325.5,463.62,334.05,379,1232,373,1326,1397,1817
5646554,464.74,326.25,463.46,334.125,377,1240,371,1327,1403,1819
5646556,464.74,326.25,463.86,333.75,378,1240,376,1323,1401,1821
5646558,465.62,326.025,464.02,333.6,387,1237,377,1321,1393,1820
5646560,465.94,325.35,463.86,333.6,390,1229,376,1321,1396,1820
5646562,465.06,326.025,463.14,333.225,382,1238,368,1318,1395,1819
5646564,465.54,326.55,463.54,334.2,388,1243,375,1328,1400,1813
5646566,465.46,326.7,463.7,334.05,387,1245,376,1327,1399,1817
5646568,465.06,325.95,463.38,334.125,383,1238,374,1328,1394,1815
5646570,465.46,326.175,463.54,334.05,388,1240,375,1327,1396,1814
5646572,465.14,326.1,463.7,334.05,385,1239,377,1327,1393,1816
5646574,465.3,326.4,463.94,333.45,387,1242,380,1321,1397,1816
5646576,465.62,326.475,463.78,334.2,391,1243,379,1329,1394,1814
5646578,465.7,326.475,463.46,333.3,391,1243,375,1319,1395,1815
5646580,465.3,326.025,464.26,333.6,388,1239,385,1322,1395,1815
5646582,465.46,326.775,463.38,333.9,390,1247,375,1326,1393,1812
5646584,465.54,326.7,463.62,333.525,392,1246,378,1322,1392,1814
5646586,465.22,326.925,463.7,333.675,388,1249,379,1323,1396,1815
5646588,465.46,325.875,463.38,333.525,390,1237,376,1323,1392,1812
5646590,464.98,326.025,463.22,332.85,386,1239,374,1315,1391,1816
5646592,465.38,326.625,463.54,333.6,390,1245,378,1323,1394,1814
5646594,465.38,325.65,463.38,333.3,390,1235,377,1319,1395,1816
5646596,465.14,325.275,463.06,333.45,387,1231,374,1322,1394,1813
5646598,464.98,325.95,463.54,333.225,386,1239,379,1319,1395,1812
5646600,465.54,325.65,463.06,333.225,392,1234,374,1320,1392,1809
5646602,465.06,325.8,462.42,332.775,387,1237,367,1315,1392,1816
5646604,464.5,325.95,462.98,333.15,382,1239,373,1319,1392,1812
5646606,464.42,325.65,463.14,332.925,381,1236,375,1316,1391,1810
5646608,464.82,326.1,463.06,333.15,386,1240,374,1318,1391,1807
5646610,464.5,326.625,462.74,333.225,383,1246,371,1319,1390,1810
5646612,464.1,326.025,463.06,333.525,378,1240,375,1322,1393,1804
5646614,464.02,327.3,462.74,333.825,378,1253,372,1325,1390,1806
5646616,463.62,327.3,462.9,334.05,374,1254,374,1328,1392,1810
5646618,464.1,326.175,462.74,334.2,378,1241,371,1329,1387,1808
5646620,463.7,326.175,462.66,333.825,373,1241,370,1326,1387,1803
5646622,463.54,327.15,462.9,333.9,373,1252,373,1326,1391,1806
5646624,463.62,326.55,462.34,334.275,373,1246,367,1331,1387,1802
5646626,463.62,326.925,462.18,333.9,373,1250,365,1326,1391,1808
5646628,463.86,327.075,462.34,334.2,376,1251,367,1330,1391,1805
5646630,463.3,327.225,462.26,334.35,370,1253,366,1331,1392,1805
5646632,463.14,327.15,462.26,334.2,368,1252,365,1330,1389,1805
5646634,463.22,327.45,462.58,334.35,369,1256,369,1331,1389,1802
5646636,463.22,326.85,461.78,334.8,368,1250,361,1337,1388,1801
5646638,463.62,327.75,462.18,334.125,373,1258,364,1329,1392,1802
5646640,463.62,328.125,462.34,334.875,373,1263,367,1337,1389,1800
5646642,463.54,327.825,462.26,334.725,372,1259,366,1336,1388,1804
5646644,463.62,327.975,462.18,334.875,373,1262,365,1338,1387,1801
5646646,463.46,327.45,462.26,334.275,371,1256,365,1331,1392,1802
5646648,464.18,328.05,461.86,335.25,379,1262,362,1343,1389,1800
5646650,463.54,327.225,461.46,335.25,371,1254,357,1343,1384,1802
5646652,463.7,327.975,462.18,334.725,373,1262,364,1337,1387,1799
5646654,464.34,327.975,461.86,335.775,380,1261,362,1348,1386,1796
5646656,464.02,328.125,461.62,335.55,377,1264,359,1347,1385,1798
5646658,464.18,326.7,461.78,335.025,377,1248,360,1341,1385,1800
5646660,463.78,328.65,462.02,335.55,374,1270,362,1346,1388,1794
5646662,462.98,328.5,461.62,335.55,365,1269,359,1347,1385,1796
5646664,463.94,329.325,461.62,335.1,376,1277,357,1342,1382,1798
5646666,464.18,328.125,461.78,335.325,377,1265,359,1345,1385,1796
5646668,463.14,328.875,462.02,335.1,367,1274,361,1343,1383,1796
5646670,463.38,328.95,462.1,334.875,369,1275,362,1340,1383,1797
5646672,463.86,328.425,461.62,335.55,374,1269,357,1348,1384,1799
5646674,463.14,329.625,461.86,334.875,367,1283,359,1341,1380,1798
5646676,463.78,329.475,461.54,335.4,373,1281,357,1348,1382,1795
5646678,463.3,328.05,461.94,335.55,367,1266,360,1349,1380,1795
5646680,463.94,329.4,461.86,335.325,375,1280,359,1346,1379,1795
5646682,463.54,330.15,461.54,335.775,372,1289,356,1352,1379,1792
5646684,463.7,330.075,461.78,335.55,373,1288,359,1349,1377,1792
5646686,463.46,329.25,462.1,335.25,370,1279,361,1346,1378,1794
5646688,463.62,330.9,461.86,335.475,373,1298,359,1349,1375,1792
5646690,463.78,329.7,462.34,335.4,373,1284,364,1348,1377,1796
5646692,463.86,331.125,461.94,335.025,376,1300,360,1344,1374,1795
5646694,463.62,330.6,462.1,335.625,373,1294,362,1350,1376,1794
5646696,463.46,330.975,462.34,335.925,371,1299,364,1354,1374,1795
5646698,464.18,331.35,462.1,335.475,379,1302,361,1349,1375,1794
5646700,463.3,331.725,462.18,335.775,370,1308,362,1352,1373,1791
5646702,463.7,331.2,462.26,335.775,374,1301,363,1352,1376,1794
5646704,463.78,331.65,462.5,335.775,375,1306,366,1352,1374,1790
5646706,464.34,330.9,462.66,335.85,380,1297,367,1353,1376,1792
5646708,463.62,330.825,462.34,336.075,372,1297,364,1356,1372,1789
5646710,463.46,331.425,462.34,335.85,371,1304,364,1354,1372,1795
5646712,464.34,331.05,462.42,335.325,380,1300,364,1348,1376,1791
5646714,463.7,331.5,461.94,335.55,374,1305,359,1351,1368,1789
5646716,464.02,331.125,462.66,335.625,376,1301,367,1352,1371,1789
5646718,464.26,331.05,462.1,335.325,379,1300,360,1349,1375,1794
5646720,463.7,331.05,462.26,336.075,373,1301,363,1357,1375,1789
5646722,463.62,330.9,462.1,334.95,372,1299,360,1345,1370,1793
5646724,464.1,329.85,462.26,335.7,376,1287,362,1352,1374,1790
5646726,463.62,330.825,462.42,335.1,372,1298,364,1346,1369,1793
5646728,464.34,330.225,461.94,335.175,378,1291,359,1347,1372,1790
5646730,464.66,329.4,462.1,335.4,381,1281,360,1349,1374,1791
5646732,464.34,330.15,461.86,335.325,378,1290,358,1348,1370,1791
5646734,464.1,330.075,462.18,334.8,376,1290,361,1343,1372,1788
5646736,464.9,329.625,462.18,335.175,384,1284,361,1346,1373,1788
5646738,464.5,329.4,462.5,334.65,379,1281,364,1341,1371,1790
5646740,464.82,329.55,462.02,335.325,383,1282,360,1348,1370,1787
5646742,465.3,329.55,462.02,334.8,388,1282,359,1342,1370,1792
5646744,465.06,329.625,461.94,335.1,385,1282,358,1345,1373,1793
5646746,464.66,328.725,462.18,335.25,380,1273,361,1347,1373,1787
5646748,465.22,329.325,462.42,334.575,386,1278,362,1338,1370,1792
5646750,464.98,329.4,462.1,335.1,384,1279,360,1344,1369,1787
5646752,464.82,330.15,462.82,335.25,383,1287,367,1344,1372,1785
5646754,465.46,329.25,462.5,334.65,389,1277,363,1339,1370,1794
5646756,464.58,329.775,462.26,335.625,380,1283,361,1349,1370,1788
5646758,464.58,329.85,462.26,335.175,380,1284,361,1344,1367,1788
5646760,465.06,330,462.18,335.475,385,1284,361,1347,1368,1785
5646762,465.3,329.7,462.1,334.65,387,1281,359,1338,1371,1785
5646764,464.98,329.775,462.74,335.175,384,1281,366,1342,1366,1785
5646766,465.3,330.15,462.5,334.725,388,1285,363,1338,1368,1788
5646768,465.7,329.775,462.34,335.025,391,1280,362,1340,1371,1787
5646770,465.38,329.4,462.82,335.475,388,1276,368,1345,1365,1786
5646772,465.54,330.075,462.5,335.325,391,1283,363,1343,1367,1785
5646774,465.3,330.075,463.38,335.1,388,1283,373,1340,1365,1782
5646776,465.38,329.85,462.74,335.1,389,1280,366,1340,1366,1782
5646778,465.46,330.6,462.26,335.25,390,1288,361,1342,1365,1786
5646780,465.46,330.3,462.66,335.925,390,1285,366,1349,1362,1783
5646782,465.14,330.525,462.42,335.475,387,1288,363,1344,1367,1787
5646784,465.46,331.425,462.58,335.625,391,1297,365,1345,1367,1786
5646786,465.46,330.675,462.74,335.7,390,1289,367,1347,1362,1784
5646788,465.54,330.9,462.58,336,391,1291,365,1350,1363,1782
5646790,465.7,330.6,462.98,335.775,392,1288,369,1347,1366,1782
5646792,465.78,329.775,463.3,335.775,393,1279,373,1347,1365,1783
5646794,466.26,330.375,462.74,335.4,399,1285,367,1343,1362,1780
5646796,466.26,331.35,462.58,335.85,400,1296,366,1349,1360,1783
5646798,465.62,330.225,462.66,335.925,392,1284,367,1349,1361,1782
5646800,466.1,331.05,463.54,335.625,398,1292,375,1345,1362,1779
5646802,465.94,330.75,463.06,335.85,396,1289,371,1348,1361,1777
5646804,466.5,331.575,463.46,335.55,402,1298,374,1344,1359,1779
5646806,466.18,331.425,462.58,335.775,399,1297,366,1348,1359,1781
5646808,466.34,332.1,462.82,336,401,1305,368,1350,1357,1777
5646810,466.34,331.2,462.9,336.3,401,1295,370,1353,1355,1780
5646812,466.42,332.625,462.9,336.225,403,1310,370,1353,1354,1777
5646814,466.18,332.325,462.42,336.375,400,1307,365,1355,1357,1778
5646816,466.26,332.175,463.14,336.375,401,1306,372,1355,1357,1779
5646818,466.9,332.25,462.26,335.925,407,1306,363,1351,1352,1780
5646820,466.42,332.025,462.5,336.375,402,1304,365,1356,1355,1778
5646822,466.1,332.55,462.74,336,399,1310,367,1351,1354,1775
5646824,466.18,333.3,462.02,336.3,401,1319,360,1356,1356,1775
5646826,466.5,332.325,462.74,336.375,403,1308,368,1356,1358,1778
5646828,465.94,331.95,462.5,336.225,397,1305,365,1355,1350,1774
5646830,466.18,332.55,461.86,336.225,400,1311,359,1356,1355,1775
5646832,466.34,331.5,462.26,336.3,401,1300,363,1356,1357,1775
5646834,466.42,330.9,462.58,335.85,401,1293,366,1351,1354,1771
5646836,466.1,332.4,461.7,336,399,1310,357,1354,1352,1771
5646838,466.66,331.725,462.02,335.85,404,1303,360,1352,1355,1770
5646840,465.54,332.775,462.5,335.55,394,1315,365,1348,1352,1771
5646842,466.34,332.175,462.58,335.775,401,1308,366,1351,1353,1771
5646844,466.5,332.4,461.54,335.775,403,1310,355,1352,1353,1771
5646846,466.42,331.875,461.7,335.7,402,1304,356,1351,1353,1772
5646848,465.46,332.475,462.1,335.85,392,1312,360,1353,1350,1770
5646850,465.62,333,461.54,335.475,395,1317,354,1349,1346,1771
5646852,466.34,332.175,461.78,336,401,1308,357,1354,1356,1769
5646854,465.3,333.225,461.7,335.85,391,1320,356,1353,1349,1768
5646856,465.94,333.075,461.22,335.7,398,1318,350,1352,1350,1763
5646858,466.66,332.175,460.82,336,404,1308,347,1356,1352,1765
5646860,465.7,333,461.94,335.55,395,1318,358,1350,1345,1765
5646862,466.02,333.075,461.14,335.85,399,1319,350,1354,1348,1762
5646864,466.18,332.7,461.22,336.15,400,1314,350,1357,1350,1766
5646866,465.62,333.3,461.86,335.775,394,1321,358,1352,1350,1763
5646868,465.3,332.925,461.38,335.775,390,1318,352,1352,1352,1763
5646870,466.26,332.85,461.3,335.475,400,1315,351,1350,1347,1759
5646872,464.9,333.6,461.06,335.025,387,1325,348,1345,1347,1760
5646874,465.54,332.625,460.9,335.775,392,1314,347,1353,1350,1762
5646876,465.7,333.15,461.46,335.625,394,1319,352,1351,1344,1762
5646878,465.22,332.925,461.14,335.625,389,1318,349,1351,1343,1762
5646880,465.62,332.4,461.14,335.925,392,1311,349,1354,1351,1761
5646882,465.14,333.675,461.38,335.175,388,1325,350,1346,1341,1755
5646884,465.46,333.45,461.46,335.625,391,1322,351,1350,1344,1756
5646886,465.86,333.45,460.98,335.4,395,1322,345,1348,1347,1757
5646888,465.78,333.45,461.38,335.7,394,1322,350,1351,1350,1757
5646890,465.38,333.525,461.22,335.325,390,1323,347,1347,1344,1758
5646892,465.94,333.3,461.38,335.325,395,1320,349,1347,1345,1757
5646894,465.38,333.075,460.98,335.475,389,1318,345,1349,1346,1756
5646896,465.38,333.15,461.38,335.55,389,1319,349,1349,1342,1751
5646898,465.86,333.225,461.06,335.55,394,1319,346,1349,1347,1756
5646900,465.3,334.275,461.06,335.1,389,1331,345,1344,1348,1755
5646902,465.62,333.525,461.46,335.025,391,1323,349,1343,1344,1752
5646904,465.86,333.15,461.06,335.475,394,1318,345,1349,1346,1753
5646906,465.62,333.525,460.98,335.4,391,1323,344,1348,1344,1752
5646908,465.62,333.975,461.22,335.775,392,1327,347,1351,1342,1748
5646910,466.34,333.525,460.82,335.85,398,1321,342,1352,1343,1750
5646912,464.98,334.65,461.3,335.625,386,1335,347,1350,1343,1750
5646914,466.34,333.375,461.38,335.325,398,1320,348,1346,1346,1751
5646916,466.26,333.675,461.3,335.175,398,1323,347,1345,1345,1752
5646918,466.26,333.675,461.14,335.55,398,1323,345,1349,1345,1753
5646920,465.62,333.9,461.54,335.925,391,1326,350,1352,1341,1747
5646922,466.1,334.275,461.38,335.4,396,1329,348,1347,1348,1751
5646924,466.18,333.975,461.22,336.3,397,1326,347,1357,1344,1750
5646926,466.82,333.6,461.78,336.075,403,1322,352,1354,1339,1748
5646928,466.26,333.6,461.06,335.925,397,1322,345,1352,1345,1747
5646930,466.26,334.125,461.46,336,398,1328,350,1353,1346,1746
5646932,466.02,333.525,461.7,336.15,395,1322,353,1354,1340,1744
5646934,466.5,333.825,461.14,335.925,400,1324,346,1352,1342,1746
5646936,466.02,334.875,460.98,336.525,397,1336,346,1359,1342,1744
5646938,466.18,333.9,461.94,335.775,397,1325,355,1350,1340,1745
5646940,466.34,335.1,461.7,336.45,400,1338,353,1358,1343,1740
5646942,466.34,334.8,461.7,336.525,400,1335,353,1359,1342,1744
5646944,466.34,335.25,461.06,336.825,401,1340,347,1363,1340,1744
5646946,467.06,335.25,461.94,336.525,408,1339,355,1358,1340,1742
5646948,466.5,334.125,461.78,336.3,402,1328,354,1356,1343,1739
5646950,466.5,334.725,461.38,336.9,402,1334,350,1363,1341,1742
5646952,466.66,334.575,461.78,336.45,404,1332,355,1358,1338,1741
5646954,466.34,334.425,461.62,336.375,401,1332,353,1358,1341,1742
5646956,466.74,335.1,461.22,336.225,406,1338,349,1356,1341,1737
5646958,466.1,335.175,462.1,336.075,399,1340,358,1354,1338,1739
5646960,467.14,334.35,461.62,335.925,409,1330,353,1353,1338,1739
5646962,466.66,334.65,461.54,336.3,405,1334,353,1358,1339,1739
5646964,467.06,334.875,461.7,336.525,410,1336,355,1359,1337,1737
5646966,466.26,335.325,461.7,336.225,402,1341,355,1356,1340,1737
5646968,466.26,335.325,461.7,336.9,402,1342,356,1364,1339,1734
5646970,466.18,335.25,462.26,336.45,402,1341,361,1358,1336,1740
5646972,466.26,336,461.46,336.9,404,1349,353,1364,1337,1734
5646974,466.26,335.775,461.3,336.15,403,1346,351,1356,1336,1734
5646976,466.66,335.925,461.7,336.6,407,1348,356,1361,1338,1734
5646978,466.1,335.775,461.62,336.825,401,1347,355,1363,1339,1732
5646980,466.34,335.475,461.22,336.3,404,1344,351,1358,1336,1735
5646982,466.1,335.25,461.46,336.525,402,1342,354,1361,1340,1733
5646984,466.18,335.625,461.22,336.6,403,1346,352,1362,1338,1731
5646986,466.34,335.775,461.86,336.525,406,1347,359,1360,1336,1735
5646988,465.86,335.325,461.62,337.05,400,1343,357,1366,1337,1728
5646990,466.18,335.85,461.7,336.75,404,1348,357,1363,1339,1729
5646992,466.1,334.725,461.38,337.2,402,1336,355,1369,1332,1728
5646994,466.74,335.55,461.54,336.825,410,1345,356,1364,1334,1729
5646996,466.18,336.15,461.7,336.9,405,1352,358,1365,1336,1730
5646998,466.18,336.225,461.46,336.375,404,1352,355,1359,1337,1729
5647000,466.58,336.15,461.46,337.05,409,1352,356,1367,1331,1725
5647002,466.5,336.375,461.22,337.05,408,1354,353,1367,1336,1725
5647004,466.74,335.4,461.14,336.975,410,1344,353,1367,1332,1727
5647006,466.66,335.925,461.22,336.6,410,1350,354,1362,1332,1727
5647008,466.74,336.3,461.22,336.525,411,1354,353,1362,1329,1722
5647010,467.22,335.1,461.06,336.225,416,1340,352,1359,1327,1723
5647012,466.5,335.925,461.14,337.425,409,1349,354,1372,1327,1724
5647014,466.66,335.55,460.9,336.975,410,1346,351,1367,1328,1722
5647016,466.26,335.475,461.14,337.05,406,1345,353,1368,1328,1723
5647018,466.66,335.1,461.22,336.225,409,1341,354,1359,1327,1719
5647020,465.7,335.025,460.74,336.675,400,1341,350,1364,1329,1719
5647022,466.82,335.4,460.58,336.075,412,1344,347,1358,1327,1721
5647024,466.82,335.4,461.06,336.3,412,1344,352,1360,1328,1715
5647026,466.02,335.775,460.5,336.525,404,1349,347,1363,1325,1716
5647028,465.94,335.625,460.58,336.525,403,1348,348,1363,1323,1716
5647030,466.42,334.875,461.06,336.6,408,1339,353,1363,1324,1712
5647032,465.7,335.25,460.9,336.9,400,1344,351,1367,1318,1710
5647034,466.74,334.725,460.1,336.75,411,1337,343,1366,1322,1713
5647036,466.34,335.85,460.42,336.9,408,1349,347,1367,1321,1710
5647038,466.34,336.375,460.58,336.75,408,1355,348,1365,1321,1714
5647040,466.58,336.15,460.1,336.75,411,1353,343,1366,1322,1708
5647042,466.58,336.45,460.5,336.975,411,1355,347,1368,1321,1704
5647044,466.82,335.85,461.22,336.525,413,1349,355,1362,1320,1705
5647046,467.3,335.25,461.78,336.15,417,1342,360,1357,1320,1709
5647048,467.94,334.425,461.86,335.55,423,1332,361,1350,1317,1703
5647050,468.1,334.575,462.42,334.125,425,1333,364,1335,1321,1701
5647052,467.78,334.425,461.86,333.6,421,1332,358,1329,1319,1697
5647054,467.86,332.775,461.62,333.075,421,1313,355,1324,1315,1698
5647056,467.14,333.75,461.78,333,413,1325,357,1323,1317,1696
5647058,467.46,332.85,461.54,332.55,416,1315,353,1319,1315,1697
5647060,467.06,333.45,461.06,333,413,1322,349,1323,1315,1694
5647062,466.82,333,460.66,333,409,1317,345,1324,1314,1693
5647064,467.22,333.6,461.06,333.675,414,1323,349,1331,1315,1690
5647066,466.66,333.3,460.5,333.675,408,1320,343,1331,1312,1692
5647068,466.66,333.6,460.34,334.05,408,1323,342,1335,1314,1687
5647070,466.66,333,460.42,334.05,407,1317,343,1335,1311,1687
5647072,466.34,334.275,460.58,333.525,405,1331,344,1329,1310,1685
5647074,466.18,334.35,460.66,333.675,403,1332,345,1331,1310,1686
5647076,466.74,333.525,460.82,334.2,408,1322,347,1336,1307,1686
5647078,465.94,333.75,460.5,333.6,400,1326,343,1330,1306,1682
5647080,466.82,334.425,460.82,333.975,410,1332,346,1334,1305,1684
5647082,466.5,333.675,460.9,334.35,406,1325,347,1338,1308,1685
5647084,466.1,334.425,461.3,333.75,402,1333,352,1331,1309,1681
5647086,466.98,334.5,460.66,333.75,411,1333,344,1332,1305,1682
5647088,466.58,334.425,460.82,334.125,408,1332,346,1335,1305,1680
5647090,466.26,334.65,461.3,333.6,404,1335,351,1329,1308,1678
5647092,466.74,334.425,461.46,334.575,409,1332,354,1340,1304,1680
5647094,467.06,334.65,461.14,333.75,413,1334,349,1332,1302,1675
5647096,466.9,334.575,461.46,334.05,410,1334,353,1335,1301,1675
5647098,467.22,334.575,461.14,333.675,413,1334,349,1331,1302,1678
5647100,467.14,334.95,460.9,333.3,413,1338,346,1327,1301,1672
5647102,467.38,334.425,460.58,333,415,1332,342,1324,1297,1669
5647104,467.78,334.2,460.66,332.7,419,1330,342,1321,1295,1670
5647106,467.38,334.2,460.9,332.25,414,1330,345,1316,1297,1669
5647108,467.54,334.35,461.06,332.85,417,1331,347,1322,1296,1668
5647110,468.18,333.375,460.34,331.8,422,1321,338,1312,1292,1665
5647112,468.82,333.675,460.66,331.5,430,1323,341,1309,1291,1663
5647114,468.58,333.75,460.9,332.025,426,1324,344,1314,1287,1659
5647116,468.58,333.225,460.98,331.35,426,1319,344,1307,1286,1663
5647118,468.98,333.15,460.9,331.05,430,1317,343,1303,1289,1660
5647120,469.06,333,460.66,331.275,431,1316,341,1306,1285,1663
5647122,468.98,332.325,460.42,331.2,429,1309,338,1306,1284,1661
5647124,468.82,332.7,460.9,330.75,428,1313,343,1301,1282,1659
5647126,468.9,332.7,460.82,331.95,429,1313,343,1314,1282,1661
5647128,468.98,332.625,461.06,332.55,430,1312,346,1320,1281,1657
5647130,468.82,333.525,460.74,331.575,429,1322,342,1310,1286,1655
5647132,468.66,333.6,461.06,331.425,428,1323,346,1308,1287,1656
5647134,469.38,332.025,461.22,331.275,433,1305,348,1306,1277,1656
5647136,469.06,333.45,461.7,331.95,432,1321,353,1313,1281,1654
5647138,469.22,333.375,461.3,332.175,434,1320,350,1315,1280,1653
5647140,469.3,332.85,462.02,332.4,434,1315,357,1318,1278,1650
5647142,468.26,333.825,461.22,332.55,425,1326,350,1320,1279,1652
5647144,468.98,334.5,461.7,332.475,433,1333,354,1319,1280,1646
5647146,468.98,334.05,461.78,332.55,433,1328,356,1320,1279,1650
5647148,468.42,334.275,461.46,332.4,428,1331,353,1318,1275,1645
5647150,468.74,334.125,461.7,332.475,430,1329,355,1319,1276,1646
5647152,468.5,333.375,461.62,332.475,428,1322,355,1319,1273,1647
5647154,468.5,333.675,461.78,332.7,428,1325,357,1321,1272,1641
5647156,468.42,334.05,462.02,332.475,428,1329,359,1319,1272,1642
5647158,468.26,334.05,461.86,332.025,427,1329,357,1314,1274,1645
5647160,468.82,333.525,461.7,333,432,1323,357,1325,1268,1637
5647162,468.74,334.575,462.02,332.4,433,1335,359,1318,1272,1642
5647164,468.82,334.05,461.54,332.4,433,1329,355,1319,1269,1638
5647166,468.66,334.125,461.62,332.325,431,1330,356,1318,1267,1634
5647168,468.98,334.95,462.1,332.4,436,1338,361,1318,1272,1631
5647170,468.82,334.725,462.66,332.475,434,1336,367,1319,1267,1634
5647172,469.3,334.425,462.5,333,439,1333,366,1325,1266,1632
5647174,469.62,334.725,462.26,332.325,442,1335,362,1318,1267,1629
5647176,469.06,333.825,462.42,333.075,435,1327,365,1326,1265,1629
5647178,469.3,334.35,462.42,332.925,439,1332,365,1324,1264,1625
5647180,469.22,334.425,462.82,333.075,438,1333,369,1325,1262,1624
5647182,469.06,333.825,462.02,333.3,435,1327,361,1329,1260,1624
5647184,468.82,334.425,462.18,333.225,433,1333,362,1328,1264,1618
5647186,468.9,334.725,462.42,333.6,434,1336,365,1332,1265,1620
5647188,469.14,334.275,461.86,333.825,436,1332,359,1334,1261,1621
5647190,468.82,333.525,461.86,333.525,432,1324,359,1331,1260,1618
5647192,468.82,334.725,462.1,333.6,432,1337,361,1332,1261,1618
5647194,469.06,332.25,461.38,333.9,433,1310,354,1336,1255,1616
5647196,468.42,333.975,461.54,333.525,428,1329,354,1332,1257,1616
5647198,468.34,333.6,461.54,333.375,426,1325,354,1330,1257,1615
5647200,468.98,333.3,461.22,333.9,432,1321,351,1336,1253,1616
5647202,468.34,333.375,460.9,333.3,426,1323,347,1330,1256,1613
5647204,468.26,333.75,460.82,333.825,425,1326,347,1335,1256,1607
5647206,468.1,333.375,461.22,333.9,422,1322,350,1336,1253,1611
5647208,468.34,332.475,461.3,333.9,424,1312,351,1335,1253,1609
5647210,468.5,333.45,460.9,333.975,426,1322,347,1337,1254,1609
5647212,468.34,333,460.9,333.675,423,1317,346,1333,1246,1609
5647214,468.26,332.85,460.82,333.15,422,1316,344,1327,1254,1608
5647216,468.26,333.375,461.06,334.125,422,1322,347,1337,1249,1605
5647218,468.18,332.625,460.1,334.125,421,1313,338,1338,1247,1602
5647220,468.5,331.725,460.58,334.425,423,1303,342,1340,1247,1600
5647222,468.18,333.15,460.34,334.125,421,1319,339,1338,1247,1599
5647224,467.7,332.325,460.02,334.5,415,1309,336,1342,1246,1598
5647226,467.3,332.4,460.42,333.75,411,1311,340,1333,1246,1600
5647228,468.02,333.225,460.42,334.8,418,1318,340,1344,1245,1598
5647230,467.38,332.625,460.5,334.5,411,1313,340,1341,1242,1599
5647232,468.34,332.4,460.42,335.175,420,1309,340,1347,1245,1594
5647234,467.94,332.25,460.5,335.175,416,1308,341,1348,1246,1594
5647236,467.46,333,460.58,334.95,411,1316,340,1345,1240,1593
5647238,467.7,333.15,460.74,335.325,413,1318,342,1349,1241,1593
5647240,467.54,333.375,460.74,335.925,411,1320,342,1355,1244,1590
5647242,467.3,332.775,460.66,335.85,408,1313,342,1354,1238,1588
5647244,467.46,333.3,461.06,335.625,410,1318,344,1351,1241,1589
5647246,467.54,333.15,460.66,335.4,411,1317,340,1349,1238,1590
5647248,467.94,332.775,460.66,336,413,1312,341,1355,1238,1587
5647250,467.54,332.85,460.82,335.7,410,1313,342,1352,1238,1587
5647252,468.5,332.85,460.66,335.4,419,1312,339,1348,1236,1587
5647254,467.62,333,461.06,335.55,410,1315,344,1349,1238,1586
5647256,468.26,333.15,461.14,335.475,416,1316,344,1349,1237,1584
5647258,468.02,333.3,460.9,335.325,414,1317,341,1347,1239,1581
5647260,467.7,334.05,461.7,336.225,411,1326,350,1356,1234,1577
5647262,467.54,334.125,461.46,335.7,410,1327,347,1350,1237,1580
5647264,468.02,333.675,461.62,335.55,413,1321,348,1348,1233,1576
5647266,468.02,333.675,462.02,336.75,413,1321,354,1361,1233,1571
5647268,468.26,333.45,461.86,336.9,415,1318,352,1363,1234,1570
5647270,468.66,333.6,462.34,337.275,420,1319,357,1366,1234,1573
5647272,469.06,333.6,462.02,337.275,424,1319,354,1367,1230,1566
5647274,468.9,333.375,462.5,336.75,422,1317,358,1361,1233,1568
5647276,468.5,334.575,463.06,336.825,420,1330,364,1361,1235,1566
5647278,468.82,334.425,463.22,337.125,422,1328,366,1364,1232,1565
5647280,468.9,333.675,462.98,337.125,423,1320,365,1364,1234,1564
5647282,469.14,333.975,463.38,336.975,426,1323,369,1362,1233,1564
5647284,469.46,333.15,463.22,338.25,429,1314,368,1376,1231,1559
5647286,470.1,333.6,463.7,337.425,436,1318,372,1367,1229,1563
5647288,470.42,334.5,463.78,337.35,440,1327,373,1365,1233,1562
5647290,470.5,334.05,463.78,338.025,441,1322,374,1373,1225,1560
5647292,470.02,333.975,462.98,338.025,436,1322,366,1374,1227,1560
5647294,470.26,333.825,463.54,337.875,438,1321,371,1372,1227,1559
5647296,470.1,334.875,463.38,338.025,437,1332,370,1374,1229,1554
5647298,470.18,334.2,463.62,337.725,438,1325,372,1370,1227,1558
5647300,470.02,333.825,463.54,337.95,436,1321,372,1373,1228,1557
5647302,470.34,334.575,463.06,338.925,441,1329,369,1384,1229,1552
5647304,470.26,334.65,463.14,337.5,441,1331,368,1369,1225,1557
5647306,470.02,334.575,462.82,338.775,438,1330,367,1383,1227,1551
5647308,470.26,334.875,463.14,338.7,442,1334,371,1382,1223,1550
5647310,470.58,334.65,463.3,338.7,444,1331,372,1382,1223,1550
5647312,471.06,335.25,463.14,339.075,451,1337,372,1387,1227,1550
5647314,470.58,334.2,462.9,338.175,445,1326,368,1378,1225,1549
5647316,470.42,334.725,463.54,338.55,445,1333,376,1381,1224,1549
5647318,471.06,335.4,463.22,338.775,452,1339,374,1384,1225,1547
5647320,470.42,335.775,462.82,338.175,447,1344,369,1379,1218,1544
5647322,470.98,334.5,463.22,338.4,451,1330,374,1381,1223,1549
5647324,470.74,335.85,463.3,338.475,451,1346,375,1382,1218,1545
5647326,470.5,335.25,463.3,338.55,448,1339,375,1382,1223,1546
5647328,470.66,334.425,463.7,339.375,449,1330,381,1391,1218,1541
5647330,470.58,335.775,462.74,338.925,450,1345,371,1388,1222,1543
5647332,470.58,335.025,462.5,339.375,450,1337,369,1393,1219,1541
5647334,470.58,334.95,462.82,339.075,449,1337,373,1390,1220,1542
5647336,470.5,336.3,462.5,338.7,452,1352,370,1386,1222,1540
5647338,469.78,335.925,462.74,339.225,444,1348,372,1392,1221,1539
5647340,470.42,335.175,462.74,338.925,450,1339,373,1389,1217,1541
5647342,470.66,334.275,462.66,339,451,1330,372,1389,1217,1537
5647344,470.5,335.25,462.18,338.775,451,1340,367,1387,1222,1539
5647346,469.7,335.1,461.78,338.475,443,1340,363,1385,1220,1538
5647348,470.42,334.65,461.7,338.25,451,1334,363,1382,1214,1539
5647350,469.06,334.95,462.26,338.775,436,1338,369,1387,1217,1537
5647352,469.22,335.175,462.26,338.4,439,1340,368,1383,1214,1538
5647354,468.66,334.575,461.62,338.625,432,1335,362,1386,1218,1538
5647356,469.78,335.025,461.94,338.625,445,1338,366,1386,1215,1535
5647358,469.7,334.575,461.54,338.625,443,1333,362,1386,1217,1536
5647360,469.54,334.65,461.46,338.625,442,1335,361,1386,1217,1535
5647362,469.22,334.05,461.86,338.625,438,1328,365,1386,1218,1533
5647364,468.9,335.175,461.06,338.775,436,1341,357,1388,1217,1532
5647366,468.26,334.575,461.3,338.7,428,1335,359,1388,1214,1534
5647368,468.18,335.25,461.54,339.15,429,1342,362,1392,1217,1531
5647370,469.06,335.175,460.74,339.3,438,1341,354,1395,1215,1533
5647372,468.02,335.85,460.82,339.3,427,1348,355,1394,1214,1532
5647374,468.02,335.85,460.5,339.375,428,1349,352,1395,1216,1532
5647376,467.3,334.65,460.9,339.225,419,1336,356,1393,1216,1530
5647378,467.78,335.325,459.94,339.45,425,1344,347,1397,1213,1530
5647380,468.1,335.4,460.02,339.15,428,1343,347,1393,1213,1528
5647382,467.22,334.5,460.42,339.375,417,1335,351,1395,1213,1529
5647384,467.22,335.4,460.26,339.45,418,1345,350,1396,1215,1527
5647386,468.02,335.7,460.18,339.075,427,1347,348,1392,1217,1530
5647388,467.54,334.8,459.54,339.675,421,1338,342,1399,1214,1526
5647390,467.14,335.475,459.86,339.9,418,1346,346,1401,1215,1529
5647392,467.06,335.775,460.02,339.525,417,1349,347,1397,1212,1527
5647394,467.3,334.95,460.18,339.525,418,1340,348,1397,1210,1524
5647396,466.98,335.625,459.54,340.275,416,1347,341,1406,1214,1528
5647398,467.14,335.325,459.54,339.45,417,1344,341,1397,1213,1530
5647400,467.06,335.4,460.02,339.75,416,1345,346,1400,1216,1524
5647402,467.38,335.025,459.86,340.05,418,1341,344,1403,1212,1528
5647404,467.22,335.4,459.7,339.225,417,1346,342,1395,1211,1528
5647406,467.46,335.1,460.02,339.675,419,1341,345,1400,1215,1526
5647408,467.06,334.875,460.02,339.375,414,1340,344,1396,1212,1529
5647410,466.74,335.175,460.02,339.75,412,1344,345,1400,1213,1524
5647412,467.3,335.325,459.94,339.525,417,1345,344,1398,1208,1525
5647414,467.38,335.25,459.54,339.525,418,1344,340,1399,1212,1525
5647416,467.62,335.775,459.62,339,420,1350,340,1393,1213,1527
5647418,467.62,335.475,460.1,339.75,420,1346,345,1401,1208,1524
5647420,466.98,336.6,459.86,339.75,415,1359,343,1401,1214,1525
5647422,467.54,336,459.7,339,420,1352,340,1393,1212,1529
5647424,467.3,335.4,460.1,339.3,416,1346,344,1396,1212,1524
5647426,466.98,335.7,460.02,339.525,413,1349,344,1398,1215,1527
5647428,467.46,336.3,460.1,339.3,418,1356,344,1397,1209,1526
5647430,467.22,335.25,460.1,339.75,414,1345,344,1401,1210,1527
5647432,467.7,335.475,460.18,339.75,420,1347,345,1401,1216,1525
5647434,467.78,335.55,460.02,339.3,421,1347,343,1397,1207,1527
5647436,467.38,334.95,460.58,340.2,416,1342,350,1406,1212,1525
5647438,468.26,336.225,460.42,339.225,426,1354,346,1396,1213,1526
5647440,468.26,335.625,460.66,339.6,425,1348,350,1400,1213,1525
5647442,468.1,335.7,460.74,339.9,424,1349,351,1402,1213,1526
5647444,468.26,334.725,460.58,340.2,424,1339,350,1406,1210,1525
5647446,468.9,335.775,460.82,339.825,432,1349,352,1402,1212,1526
5647448,468.26,335.775,461.38,339.825,426,1350,358,1402,1216,1527
5647450,468.9,336.15,460.98,339.75,433,1353,354,1401,1211,1529
5647452,468.82,335.85,460.66,339.825,432,1350,350,1403,1214,1527
5647454,468.5,336.9,461.3,339.825,429,1363,357,1402,1214,1529
5647456,468.5,335.325,461.38,340.05,428,1345,358,1404,1213,1527
5647458,468.98,335.475,461.14,339.825,433,1347,355,1402,1212,1528
5647460,468.26,336.525,461.3,339.825,427,1359,357,1402,1214,1527
5647462,469.3,335.025,461.22,340.125,436,1341,356,1406,1215,1528
5647464,468.9,335.25,461.22,340.2,433,1344,357,1406,1212,1525
5647466,468.74,336,461.06,339.825,431,1353,355,1403,1212,1528
5647468,468.42,335.325,461.14,339.6,428,1345,356,1400,1213,1530
5647470,468.26,335.55,461.06,339.975,426,1348,355,1404,1213,1530
5647472,468.74,335.475,461.38,339.525,431,1347,358,1399,1213,1531
5647474,468.5,335.85,461.14,340.125,429,1351,356,1405,1213,1530
5647476,468.42,336.075,461.06,339.675,429,1354,355,1401,1211,1530
5647478,468.58,334.8,461.3,339.6,429,1340,357,1400,1214,1531
5647480,468.58,335.55,461.86,339.825,430,1348,364,1401,1213,1530
5647482,468.58,335.1,461.06,339.75,429,1343,355,1402,1212,1531
5647484,469.22,335.25,461.06,339.45,437,1344,355,1399,1212,1530
5647486,468.1,334.875,461.46,339.6,424,1342,360,1399,1212,1532
5647488,468.74,335.1,461.54,339.375,431,1343,360,1397,1216,1532
5647490,468.58,334.95,461.3,339.375,429,1341,358,1397,1214,1533
5647492,468.18,335.1,461.54,339.375,426,1343,360,1397,1212,1534
5647494,468.74,334.65,461.14,339.075,432,1338,356,1394,1214,1538
5647496,467.94,334.425,461.3,338.85,423,1336,358,1391,1214,1534
5647498,468.18,334.5,461.7,339.45,426,1337,363,1397,1218,1532
5647500,469.3,334.8,461.54,338.85,438,1338,361,1390,1216,1537
5647502,468.5,334.35,462.02,339.225,429,1334,366,1393,1217,1536
5647504,469.38,334.65,461.7,339.075,439,1336,363,1392,1215,1540
5647506,468.98,334.275,462.18,339.15,434,1333,368,1392,1220,1539
5647508,468.9,334.65,461.7,339,433,1336,363,1392,1216,1536
5647510,469.06,333.975,461.62,339,435,1329,361,1391,1217,1537
5647512,469.54,333.675,461.7,339.075,439,1324,363,1392,1220,1540
5647514,469.38,333.675,462.26,338.55,438,1325,368,1386,1213,1541
5647516,469.86,333.75,461.78,339.075,443,1325,364,1392,1220,1539
5647518,469.62,334.575,462.02,338.85,442,1334,366,1388,1220,1540
5647520,468.74,333.225,462.26,339.075,431,1320,369,1390,1213,1540
5647522,469.46,333.6,461.7,339.075,439,1324,363,1391,1217,1542
5647524,469.54,333.675,462.1,338.85,440,1323,367,1388,1217,1540
5647526,469.86,333.75,462.1,338.775,443,1324,367,1387,1216,1541
5647528,469.7,334.2,461.38,339.45,442,1328,360,1394,1219,1542
5647530,469.14,334.5,462.02,338.7,437,1333,366,1386,1220,1545
5647532,469.38,334.575,462.42,339.225,440,1333,371,1390,1220,1544
5647534,468.82,334.2,462.02,338.7,433,1329,366,1386,1222,1547
5647536,469.46,333.525,462.26,339.075,440,1321,370,1389,1219,1544
5647538,468.98,333.75,462.5,339.225,435,1324,372,1390,1219,1547
5647540,469.54,333.975,461.86,339.525,441,1326,366,1394,1219,1547
5647542,469.54,333.375,462.18,339,440,1319,368,1388,1219,1550
5647544,469.54,334.725,462.18,339.15,441,1334,368,1389,1220,1551
5647546,469.46,333.75,462.1,339.15,439,1323,368,1389,1222,1550
5647548,469.06,334.125,462.42,339.075,436,1327,371,1388,1219,1553
5647550,468.82,333.6,462.34,339,432,1322,370,1387,1220,1549
5647552,468.66,333.3,462.02,339.375,431,1319,367,1392,1218,1551
5647554,468.34,333.75,462.18,338.25,428,1324,368,1379,1220,1554
5647556,468.98,332.925,462.1,339.15,434,1314,368,1389,1222,1549
5647558,468.34,332.625,462.26,338.775,427,1311,369,1385,1223,1550
5647560,469.14,333.375,462.42,338.325,436,1318,370,1379,1223,1557
5647562,468.74,333.525,462.34,339.3,432,1320,371,1391,1219,1553
5647564,468.5,333.225,462.26,339.075,429,1318,369,1388,1221,1555
5647566,469.14,333.6,462.34,338.625,436,1321,370,1383,1223,1555
5647568,468.74,334.2,462.5,339.15,432,1328,372,1389,1222,1555
5647570,468.98,334.05,462.34,339,435,1326,370,1387,1224,1554
5647572,469.06,334.275,462.26,339.15,435,1328,369,1389,1221,1556
5647574,468.98,333.9,462.26,339.075,434,1325,369,1388,1225,1555
5647576,468.74,333.6,462.18,339,432,1322,368,1387,1225,1555
5647578,470.02,333.3,462.34,339.15,445,1317,369,1388,1220,1556
5647580,468.1,334.425,462.42,338.775,426,1331,370,1384,1227,1558
5647582,468.74,334.2,462.42,339.675,432,1328,372,1394,1225,1554
5647584,468.82,333.825,462.74,338.85,433,1324,374,1385,1226,1557
5647586,468.66,333.975,462.42,339.15,431,1326,370,1389,1228,1558
5647588,469.62,335.25,462.66,338.475,442,1338,372,1382,1226,1559
5647590,468.58,334.2,462.98,338.55,430,1328,376,1382,1229,1560
5647592,468.9,333.975,462.98,338.175,433,1326,375,1378,1226,1562
5647594,468.74,333.9,462.58,338.325,432,1325,371,1380,1231,1561
5647596,468.66,334.2,462.58,338.925,430,1329,371,1387,1225,1559
5647598,469.14,334.125,462.82,338.325,436,1327,373,1380,1225,1561
5647600,468.66,334.2,463.06,338.7,430,1329,376,1384,1227,1560
5647602,468.74,334.425,462.74,338.85,432,1332,372,1386,1229,1560
5647604,468.66,334.2,462.66,338.55,430,1329,372,1383,1232,1562
5647606,468.5,334.2,462.34,337.95,428,1329,367,1377,1232,1562
5647608,468.82,334.65,462.66,338.175,432,1334,371,1379,1227,1563
5647610,468.58,333.825,462.58,338.55,429,1326,370,1383,1230,1566
5647612,468.18,334.8,463.06,339.225,425,1336,377,1390,1227,1565
5647614,468.5,335.175,462.9,338.475,429,1341,374,1382,1229,1566
5647616,467.78,334.575,462.82,338.025,421,1335,372,1378,1230,1570
5647618,467.78,334.425,463.38,339.375,420,1333,379,1391,1232,1564
5647620,468.18,333.975,462.66,338.55,424,1328,371,1384,1232,1568
5647622,467.94,334.35,462.74,338.025,423,1332,371,1378,1231,1568
5647624,468.02,334.5,463.14,337.95,423,1334,375,1376,1230,1569
5647626,468.26,334.35,462.82,338.4,425,1332,372,1382,1234,1568
5647628,467.94,333.3,462.58,338.025,421,1321,369,1379,1234,1571
5647630,468.26,333.45,462.66,337.8,424,1322,369,1376,1231,1571
5647632,468.02,333.6,462.98,337.8,421,1325,373,1376,1232,1567
5647634,467.46,333.9,462.18,337.425,416,1328,364,1372,1235,1571
5647636,467.94,333.45,462.98,337.65,420,1323,372,1373,1234,1573
5647638,467.94,333.75,462.9,338.175,420,1326,372,1380,1236,1570
5647640,468.34,333.45,462.66,337.65,424,1322,368,1374,1233,1572
5647642,468.34,333.825,462.34,338.4,424,1327,366,1383,1231,1574
5647644,468.02,333.9,463.06,338.025,420,1327,372,1378,1234,1571
5647646,468.02,333.975,462.82,338.025,421,1328,371,1378,1236,1573
5647648,467.62,333.825,462.74,338.175,416,1327,369,1379,1236,1576
5647650,468.1,333.975,463.22,337.725,421,1328,374,1374,1236,1573
5647652,468.82,333.675,462.98,338.1,428,1324,372,1379,1231,1571
5647654,468.42,333.6,462.98,337.5,424,1323,371,1372,1237,1576
5647656,468.58,332.4,463.06,337.725,424,1310,372,1374,1231,1572
5647658,468.34,333,462.9,337.725,422,1317,370,1374,1236,1574
5647660,468.34,333,462.82,337.725,423,1316,369,1374,1237,1574
5647662,468.18,332.7,462.98,337.275,420,1314,370,1369,1233,1573
5647664,467.86,334.2,462.42,337.5,418,1330,364,1372,1237,1577
5647666,468.42,333,462.9,337.35,423,1316,370,1370,1237,1573
5647668,467.94,333.15,462.74,337.425,418,1318,368,1370,1235,1577
5647670,468.42,333.825,462.5,337.8,424,1325,365,1374,1232,1575
5647672,468.34,333.45,463.38,337.35,423,1321,374,1369,1239,1576
5647674,468.34,333.3,462.5,338.175,422,1319,366,1378,1237,1575
5647676,468.1,333.45,462.58,337.35,420,1321,366,1369,1239,1579
5647678,468.66,333.6,462.98,337.35,426,1321,370,1368,1236,1574
5647680,468.34,333.675,463.14,338.475,422,1323,372,1381,1236,1573
5647682,468.34,333.075,462.26,338.175,422,1317,363,1378,1237,1576
5647684,467.78,333.975,463.14,338.325,416,1326,372,1379,1236,1574
5647686,468.34,333.375,462.9,337.95,421,1319,369,1375,1237,1578
5647688,468.34,333.375,462.74,337.725,422,1320,367,1372,1238,1578
5647690,468.1,334.2,462.98,337.5,420,1329,369,1370,1240,1575
5647692,468.1,333.525,462.34,337.2,419,1321,363,1367,1238,1577
5647694,467.86,333.225,463.06,337.5,416,1318,371,1370,1237,1578
5647696,468.66,333.075,462.9,337.575,425,1315,369,1370,1235,1579
5647698,468.18,333.525,462.5,337.575,420,1321,365,1371,1238,1579
5647700,468.18,333.675,463.14,337.8,420,1322,371,1372,1239,1578
5647702,468.18,333.825,462.9,338.025,420,1324,369,1375,1240,1576
5647704,468.18,333.6,463.06,337.65,419,1321,371,1371,1238,1578
5647706,468.5,333.3,462.9,337.5,423,1318,369,1369,1237,1578
5647708,468.58,333.525,462.66,338.025,424,1320,366,1375,1238,1578
5647710,468.26,333.6,462.74,338.025,420,1322,367,1375,1238,1577
5647712,468.66,334.875,463.3,337.8,426,1334,372,1372,1242,1576
5647714,468.26,333.975,463.3,337.575,420,1326,372,1370,1241,1579
5647716,468.02,333.75,462.82,338.25,418,1323,368,1378,1239,1576
5647718,468.18,333.9,463.14,338.1,420,1325,371,1376,1240,1574
5647720,468.82,334.05,462.58,338.025,427,1325,366,1376,1243,1580
5647722,468.1,334.125,462.5,337.875,420,1327,365,1374,1240,1579
5647724,468.18,334.875,462.82,338.025,421,1335,369,1375,1245,1578
5647726,467.78,333.525,462.9,337.95,416,1321,369,1374,1242,1576
5647728,468.26,334.05,463.22,337.8,422,1327,372,1373,1237,1577
5647730,468.42,334.875,463.38,337.95,424,1335,374,1374,1245,1578
5647732,469.14,333.9,463.14,337.95,431,1324,372,1374,1242,1576
5647734,468.34,334.35,463.14,338.175,423,1330,372,1377,1242,1578
5647736,468.18,334.725,462.98,337.65,422,1334,370,1371,1244,1578
5647738,468.34,335.025,463.06,337.95,423,1337,371,1374,1246,1577
5647740,468.26,333.675,463.54,338.025,422,1323,376,1375,1242,1574
5647742,468.02,333.6,463.22,338.175,419,1322,373,1377,1240,1575
5647744,468.1,334.575,462.98,337.65,421,1332,371,1371,1245,1576
5647746,468.42,335.1,463.54,337.425,425,1337,376,1369,1251,1575
5647748,468.5,333.3,463.14,337.575,424,1318,373,1371,1242,1577
5647750,468.74,335.1,462.98,337.65,429,1337,371,1371,1250,1578
5647752,468.18,335.625,463.54,337.65,423,1343,377,1370,1254,1576
5647754,468.98,334.125,463.38,338.1,430,1327,376,1376,1245,1575
5647756,468.98,335.7,463.14,337.35,432,1343,373,1367,1252,1580
5647758,468.66,335.4,463.22,337.2,429,1341,374,1366,1250,1575
5647760,468.18,333.9,463.3,337.875,423,1324,375,1373,1242,1575
5647762,468.5,334.5,463.22,337.65,427,1331,375,1370,1247,1578
5647764,468.5,334.8,463.22,337.725,427,1333,375,1372,1249,1577
5647766,468.74,333.3,462.42,337.8,429,1317,367,1373,1247,1579
5647768,468.42,334.875,462.5,337.125,427,1335,367,1365,1251,1581
5647770,468.1,334.05,462.9,336.975,422,1326,371,1363,1255,1577
5647772,468.82,334.8,462.9,337.35,431,1333,372,1367,1250,1580
5647774,468.1,334.575,462.58,337.05,424,1331,368,1364,1253,1580
5647776,468.18,333.075,463.54,336.9,423,1314,378,1361,1247,1579
5647778,467.94,333.9,462.34,337.35,421,1324,366,1367,1256,1583
5647780,468.26,334.65,462.42,337.65,425,1331,367,1370,1254,1581
5647782,468.18,333.9,462.42,336.975,424,1323,366,1363,1252,1582
5647784,468.5,333.975,462.9,336.6,428,1324,372,1357,1254,1585
5647786,468.42,334.5,462.58,337.35,427,1329,369,1366,1253,1583
5647788,468.42,334.2,462.1,337.575,427,1326,364,1369,1253,1583
5647790,468.66,335.175,462.82,337.95,431,1336,372,1372,1257,1582
5647792,468.1,336.225,462.34,337.725,426,1347,367,1370,1256,1581
5647794,468.02,335.325,462.5,337.65,424,1338,369,1370,1256,1586
5647796,468.18,335.25,462.98,338.1,426,1337,375,1374,1257,1583
5647798,468.42,335.25,462.5,337.65,429,1337,369,1369,1257,1584
5647800,467.94,335.55,462.98,338.4,425,1340,376,1377,1261,1584
5647802,468.42,335.175,462.74,336.45,429,1335,371,1356,1257,1589
5647804,467.86,336.6,462.82,337.725,425,1351,373,1370,1262,1586
5647806,468.26,335.025,462.42,337.95,428,1334,369,1373,1262,1586
5647808,468.18,335.4,462.9,338.025,428,1338,375,1372,1257,1586
5647810,467.94,335.625,462.58,337.5,425,1341,370,1367,1257,1585
5647812,468.5,334.575,462.42,337.35,430,1328,368,1365,1260,1588
5647814,467.94,335.025,462.74,337.275,425,1334,372,1364,1263,1588
5647816,468.34,334.95,463.14,337.5,429,1333,377,1366,1263,1589
5647818,468.18,334.05,463.06,337.05,426,1323,375,1361,1261,1589
5647820,467.78,334.2,462.1,336.975,422,1325,365,1361,1263,1591
5647822,467.7,334.8,461.78,337.275,422,1331,362,1364,1267,1591
5647824,467.78,335.25,461.7,337.2,424,1336,362,1364,1265,1592
5647826,467.3,334.5,462.26,336.9,418,1329,367,1360,1264,1598
5647828,467.62,336.075,461.86,337.725,423,1345,364,1369,1266,1594
5647830,467.38,336.375,461.7,336.675,420,1348,361,1357,1267,1596
5647832,467.14,335.55,462.02,336.825,418,1340,364,1359,1262,1598
5647834,467.62,336.075,462.02,337.65,423,1345,366,1368,1267,1601
5647836,467.38,336,461.86,337.5,420,1344,364,1367,1268,1596
5647838,467.22,336.525,462.1,337.275,419,1350,366,1364,1268,1601
5647840,467.7,335.925,462.5,338.475,423,1343,372,1376,1269,1597
5647842,467.3,336.45,463.06,338.85,420,1349,378,1380,1268,1596
5647844,467.78,336.15,462.9,337.875,424,1345,375,1369,1272,1597
5647846,467.3,336.6,462.5,336.525,420,1350,369,1355,1268,1602
5647848,467.46,336.45,463.38,337.275,421,1348,379,1362,1272,1603
5647850,468.18,336.3,462.98,337.425,429,1346,375,1364,1268,1603
5647852,467.62,336.225,462.74,336.675,423,1346,371,1356,1269,1606
5647854,467.3,336.9,463.7,336.3,420,1353,381,1350,1275,1608
5647856,467.78,336.075,463.22,336.15,424,1343,376,1349,1271,1608
5647858,467.7,335.25,462.98,336.6,422,1334,374,1355,1270,1609
5647860,467.46,336.075,463.62,336.75,420,1344,380,1355,1274,1609
5647862,467.86,335.475,463.14,335.85,423,1337,374,1346,1273,1612
5647864,467.54,336.225,463.22,336.15,421,1345,375,1349,1275,1610
5647866,467.86,335.1,463.06,335.625,423,1333,374,1344,1272,1611
5647868,467.62,334.875,463.06,335.475,421,1330,373,1342,1274,1613
5647870,467.22,335.25,462.9,334.875,416,1335,371,1336,1275,1613
5647872,468.02,333.975,462.58,334.8,424,1320,367,1335,1269,1616
5647874,467.22,334.725,462.66,335.025,416,1329,368,1337,1273,1613
5647876,468.1,334.125,463.06,335.1,425,1322,373,1338,1271,1616
5647878,467.86,333.675,462.82,334.65,422,1317,370,1333,1272,1619
5647880,467.62,334.05,463.14,334.8,420,1321,373,1334,1272,1617
5647882,467.78,334.275,463.38,334.575,422,1324,376,1332,1274,1619
5647884,467.7,333.6,463.22,334.5,420,1317,374,1331,1272,1620
5647886,467.38,333.225,463.62,334.8,416,1313,379,1334,1275,1622
5647888,467.46,334.875,463.3,334.725,419,1331,375,1333,1275,1622
5647890,467.86,334.575,463.14,334.875,423,1327,374,1336,1276,1621
5647892,467.78,334.8,463.94,335.55,423,1329,383,1342,1278,1621
5647894,467.38,335.25,463.3,335.55,419,1335,376,1342,1278,1627
5647896,467.38,335.25,463.62,335.925,418,1335,380,1347,1278,1621
5647898,467.38,336.225,463.78,336.6,419,1346,382,1354,1276,1629
5647900,466.9,336.225,463.86,336.825,415,1347,384,1356,1279,1626
5647902,467.54,337.275,464.42,337.425,422,1357,390,1362,1279,1630
5647904,467.46,336.6,464.02,337.875,421,1351,386,1369,1281,1627
5647906,467.22,338.325,463.94,338.85,421,1370,387,1379,1280,1629
5647908,467.14,337.95,464.18,339.3,420,1366,390,1384,1287,1632
5647910,466.9,337.575,464.58,339.3,416,1363,394,1384,1284,1640
5647912,467.46,337.5,464.58,339.525,423,1361,395,1387,1283,1639
5647914,466.42,339.075,464.42,339,414,1380,392,1381,1287,1641
5647916,467.38,338.55,464.26,338.85,423,1374,391,1380,1283,1643
5647918,466.66,338.025,464.66,339.9,415,1368,396,1391,1285,1639
5647920,466.82,339.15,464.18,339.375,418,1381,391,1387,1285,1643
5647922,466.98,337.875,464.34,338.775,418,1367,391,1380,1287,1643
5647924,467.06,337.35,464.74,339,418,1362,396,1382,1286,1643
5647926,467.14,337.95,464.34,338.325,420,1368,391,1375,1287,1644
5647928,467.14,337.35,464.26,338.4,419,1362,390,1377,1286,1644
5647930,466.98,337.425,464.34,338.775,418,1363,391,1381,1288,1644
5647932,466.98,337.2,464.02,338.625,418,1361,388,1380,1290,1645
5647934,466.98,337.05,464.02,338.475,417,1359,388,1378,1290,1651
5647936,467.14,337.125,464.02,338.85,418,1360,388,1382,1289,1649
5647938,466.42,337.2,464.02,338.775,411,1361,388,1381,1290,1651
5647940,466.9,336.75,463.7,339.15,416,1356,385,1385,1288,1651
5647942,467.14,336.375,463.78,338.4,418,1351,384,1377,1288,1657
5647944,466.1,336.9,464.1,337.575,407,1358,387,1367,1291,1654
5647946,466.26,336.6,463.3,338.1,409,1355,379,1374,1289,1654
5647948,466.1,336.225,463.7,338.175,406,1350,383,1374,1292,1658
5647950,466.42,335.925,463.38,338.175,409,1346,379,1374,1295,1661
5647952,466.18,335.85,463.3,337.5,406,1345,377,1366,1294,1659
5647954,465.7,335.025,463.06,336.45,400,1337,374,1355,1296,1664
5647956,465.7,334.95,463.06,336.975,399,1335,374,1360,1296,1664
5647958,465.3,335.175,462.74,337.275,396,1338,371,1363,1297,1663
5647960,465.62,334.875,463.14,336.6,398,1334,374,1355,1296,1666
5647962,465.46,334.8,462.9,336.75,396,1332,371,1356,1298,1667
5647964,466.02,334.425,462.82,337.05,401,1327,370,1359,1295,1665
5647966,465.38,335.25,463.14,336.825,395,1337,373,1356,1299,1666
5647968,465.78,335.325,463.14,337.125,399,1336,373,1358,1296,1672
5647970,465.38,335.55,462.98,336.9,394,1339,371,1356,1299,1667
5647972,465.3,335.475,463.3,337.2,393,1336,374,1358,1297,1671
5647974,465.22,335.25,463.54,336.75,392,1334,375,1352,1300,1672
5647976,465.46,335.025,462.98,337.35,393,1330,370,1358,1297,1670
5647978,465.14,334.875,463.14,337.875,390,1329,373,1363,1298,1671
5647980,465.06,336,462.98,337.725,390,1340,369,1361,1299,1671
5647982,465.06,335.625,463.38,338.1,390,1336,374,1365,1301,1675
5647984,465.3,335.625,463.3,338.475,391,1334,373,1368,1299,1676
5647986,465.3,336.15,463.94,338.475,391,1340,380,1367,1303,1677
5647988,465.14,335.775,463.38,338.25,389,1335,374,1364,1301,1672
5647990,465.46,335.025,464.26,338.175,391,1327,382,1362,1301,1679
5647992,465.38,335.85,464.26,339,391,1335,383,1371,1302,1683
5647994,465.14,335.625,464.02,338.7,388,1333,379,1367,1300,1683
5647996,465.3,335.925,464.1,339.3,390,1335,380,1373,1303,1685
5647998,465.22,336.9,464.5,338.925,390,1346,384,1369,1305,1683
5648000,465.06,336.225,464.1,339.6,387,1338,381,1376,1302,1691
5648002,465.54,336.3,463.94,339.75,392,1339,379,1378,1304,1686
5648004,465.22,337.125,464.58,340.275,389,1347,385,1382,1305,1691
5648006,465.62,336.45,464.5,339.6,393,1339,385,1374,1304,1691
5648008,465.54,336.375,464.42,339.9,391,1338,384,1377,1304,1693
5648010,465.78,336.225,465.14,340.35,394,1337,391,1382,1303,1695
5648012,465.3,335.775,464.98,339.6,389,1332,389,1373,1302,1696
5648014,465.46,336.6,465.14,340.425,391,1341,391,1382,1305,1698
5648016,465.46,336.825,465.3,340.125,391,1343,393,1379,1304,1696
5648018,466.02,336.75,465.22,339.9,397,1342,392,1376,1309,1697
5648020,466.18,336.825,465.14,339.975,399,1343,390,1377,1307,1700
5648022,466.34,336.75,465.3,340.35,400,1341,393,1381,1309,1697
5648024,466.18,336.825,465.62,339.975,399,1342,396,1377,1307,1702
5648026,466.5,337.05,465.94,340.2,402,1345,400,1379,1308,1702
5648028,466.42,336.975,465.86,339.975,402,1344,399,1377,1310,1702
5648030,466.1,336.75,465.62,339.375,399,1342,395,1371,1307,1703
5648032,466.5,336.15,465.94,340.35,403,1335,401,1381,1306,1703
5648034,466.66,336.825,466.18,340.05,405,1343,403,1378,1308,1706
5648036,466.9,336.975,465.78,340.2,407,1344,399,1381,1312,1705
5648038,466.66,336.9,466.42,339.9,406,1344,405,1376,1309,1709
5648040,466.58,336.9,466.34,340.275,405,1344,406,1382,1312,1706
5648042,466.82,337.275,466.1,340.125,407,1348,403,1380,1312,1706
5648044,467.62,336.825,466.34,339.9,416,1343,406,1377,1314,1708
5648046,467.3,336.975,466.5,339.9,413,1345,408,1378,1313,1710
5648048,467.3,337.2,466.26,340.125,414,1348,406,1381,1309,1710
5648050,467.14,337.35,466.34,339.825,412,1350,407,1377,1314,1710
5648052,467.86,337.65,466.82,339.6,421,1353,412,1375,1312,1713
5648054,468.02,338.025,466.1,340.35,423,1357,406,1384,1314,1711
5648056,467.38,337.275,466.66,340.2,416,1350,412,1382,1314,1716
5648058,467.3,336.975,466.58,340.275,416,1347,411,1383,1313,1715
5648060,467.7,337.95,466.58,340.05,422,1358,412,1382,1316,1714
5648062,467.46,337.5,466.74,340.125,418,1353,414,1382,1314,1715
5648064,467.7,337.275,466.58,340.125,422,1351,413,1383,1318,1717
5648066,467.54,337.725,466.82,340.35,421,1356,415,1385,1318,1720
5648068,468.02,337.275,466.42,339.975,426,1351,412,1383,1316,1719
5648070,467.06,338.1,466.18,340.725,417,1362,411,1390,1320,1721
5648072,467.86,337.65,466.5,340.5,426,1356,414,1388,1317,1719
5648074,467.54,337.65,466.34,340.35,422,1357,412,1387,1319,1722
5648076,467.54,338.7,466.66,340.275,424,1368,416,1387,1317,1723
5648078,468.18,337.95,466.18,340.575,429,1359,411,1390,1318,1725
5648080,467.7,337.2,466.26,340.125,425,1353,412,1386,1321,1724
5648082,468.02,337.95,466.5,340.725,429,1360,416,1392,1318,1724
5648084,467.3,337.35,465.86,340.425,422,1355,410,1390,1321,1726
5648086,467.46,337.8,466.02,339.975,423,1360,410,1385,1321,1723
5648088,467.46,337.95,466.18,340.125,425,1361,413,1386,1320,1723
5648090,467.78,336.825,465.62,340.275,427,1349,407,1389,1322,1728
5648092,467.38,336.9,465.3,339.75,423,1350,404,1384,1320,1729
5648094,468.26,336.825,465.3,339.9,432,1349,404,1385,1322,1730
5648096,467.7,336.975,465.14,339.45,427,1351,403,1380,1321,1734
5648098,467.54,336.375,465.86,339.225,424,1344,409,1378,1322,1732
5648100,467.22,336.525,465.54,338.475,422,1347,406,1370,1323,1732
5648102,467.46,336.075,465.7,338.55,423,1341,407,1370,1323,1735
5648104,467.06,336.15,465.46,338.4,420,1343,405,1369,1323,1733
5648106,467.22,336.375,464.66,337.95,422,1345,396,1365,1323,1735
5648108,467.7,335.55,464.74,338.175,426,1335,398,1366,1323,1737
5648110,467.22,335.775,464.18,338.175,421,1338,392,1367,1321,1737
5648112,467.7,336.075,464.9,338.25,426,1341,399,1367,1327,1738
5648114,467.7,335.775,464.74,338.025,426,1337,397,1365,1323,1737
5648116,467.54,335.4,464.42,338.85,424,1333,394,1373,1327,1740
5648118,467.3,336.075,464.02,338.85,422,1341,391,1374,1326,1740
5648120,466.58,336.075,464.34,338.325,414,1341,393,1368,1322,1740
5648122,466.58,336.15,464.1,339.075,414,1342,392,1376,1322,1738
5648124,466.5,336.825,464.5,339.225,414,1349,396,1377,1325,1743
5648126,466.82,336.525,464.5,339.15,418,1345,396,1376,1325,1739
5648128,466.74,336.3,465.06,339.15,416,1342,401,1375,1322,1740
5648130,466.5,337.275,464.42,339.375,415,1353,395,1378,1327,1741
5648132,466.18,336.975,464.74,339.075,411,1350,398,1374,1322,1744
5648134,466.18,337.125,464.42,339,411,1352,394,1374,1325,1746
5648136,466.18,337.425,464.26,339.6,411,1354,393,1380,1325,1746
5648138,466.42,336.675,464.34,339.3,413,1347,394,1377,1324,1745
5648140,467.06,336.675,464.66,338.925,420,1345,396,1372,1326,1744
5648142,466.02,336.525,464.18,338.7,409,1345,391,1371,1328,1746
5648144,466.58,337.2,464.5,339.45,415,1351,395,1378,1325,1746
5648146,466.26,336.6,464.26,338.85,411,1345,392,1371,1325,1745
5648148,466.1,336.825,464.18,338.85,409,1348,392,1372,1328,1746
5648150,466.58,337.125,464.58,338.7,415,1351,396,1369,1325,1745
5648152,466.26,337.425,464.66,339.15,412,1354,396,1374,1327,1746
5648154,466.58,337.125,464.1,339.225,415,1350,391,1376,1328,1745
5648156,465.94,337.875,464.58,339.525,408,1359,396,1378,1328,1750
5648158,466.26,337.65,464.66,339.45,412,1357,397,1378,1328,1750
5648160,466.1,336.45,464.18,339.375,409,1344,391,1377,1331,1745
5648162,466.74,337.35,464.74,339.45,416,1353,397,1377,1329,1753
5648164,466.42,338.175,464.82,339.45,413,1362,398,1378,1330,1749
5648166,466.26,337.35,464.74,339.675,411,1354,398,1381,1330,1750
5648168,466.42,337.875,464.42,339.525,413,1359,394,1379,1331,1752
5648170,466.66,337.125,464.82,338.925,415,1351,397,1373,1328,1753
5648172,466.26,337.05,464.74,339,410,1351,396,1374,1328,1751
5648174,466.02,337.65,464.74,339.375,408,1358,396,1378,1329,1752
5648176,466.74,336.675,465.14,338.85,415,1347,401,1372,1329,1754
5648178,466.74,337.35,464.58,338.925,415,1354,394,1373,1332,1752
5648180,466.18,337.875,465.38,339.075,410,1360,403,1375,1333,1756
5648182,465.78,337.35,465.3,339,405,1356,402,1374,1331,1760
5648184,466.82,337.725,464.98,339,416,1359,398,1375,1329,1755
5648186,466.42,337.575,464.66,339.225,412,1357,395,1377,1332,1757
5648188,465.94,337.2,464.98,339.3,406,1354,398,1378,1335,1758
5648190,466.34,337.725,464.66,339.6,411,1360,395,1381,1334,1759
5648192,466.82,337.95,464.58,339.825,416,1362,394,1384,1333,1757
5648194,466.66,337.125,464.9,339.75,414,1353,398,1383,1333,1762
5648196,466.26,337.875,464.9,339.6,410,1362,397,1382,1336,1761
5648198,466.66,338.1,465.22,340.2,414,1364,401,1388,1335,1763
5648200,466.9,337.575,464.82,339.6,416,1358,396,1383,1336,1763
5648202,466.82,337.725,465.06,339.675,415,1361,399,1383,1333,1761
5648204,466.58,338.325,465.22,339.975,414,1368,401,1387,1334,1762
5648206,465.94,337.95,464.42,339.45,407,1364,392,1382,1337,1764
5648208,466.74,337.8,465.06,339.375,415,1362,399,1381,1337,1762
5648210,466.58,338.175,464.98,340.35,413,1366,399,1391,1335,1765
5648212,466.42,338.1,464.58,339.225,412,1365,394,1380,1335,1766
5648214,466.18,337.5,463.94,339.75,409,1360,388,1386,1337,1766
5648216,466.1,337.2,464.58,340.125,407,1357,395,1390,1335,1765
5648218,466.58,337.05,464.66,339.675,412,1355,395,1385,1336,1769
5648220,465.94,337.5,464.34,339.75,406,1360,392,1386,1339,1767
5648222,466.34,337.725,464.42,339.9,411,1362,393,1388,1338,1768
5648224,466.58,337.425,464.34,339.825,413,1359,391,1387,1338,1769
5648226,465.94,337.35,464.5,339.9,406,1359,393,1388,1336,1769
5648228,466.18,337.5,464.34,339.9,408,1361,391,1388,1336,1771
5648230,465.94,337.125,463.94,339.45,405,1357,387,1384,1341,1771
5648232,465.3,337.575,464.02,339.45,399,1362,387,1384,1338,1770
5648234,465.94,336.75,463.86,339.075,404,1352,385,1379,1339,1773
5648236,465.94,336.825,463.94,339.375,405,1353,386,1383,1338,1773
5648238,465.3,337.875,463.86,339.225,400,1365,385,1381,1339,1771
5648240,465.62,337.35,464.1,339.225,402,1359,388,1381,1340,1773
5648242,465.78,336.375,463.86,339,403,1348,385,1379,1338,1774
5648244,465.54,336.9,464.1,339.075,400,1354,387,1379,1341,1772
5648246,466.1,336.675,463.78,339.15,406,1351,384,1380,1343,1772
5648248,465.86,336.675,463.86,339,403,1351,385,1378,1337,1773
5648250,466.58,336.6,464.1,338.775,410,1349,387,1376,1339,1771
5648252,466.18,337.35,463.86,338.925,407,1357,383,1377,1344,1773
5648254,466.34,336.45,464.26,339.3,407,1347,389,1381,1339,1775
5648256,466.1,336.375,464.1,338.7,404,1346,386,1374,1345,1772
5648258,466.26,335.775,463.86,338.7,406,1340,383,1374,1343,1773
5648260,466.5,336.15,464.02,338.7,408,1343,384,1374,1337,1775
5648262,466.42,335.925,464.42,338.4,407,1341,389,1370,1341,1776
5648264,466.02,336,464.1,339.075,402,1342,386,1377,1341,1774
5648266,466.42,336.45,464.02,338.7,407,1346,384,1373,1342,1779
5648268,466.42,336.075,464.42,338.85,406,1342,389,1374,1339,1775
5648270,466.5,336.6,464.74,339.15,408,1347,392,1377,1343,1775
5648272,466.82,335.7,464.58,339.075,410,1337,390,1376,1342,1773
5648274,466.42,336.75,464.34,339,407,1349,388,1375,1345,1776
5648276,466.66,337.05,464.5,338.85,410,1351,389,1373,1342,1777
5648278,466.82,336.6,464.74,338.55,411,1346,392,1370,1341,1778
5648280,466.74,336.3,464.82,338.925,410,1343,392,1374,1347,1775
5648282,466.74,336.225,464.82,339.15,410,1342,393,1376,1342,1780
5648284,467.3,336.375,464.58,339.15,416,1343,390,1376,1347,1775
5648286,467.06,335.625,464.74,339.225,412,1335,392,1376,1347,1778
5648288,467.06,336.3,464.98,339,413,1343,394,1374,1341,1778
5648290,467.14,336,464.9,339.15,414,1339,394,1376,1346,1777
5648292,466.98,336.975,464.82,339.375,413,1350,393,1378,1347,1777
5648294,467.14,336.75,464.82,339.675,415,1347,393,1381,1343,1776
5648296,467.3,337.35,465.22,338.775,417,1354,397,1372,1344,1781
5648298,466.74,336.675,465.14,339.15,411,1347,396,1376,1346,1781
5648300,467.22,337.425,465.38,339.9,417,1355,400,1383,1347,1779
5648302,467.06,336.675,465.22,339.225,415,1347,398,1376,1345,1779
5648304,467.62,337.125,465.38,339.3,421,1351,400,1377,1344,1786
5648306,467.14,336.675,465.14,339.525,416,1347,397,1380,1345,1782
5648308,467.7,336.9,465.54,339.525,422,1348,402,1380,1345,1783
5648310,467.38,337.725,465.06,339.975,419,1358,397,1385,1348,1779
5648312,467.06,337.875,465.22,339.75,416,1360,398,1383,1343,1782
5648314,467.3,337.275,465.14,340.2,418,1354,398,1388,1347,1778
5648316,467.38,338.4,465.38,340.65,420,1366,401,1392,1348,1780
5648318,466.98,337.575,465.22,340.05,415,1357,399,1386,1344,1776
5648320,467.86,336.3,465.22,339.375,423,1343,398,1379,1347,1782
5648322,468.5,335.775,465.86,338.85,429,1337,404,1373,1350,1782
5648324,468.5,334.875,465.54,337.575,429,1328,401,1360,1349,1785
5648326,468.18,333,466.18,336.825,423,1308,406,1351,1352,1784
5648328,467.86,332.85,465.62,336.075,420,1307,400,1344,1356,1779
5648330,467.54,331.65,465.38,335.25,415,1294,396,1336,1355,1780
5648332,468.1,331.35,464.98,336.225,421,1291,393,1347,1351,1781
5648334,468.1,332.1,464.98,336.15,422,1299,393,1346,1351,1783
5648336,467.94,332.025,465.38,336.375,420,1298,398,1348,1351,1782
5648338,468.5,332.25,466.26,336.075,426,1301,407,1344,1355,1785
5648340,469.7,332.85,465.86,336.525,439,1306,403,1349,1349,1787
5648342,469.38,332.775,465.22,336.6,436,1306,396,1352,1350,1785
5648344,469.06,333.675,465.54,336.3,434,1316,399,1348,1352,1784
5648346,468.58,332.7,464.74,336.525,427,1305,391,1351,1354,1779
5648348,468.82,332.925,464.98,336.6,430,1308,393,1352,1352,1784
5648350,468.34,332.25,464.9,336.975,425,1301,393,1356,1355,1784
5648352,468.18,332.7,465.38,336.825,423,1307,398,1355,1354,1785
5648354,468.26,332.625,464.66,336.975,424,1306,391,1357,1351,1786
5648356,468.42,332.4,465.46,336.675,426,1303,398,1353,1352,1781
5648358,468.5,332.475,465.46,336.45,426,1304,398,1351,1352,1785
5648360,468.42,332.175,465.14,336.375,425,1301,394,1350,1350,1783
5648362,468.58,332.25,465.22,336.45,426,1302,396,1351,1353,1783
5648364,467.7,332.85,464.5,336.375,418,1309,388,1351,1357,1783
5648366,468.26,332.25,464.82,337.125,423,1302,392,1359,1353,1785
5648368,468.26,332.325,464.42,336.45,423,1303,387,1352,1351,1783
5648370,468.02,331.95,464.74,336.825,420,1300,390,1356,1356,1786
5648372,468.26,332.85,464.9,336.75,423,1309,392,1355,1357,1785
5648374,467.86,332.55,464.42,336.525,418,1307,386,1353,1356,1785
5648376,468.58,332.175,464.66,336.825,425,1302,388,1357,1351,1784
5648378,467.86,332.625,465.14,336.45,418,1307,393,1352,1353,1787
5648380,467.86,332.175,464.74,336.6,417,1303,388,1355,1358,1783
5648382,467.3,332.775,464.26,337.05,412,1310,384,1360,1354,1785
5648384,467.62,333.45,464.26,336.3,415,1317,383,1352,1357,1784
5648386,468.1,332.025,464.1,336.675,419,1301,381,1356,1355,1782
5648388,468.34,332.85,463.7,336.9,422,1310,377,1359,1354,1784
5648390,468.18,332.7,464.42,336.525,420,1308,385,1354,1357,1784
5648392,467.7,332.925,464.1,336.6,414,1311,380,1355,1357,1786
5648394,467.62,332.55,464.66,337.125,413,1307,387,1360,1355,1782
5648396,468.18,332.325,464.18,336.675,419,1305,381,1356,1356,1784
5648398,467.62,333,463.86,337.125,414,1312,378,1361,1359,1785
5648400,468.34,332.4,464.1,337.05,420,1305,380,1361,1356,1786
5648402,467.7,332.7,463.78,336.825,414,1310,376,1358,1358,1786
5648404,467.62,332.7,464.34,336.975,412,1310,383,1359,1357,1784
5648406,467.54,332.85,464.02,336.975,412,1311,379,1360,1357,1783
5648408,467.86,333.525,464.34,336.9,415,1319,382,1359,1355,1784
5648410,467.86,332.4,463.94,336.75,415,1306,378,1357,1358,1787
5648412,468.18,333,464.1,336.825,419,1312,379,1359,1352,1781
5648414,467.86,332.775,464.18,336.975,414,1311,380,1360,1356,1782
5648416,468.02,333,464.18,336.975,417,1313,380,1360,1355,1779
5648418,467.22,333.675,464.34,337.2,408,1321,382,1362,1353,1781
5648420,467.46,333.525,464.5,337.05,411,1319,383,1360,1356,1779
5648422,467.7,332.325,464.26,336.825,413,1306,381,1358,1357,1782
5648424,467.86,333.15,464.34,336.75,415,1315,382,1357,1356,1783
5648426,467.46,332.925,464.26,336.75,410,1313,381,1358,1355,1784
5648428,468.02,332.85,464.1,336.9,416,1311,379,1360,1359,1783
5648430,467.06,332.925,464.58,336.75,406,1313,384,1357,1362,1781
5648432,467.62,332.175,464.66,337.35,412,1304,385,1364,1361,1780
5648434,467.94,333.225,464.5,336.9,415,1316,384,1360,1359,1780
5648436,467.86,333,464.82,337.35,415,1313,387,1364,1359,1780
5648438,468.26,332.7,464.9,336.825,418,1310,387,1358,1356,1781
5648440,468.1,332.7,464.5,336.675,417,1310,383,1357,1358,1781
5648442,467.86,332.175,464.74,336.825,414,1305,386,1359,1356,1781
5648444,467.78,332.85,464.74,336.525,413,1312,386,1356,1353,1780
5648446,468.26,332.4,464.5,336.975,418,1307,383,1361,1355,1779
5648448,468.02,331.5,464.18,336.825,415,1298,380,1360,1353,1780
5648450,467.7,332.4,464.74,337.2,413,1308,386,1363,1353,1777
5648452,467.94,332.925,465.06,336.375,416,1313,389,1353,1354,1775
5648454,468.42,332.325,464.74,336.825,420,1307,387,1359,1359,1771
5648456,467.22,333.075,464.42,336.825,409,1316,383,1360,1351,1774
5648458,467.46,332.775,464.98,336.3,411,1312,389,1353,1355,1775
5648460,467.94,332.625,465.06,336.375,416,1310,389,1354,1358,1774
5648462,467.78,332.85,464.58,336.75,415,1313,385,1359,1353,1774
5648464,467.22,333.075,464.82,336.15,409,1316,387,1352,1356,1771
5648466,467.46,332.85,464.74,336.15,411,1314,387,1352,1353,1771
5648468,467.7,332.7,464.74,336.525,414,1311,387,1356,1357,1769
5648470,467.38,333.675,465.22,336.3,412,1322,392,1354,1357,1770
5648472,467.14,332.925,465.22,336.9,409,1315,393,1360,1354,1770
5648474,467.06,333.375,464.9,336.75,408,1320,389,1359,1350,1769
5648476,467.54,332.25,465.06,336.15,413,1307,391,1353,1357,1768
5648478,467.38,333.225,465.06,336.675,412,1318,391,1358,1351,1767
5648480,467.22,332.85,465.62,336.225,411,1314,398,1353,1352,1765
5648482,467.14,332.7,465.38,336.375,409,1313,395,1354,1352,1765
5648484,467.3,333.975,465.86,336.3,413,1327,400,1354,1347,1763
5648486,466.66,334.575,465.62,336.675,407,1334,398,1358,1351,1760
5648488,466.9,334.2,465.46,336.225,410,1330,397,1353,1351,1761
5648490,467.22,333.075,465.3,336.825,412,1318,395,1360,1351,1760
5648492,466.98,333.975,465.22,336.45,410,1328,395,1356,1346,1762
5648494,466.9,333.225,465.86,336.075,409,1320,401,1351,1350,1763
5648496,466.42,333.975,465.46,336.15,405,1328,397,1353,1351,1759
5648498,466.1,333.9,465.06,336.075,402,1328,393,1352,1348,1759
5648500,466.5,333.075,464.82,336.6,405,1319,391,1359,1346,1758
5648502,466.58,332.775,465.46,336.45,405,1316,398,1357,1349,1757
5648504,466.42,333.375,465.14,336.3,405,1323,395,1356,1346,1757
5648506,466.66,332.7,465.14,336,407,1315,394,1353,1345,1753
5648508,466.74,332.175,465.22,336.525,407,1310,396,1358,1348,1755
5648510,466.74,332.475,464.82,335.625,408,1313,391,1349,1345,1755
5648512,466.34,332.325,464.82,335.625,404,1311,391,1349,1349,1751
5648514,466.74,332.25,464.98,336.225,408,1310,393,1356,1342,1752
5648516,466.66,332.625,464.74,335.4,408,1315,390,1347,1343,1750
5648518,465.94,334.125,464.74,336.15,402,1331,391,1355,1343,1749
5648520,466.18,332.925,464.34,336.075,403,1318,387,1354,1344,1748
5648522,466.18,332.175,464.74,336,403,1310,391,1354,1346,1746
5648524,466.02,333.525,464.9,335.925,403,1325,393,1352,1345,1748
5648526,466.34,333.45,464.58,336.825,406,1324,391,1362,1344,1746
5648528,465.94,334.275,464.02,335.775,402,1333,384,1352,1340,1744
5648530,466.74,332.7,464.18,336.675,409,1315,386,1361,1346,1744
5648532,466.42,334.05,464.42,336.6,407,1330,389,1360,1343,1747
5648534,466.5,333.825,464.1,336.075,408,1328,385,1355,1339,1741
5648536,466.82,333.45,463.78,336.825,411,1324,383,1364,1340,1735
5648538,466.02,333.9,464.66,336.825,403,1329,392,1362,1341,1741
5648540,465.94,335.1,464.18,336.375,404,1343,386,1358,1332,1738
5648542,466.1,334.8,463.7,336.225,405,1339,381,1357,1335,1736
5648544,465.86,334.8,463.78,336.825,403,1340,383,1363,1334,1733
5648546,466.58,334.8,463.46,336.9,410,1338,380,1365,1337,1735
5648548,465.94,334.65,463.7,336.45,403,1338,382,1360,1330,1736
5648550,466.26,334.425,463.86,336.525,407,1335,383,1360,1334,1734
5648552,466.5,335.175,463.94,336.225,410,1342,384,1357,1330,1732
5648554,465.94,334.65,463.94,336.45,403,1338,385,1359,1329,1731
5648556,465.94,334.5,463.86,336.075,403,1336,383,1355,1331,1729
5648558,466.18,334.5,463.46,336.525,406,1336,379,1361,1329,1728
5648560,466.26,334.125,463.62,336.075,406,1332,380,1356,1329,1730
5648562,465.78,334.5,463.3,336.3,401,1337,377,1359,1327,1729
5648564,464.02,334.275,462.9,336.675,383,1336,373,1364,1332,1725
5648566,464.02,333.825,462.74,335.925,382,1331,371,1355,1329,1730
5648568,463.46,332.925,462.02,335.4,375,1323,362,1351,1328,1722
5648570,463.14,332.55,461.46,335.1,371,1319,357,1348,1329,1720
5648572,462.66,333,460.82,334.725,366,1324,349,1345,1329,1717
5648574,462.74,333.075,460.02,334.425,367,1325,340,1342,1329,1718
5648576,462.02,333.15,459.94,334.5,360,1327,340,1343,1327,1717
5648578,462.34,333.15,459.62,333.675,364,1326,336,1335,1327,1716
5648580,462.02,333.675,459.78,333.675,361,1332,337,1335,1324,1709
5648582,461.94,333.675,460.02,333.975,360,1333,339,1338,1327,1709
5648584,462.34,333.525,460.58,334.5,364,1330,346,1343,1326,1708
5648586,463.14,333.825,460.5,334.575,373,1332,345,1344,1324,1709
5648588,463.3,333.6,460.58,333.825,374,1330,346,1335,1323,1707
5648590,463.06,333.9,461.14,334.35,372,1333,352,1341,1324,1708
5648592,463.62,334.35,460.9,335.025,377,1338,350,1348,1320,1706
5648594,463.62,334.5,460.74,334.725,378,1339,348,1345,1326,1703
5648596,463.38,333.9,460.82,334.95,374,1333,348,1347,1322,1704
5648598,463.54,334.425,460.82,334.65,377,1339,349,1344,1321,1700
5648600,463.22,334.425,460.82,334.575,374,1339,348,1344,1323,1706
5648602,463.3,333.9,460.98,334.65,373,1333,350,1344,1322,1703
5648604,463.14,334.125,461.14,334.275,372,1336,351,1341,1323,1700
5648606,462.82,334.05,460.74,335.175,368,1336,348,1350,1323,1700
5648608,463.22,333.075,461.38,334.125,372,1325,354,1338,1322,1702
5648610,463.62,333.3,460.58,333.9,377,1327,345,1337,1319,1699
5648612,463.94,332.925,460.58,333.6,380,1323,345,1334,1319,1695
5648614,464.42,333.375,460.66,332.7,385,1327,345,1324,1316,1688
5648616,463.86,332.625,460.66,332.475,379,1320,344,1322,1317,1686
5648618,464.82,332.175,460.42,331.875,388,1313,341,1315,1317,1688
5648620,465.3,332.4,460.66,332.7,394,1315,345,1324,1314,1687
5648622,464.42,331.8,460.9,332.025,384,1310,347,1316,1315,1683
5648624,464.42,332.625,459.94,331.05,384,1319,336,1307,1317,1678
5648626,464.5,331.425,460.82,331.65,384,1306,345,1313,1317,1682
5648628,464.34,331.65,461.06,331.425,382,1308,348,1310,1314,1681
5648630,464.26,332.4,461.14,332.325,382,1317,349,1319,1318,1682
5648632,464.74,332.4,461.3,332.325,387,1316,351,1319,1317,1680
5648634,464.9,332.625,461.38,332.4,390,1318,352,1320,1311,1681
5648636,465.46,332.925,460.9,332.1,396,1321,347,1317,1312,1677
5648638,464.98,333.15,461.38,332.25,391,1324,352,1319,1312,1677
5648640,464.9,334.05,460.9,333.45,391,1334,349,1332,1314,1676
5648642,464.74,334.275,461.06,333.975,390,1337,351,1338,1315,1681
5648644,464.66,333.75,461.62,333.3,388,1332,356,1330,1311,1674
5648646,465.06,334.425,461.46,334.5,393,1338,356,1343,1310,1677
5648648,464.74,334.5,461.54,334.2,390,1339,357,1340,1310,1674
5648650,464.98,335.25,461.54,333.9,394,1347,356,1336,1312,1676
5648652,464.98,335.25,461.46,334.875,394,1348,356,1347,1312,1672
5648654,464.74,335.7,461.78,333.975,391,1353,358,1338,1312,1673
5648656,464.98,335.625,461.54,334.125,394,1352,356,1339,1312,1671
5648658,464.5,335.625,461.46,334.65,389,1353,356,1345,1310,1670
5648660,464.1,336.15,461.62,335.7,386,1359,359,1357,1312,1665
5648662,464.58,336.15,461.7,334.35,391,1359,358,1343,1313,1665
5648664,464.82,335.1,461.3,334.275,392,1348,354,1343,1310,1666
5648666,465.06,335.7,462.26,335.1,395,1354,365,1350,1309,1669
5648668,464.9,335.625,461.94,334.725,393,1354,361,1347,1312,1664
5648670,464.66,335.625,462.18,335.025,391,1354,364,1350,1312,1665
5648672,464.74,335.625,461.78,334.575,392,1354,360,1346,1307,1661
5648674,464.82,335.7,461.3,334.8,393,1355,355,1349,1308,1658
5648676,465.06,335.625,461.46,334.275,395,1354,356,1343,1307,1659
5648678,464.66,336.225,461.46,334.425,392,1361,356,1346,1309,1656
5648680,465.14,335.325,461.14,334.425,396,1352,353,1346,1306,1659
5648682,465.46,335.25,461.14,334.875,399,1350,353,1351,1307,1656
5648684,464.9,335.85,461.46,334.95,394,1357,357,1351,1309,1657
5648686,465.14,335.25,461.7,334.65,396,1351,359,1348,1306,1655
5648688,464.74,336.075,460.74,334.2,392,1360,348,1344,1308,1650
5648690,464.9,335.175,460.9,334.275,393,1350,349,1345,1305,1650
5648692,464.82,335.175,460.5,334.2,392,1351,345,1344,1303,1647
5648694,464.58,334.725,460.82,333.6,388,1346,348,1338,1304,1645
5648696,464.9,335.4,460.74,334.05,393,1352,348,1343,1306,1645
5648698,464.74,334.725,460.58,334.05,391,1346,346,1342,1301,1646
5648700,464.66,335.325,460.82,334.125,390,1351,348,1343,1305,1643
5648702,464.34,334.725,460.74,333.75,386,1345,346,1338,1303,1643
5648704,464.1,335.475,460.66,333.9,383,1354,345,1340,1304,1645
5648706,464.66,334.875,460.42,333.6,389,1346,342,1337,1304,1643
5648708,464.34,334.875,460.58,333.45,384,1346,344,1335,1300,1641
5648710,463.86,334.95,459.86,333.225,380,1347,336,1333,1301,1639
5648712,463.7,335.1,460.18,333.375,377,1348,339,1334,1300,1636
5648714,463.78,335.25,460.1,333.45,379,1350,338,1335,1303,1636
5648716,463.78,335.475,459.62,333.45,378,1352,332,1335,1300,1635
5648718,464.1,335.1,459.78,333.375,381,1347,334,1334,1299,1635
5648720,463.7,335.4,459.78,333.75,377,1351,334,1337,1298,1633
5648722,463.38,335.1,459.62,333.375,373,1348,331,1333,1298,1633
5648724,463.46,335.1,459.38,334.2,373,1346,329,1341,1298,1632
5648726,463.78,335.325,459.46,333.525,377,1348,329,1334,1303,1633
5648728,463.62,335.55,459.06,334.275,374,1351,325,1342,1298,1631
5648730,463.22,335.25,459.14,334.8,370,1348,326,1347,1298,1630
5648732,463.06,335.775,459.38,334.95,368,1353,329,1348,1298,1629
5648734,463.54,335.85,459.3,335.25,373,1353,328,1351,1299,1627
5648736,463.06,336.075,459.38,334.725,368,1355,328,1345,1298,1626
5648738,463.62,335.55,459.54,334.575,373,1349,329,1343,1295,1628
5648740,463.06,335.55,459.22,334.725,366,1349,325,1344,1293,1625
5648742,463.62,335.625,459.06,335.4,372,1349,324,1352,1295,1622
5648744,463.46,336.15,458.66,335.85,370,1355,319,1357,1294,1619
5648746,463.14,336.45,459.62,335.625,367,1359,329,1353,1298,1623
5648748,463.46,335.625,459.06,336.15,368,1349,323,1359,1294,1620
5648750,463.3,335.775,458.98,336.3,368,1351,323,1361,1293,1616
5648752,463.94,335.25,459.14,336.675,373,1344,324,1365,1290,1617
5648754,463.78,335.55,458.82,336.825,372,1348,321,1366,1292,1613
5648756,463.7,335.925,458.82,336.825,371,1352,321,1367,1295,1613
5648758,464.34,336.075,459.78,336.6,377,1353,330,1363,1293,1615
5648760,464.26,336.6,459.3,337.8,376,1358,326,1377,1292,1611
5648762,464.02,336.975,460.02,336.9,375,1363,333,1366,1291,1609
5648764,464.34,337.2,460.02,337.725,378,1364,333,1375,1288,1608
5648766,464.66,337.125,459.78,336.825,381,1364,330,1365,1291,1609
5648768,465.3,337.125,460.1,338.025,388,1363,334,1379,1287,1602
5648770,465.14,337.05,460.66,338.1,386,1362,340,1378,1292,1603
5648772,465.46,337.95,461.3,338.025,391,1372,347,1377,1287,1596
5648774,465.78,338.1,461.22,337.35,394,1373,345,1370,1286,1605
5648776,466.42,337.65,461.22,337.95,401,1368,346,1376,1283,1597
5648778,466.34,337.725,461.54,337.65,400,1369,350,1373,1284,1597
5648780,466.26,338.025,461.62,337.95,400,1372,351,1376,1283,1593
5648782,465.86,338.25,461.62,337.95,397,1375,351,1376,1283,1593
5648784,466.58,338.175,461.54,338.175,404,1374,351,1380,1281,1594
5648786,466.82,337.575,461.7,338.475,406,1367,354,1383,1278,1594
5648788,466.5,338.325,461.54,338.925,404,1376,353,1388,1280,1588
5648790,466.9,338.7,461.54,338.7,409,1379,352,1385,1283,1590
5648792,466.42,338.55,461.54,339.525,404,1379,354,1395,1275,1590
5648794,467.14,338.625,462.1,338.625,412,1379,359,1384,1281,1590
5648796,466.82,338.925,462.58,339.075,409,1383,365,1389,1282,1585
5648798,466.26,339.225,462.5,339.45,404,1387,364,1393,1276,1586
5648800,466.82,338.175,462.18,339.525,410,1375,362,1396,1278,1585
5648802,466.58,339.3,462.1,340.125,409,1388,363,1402,1278,1583
5648804,466.18,339.225,462.18,340.125,405,1388,364,1402,1278,1583
5648806,466.42,339.075,461.94,339.45,407,1386,361,1395,1277,1583
5648808,466.58,339.45,462.02,340.2,411,1390,364,1404,1278,1576
5648810,466.34,338.55,462.18,340.125,407,1381,365,1403,1275,1581
5648812,466.34,339.225,462.42,340.275,409,1389,369,1405,1276,1579
5648814,466.42,339.225,462.58,340.35,410,1389,370,1405,1279,1575
5648816,466.42,338.85,462.26,339.75,411,1385,368,1399,1275,1576
5648818,466.74,339.15,462.42,339.75,414,1388,369,1399,1276,1577
5648820,466.58,339.975,462.5,340.65,414,1398,371,1410,1275,1573
5648822,466.82,338.475,462.5,340.275,415,1381,371,1405,1274,1573
5648824,466.58,339.375,462.18,340.5,414,1391,369,1408,1276,1573
5648826,466.58,339.825,462.34,341.175,415,1396,371,1416,1276,1571
5648828,466.98,338.625,462.74,340.725,418,1383,376,1411,1270,1572
5648830,466.02,339.6,462.18,340.65,409,1395,370,1411,1276,1572
5648832,466.26,340.125,462.18,340.95,413,1401,371,1414,1274,1570
5648834,466.5,339.15,462.26,340.275,415,1390,371,1407,1271,1571
5648836,466.1,339.225,462.18,340.125,412,1391,371,1405,1274,1573
5648838,466.18,339.525,462.5,340.05,413,1395,374,1405,1271,1570
5648840,466.74,339.15,462.1,340.575,419,1391,372,1410,1271,1567
5648842,467.22,338.4,462.1,340.125,423,1382,371,1406,1265,1570
5648844,466.66,338.25,462.66,339.9,418,1380,378,1403,1268,1568
5648846,466.58,339.225,461.54,340.275,418,1391,366,1408,1263,1567
5648848,466.58,338.175,461.94,339.675,418,1380,371,1401,1265,1566
5648850,466.34,338.4,461.94,338.925,416,1383,370,1393,1268,1567
5648852,465.94,337.275,462.26,339.075,411,1371,374,1394,1267,1566
5648854,466.66,338.025,461.14,339.225,419,1378,362,1397,1267,1566
5648856,467.14,337.875,461.38,339.375,424,1376,365,1398,1264,1566
5648858,466.42,337.8,461.78,338.775,416,1375,369,1391,1264,1565
5648860,466.18,338.325,461.06,339.075,414,1381,361,1395,1267,1564
5648862,466.1,337.5,461.3,339.075,413,1373,364,1394,1263,1564
5648864,466.02,337.725,461.06,339.975,413,1374,363,1405,1264,1561
5648866,466.34,338.475,460.74,339.975,417,1383,359,1405,1265,1563
5648868,466.1,337.875,460.98,340.125,413,1376,362,1406,1262,1561
5648870,465.94,338.025,460.74,339.825,412,1378,359,1403,1266,1563
5648872,465.3,338.775,460.82,340.5,406,1386,361,1410,1261,1560
5648874,465.78,338.25,460.66,340.35,411,1381,359,1409,1260,1559
5648876,464.82,339.525,460.26,340.2,402,1395,354,1408,1263,1562
5648878,465.06,339.375,460.58,340.875,404,1393,359,1415,1261,1560
5648880,464.58,339.525,460.26,341.025,399,1395,355,1416,1263,1560
5648882,464.66,339.6,460.1,340.875,400,1396,353,1415,1261,1561
5648884,464.58,339.6,460.34,340.95,399,1396,355,1415,1262,1558
5648886,464.98,339.6,460.42,340.575,402,1396,356,1411,1262,1559
5648888,464.74,339.525,460.34,341.1,399,1395,355,1417,1257,1557
5648890,464.9,339.45,459.94,340.8,401,1394,350,1414,1260,1559
5648892,464.66,339.975,460.26,340.875,399,1400,353,1415,1261,1557
5648894,464.5,340.2,460.02,340.425,397,1402,351,1410,1255,1558
5648896,464.74,339.375,459.94,340.575,399,1393,349,1412,1260,1557
5648898,464.5,339.15,460.02,340.425,396,1391,350,1410,1260,1554
5648900,465.22,339.375,459.94,340.65,403,1393,349,1412,1255,1553
5648902,465.14,338.775,460.02,340.05,402,1387,349,1406,1257,1559
5648904,465.14,339.75,459.78,340.425,402,1397,347,1411,1257,1554
5648906,464.98,339.45,459.94,340.05,400,1394,348,1406,1253,1559
5648908,465.7,338.4,460.1,340.575,406,1382,350,1412,1251,1553
5648910,464.82,339.675,459.7,340.2,398,1398,345,1408,1256,1550
5648912,464.5,339.3,460.26,340.725,395,1394,351,1414,1249,1553
5648914,465.46,339.975,459.7,340.575,405,1400,345,1413,1253,1551
5648916,465.38,339.9,459.86,340.425,404,1400,346,1411,1254,1549
5648918,465.3,339.6,460.66,340.65,403,1396,355,1413,1252,1556
5648920,464.9,339.825,460.1,340.275,398,1400,348,1410,1256,1549
5648922,464.98,340.275,459.94,340.275,399,1404,346,1410,1253,1550
5648924,464.82,340.275,460.1,340.575,397,1405,348,1413,1251,1552
5648926,464.98,339.975,459.62,340.5,399,1402,343,1413,1253,1550
5648928,464.98,339.975,459.7,341.1,399,1402,344,1420,1251,1549
5648930,465.3,340.65,459.94,341.325,402,1409,346,1422,1254,1552
5648932,464.82,340.725,459.86,340.65,397,1411,344,1416,1252,1552
5648934,464.98,340.05,460.34,340.875,398,1403,350,1417,1255,1552
5648936,465.86,340.05,460.02,340.725,407,1403,347,1417,1247,1550
5648938,465.14,340.875,459.94,341.025,400,1413,346,1420,1252,1550
5648940,465.22,340.575,460.1,340.5,401,1410,347,1415,1248,1550
5648942,465.3,340.125,459.62,341.25,401,1405,342,1423,1252,1549
5648944,465.38,340.35,459.46,340.95,402,1408,340,1421,1249,1547
5648946,465.62,340.725,459.7,340.5,404,1412,342,1416,1248,1551
5648948,464.82,340.2,459.46,340.275,395,1408,339,1414,1250,1548
5648950,465.14,340.05,459.54,340.95,398,1406,341,1422,1248,1544
5648952,465.7,340.5,460.26,340.35,405,1410,347,1415,1247,1549
5648954,465.54,340.5,459.38,340.65,403,1410,338,1419,1248,1548
5648956,465.7,340.2,460.18,340.575,404,1408,347,1418,1246,1547
5648958,466.1,340.125,460.34,340.5,408,1406,348,1416,1248,1547
5648960,465.94,341.175,460.02,340.35,407,1418,345,1416,1246,1544
5648962,465.46,340.725,459.3,341.1,402,1414,337,1425,1248,1544
5648964,465.46,339.75,460.26,339.9,401,1403,346,1410,1246,1543
5648966,465.54,339.675,460.34,339.975,402,1403,347,1411,1248,1543
5648968,465.78,340.35,459.78,340.5,405,1410,342,1418,1245,1544
5648970,465.54,340.125,460.18,339.975,402,1407,345,1412,1248,1544
5648972,465.54,339.45,460.18,340.125,401,1400,346,1413,1247,1544
5648974,465.62,339.675,460.9,340.35,402,1403,353,1415,1242,1542
5648976,465.54,339.375,460.5,340.275,401,1400,348,1414,1245,1540
5648978,465.54,339.6,460.74,340.5,401,1402,352,1417,1246,1539
5648980,465.7,339.975,460.82,339.825,403,1405,352,1410,1243,1542
5648982,465.54,339.3,460.1,340.05,400,1398,344,1412,1243,1543
5648984,465.86,339.45,459.7,340.8,404,1400,341,1421,1241,1540
5648986,466.1,338.625,460.58,339.825,405,1390,349,1410,1243,1545
5648988,465.86,339.525,460.02,339.825,404,1400,342,1410,1241,1541
5648990,465.38,338.475,460.02,339.975,397,1389,343,1412,1242,1540
5648992,465.7,339.3,460.82,339.675,402,1397,351,1407,1244,1540
5648994,465.78,339.075,460.5,340.125,402,1395,348,1412,1241,1543
5648996,466.02,338.475,460.34,340.8,404,1388,347,1419,1241,1536
5648998,465.54,339.075,460.58,339.75,400,1394,348,1408,1241,1540
5649000,466.18,338.7,460.34,340.5,407,1389,347,1416,1245,1541
5649002,465.46,338.925,460.66,339.9,399,1393,350,1409,1241,1541
5649004,466.18,338.625,460.9,339.975,406,1388,352,1409,1241,1540
5649006,465.94,338.625,460.5,340.125,403,1389,348,1411,1239,1540
5649008,465.94,338.475,460.82,339.9,404,1387,351,1408,1238,1540
5649010,466.66,339.15,460.82,340.125,412,1393,351,1410,1240,1539
5649012,466.26,340.275,461.06,339.825,409,1405,353,1406,1238,1541
5649014,466.5,338.4,460.66,340.125,409,1384,350,1410,1238,1539
5649016,466.66,338.925,460.82,339.975,412,1390,351,1408,1238,1540
5649018,466.5,339,460.82,340.05,410,1390,351,1408,1242,1542
5649020,466.82,338.775,460.74,340.275,413,1387,351,1410,1237,1539
5649022,466.98,339.375,461.14,340.125,415,1393,355,1408,1242,1540
5649024,466.18,338.775,461.38,339.9,407,1388,357,1405,1240,1541
5649026,466.9,338.475,461.14,340.05,414,1383,355,1407,1238,1542
5649028,466.9,338.85,461.22,340.2,415,1388,356,1408,1242,1541
5649030,467.06,339,461.3,340.2,417,1389,357,1408,1243,1541
5649032,466.34,339.225,461.3,340.575,410,1392,358,1412,1241,1541
5649034,467.46,339.075,461.22,340.425,421,1389,357,1410,1244,1540
5649036,467.14,338.85,461.3,340.425,418,1387,359,1411,1242,1540
5649038,467.22,339,461.22,340.5,419,1389,357,1411,1242,1539
5649040,466.82,338.85,461.3,340.425,415,1387,358,1410,1238,1541
5649042,467.14,337.725,461.46,340.8,417,1374,361,1414,1236,1541
5649044,466.58,339.6,461.46,340.35,413,1395,360,1409,1240,1539
5649046,466.9,339.075,461.22,340.8,416,1389,358,1414,1237,1539
5649048,466.98,339.45,461.3,341.025,417,1393,359,1416,1236,1538
5649050,466.9,339.675,461.22,340.95,416,1396,358,1416,1241,1538
5649052,466.66,339.45,460.82,341.1,413,1393,354,1418,1237,1535
5649054,467.14,339.375,460.9,340.875,419,1392,355,1415,1238,1537
5649056,466.9,339.75,461.14,340.65,416,1396,357,1413,1235,1537
5649058,467.22,338.7,460.9,340.8,419,1385,355,1415,1239,1537
5649060,467.06,339.75,460.66,340.95,418,1397,353,1416,1237,1536
5649062,467.06,339.15,461.06,340.95,418,1391,357,1416,1241,1536
5649064,466.98,338.925,460.74,341.4,417,1388,354,1421,1234,1536
5649066,467.06,339.75,461.3,340.65,419,1397,359,1413,1237,1540
5649068,466.74,339.6,461.46,340.05,416,1396,360,1406,1240,1536
5649070,467.14,338.85,461.14,340.725,419,1387,358,1414,1239,1539
5649072,467.06,339.675,460.9,340.65,419,1397,355,1414,1237,1536
5649074,467.06,339.225,460.98,341.025,419,1392,356,1418,1236,1536
5649076,467.22,339.225,461.22,340.8,420,1392,358,1415,1239,1537
5649078,467.54,339.225,461.22,340.425,423,1391,358,1411,1239,1538
5649080,467.7,338.25,460.98,340.875,424,1381,357,1416,1237,1538
5649082,467.46,338.925,460.74,340.8,423,1388,354,1416,1238,1536
5649084,467.62,339.75,460.82,340.95,425,1397,355,1417,1243,1535
5649086,467.14,338.925,460.82,340.95,419,1389,354,1418,1235,1537
5649088,467.62,339,460.82,340.95,425,1389,355,1418,1240,1537
5649090,467.14,339.45,460.9,340.5,419,1395,355,1413,1242,1538
5649092,467.3,338.7,460.5,340.875,420,1386,351,1417,1232,1537
5649094,467.46,339.6,460.82,340.275,423,1395,354,1410,1236,1539
5649096,467.14,339.675,460.74,340.425,420,1397,353,1412,1239,1537
5649098,466.82,339.6,460.42,341.175,416,1396,350,1420,1238,1536
5649100,467.62,338.625,460.26,340.65,424,1385,348,1415,1236,1536
5649102,466.82,339.525,460.42,340.575,416,1395,350,1414,1239,1537
5649104,466.98,339.15,460.1,341.025,417,1392,346,1419,1235,1533
5649106,466.58,339.375,460.34,340.725,413,1394,349,1416,1237,1536
5649108,466.9,338.775,460.5,341.025,416,1388,351,1419,1239,1535
5649110,466.5,338.925,460.18,340.8,412,1390,347,1417,1234,1535
5649112,467.14,339.3,460.1,341.1,419,1393,347,1420,1238,1533
5649114,467.22,338.625,459.7,341.475,418,1386,343,1424,1235,1530
5649116,466.82,339.225,460.1,341.325,415,1392,346,1423,1235,1532
5649118,467.3,339.825,460.1,341.025,420,1398,346,1419,1237,1536
5649120,466.82,339.75,459.38,341.025,415,1398,338,1420,1240,1532
5649122,466.9,339.825,460.18,341.025,416,1399,346,1419,1236,1535
5649124,467.3,340.875,459.86,341.4,421,1410,344,1423,1237,1532
5649126,467.22,339.075,460.02,341.1,418,1391,345,1420,1238,1537
5649128,467.62,338.775,460.26,341.025,421,1387,346,1419,1236,1535
5649130,467.86,337.875,460.9,340.2,423,1377,352,1410,1238,1538
5649132,467.78,337.5,461.06,339.225,422,1373,353,1399,1242,1538
5649134,469.3,335.25,460.66,338.925,436,1347,348,1396,1237,1537
5649136,469.38,335.25,460.98,338.625,436,1347,351,1393,1238,1538
5649138,469.06,334.5,460.42,338.85,432,1339,345,1396,1237,1535
5649140,468.98,334.5,460.1,339,430,1339,342,1398,1237,1533
5649142,469.22,334.8,460.18,338.625,433,1342,342,1393,1233,1537
5649144,469.22,335.325,460.18,339.15,434,1348,342,1399,1234,1531
5649146,469.14,334.575,460.5,338.775,432,1340,345,1395,1236,1534
5649148,468.74,334.35,460.66,338.55,428,1338,347,1392,1235,1536
5649150,469.14,335.325,459.94,338.85,433,1348,339,1396,1240,1534
5649152,468.9,334.575,460.26,338.925,429,1340,342,1396,1237,1533
5649154,468.34,335.25,460.26,338.925,424,1348,342,1396,1233,1535
5649156,468.74,334.95,460.26,339.225,427,1344,343,1399,1234,1533
5649158,468.98,334.725,460.58,339,430,1341,346,1396,1236,1533
5649160,468.82,333.6,460.5,339,426,1329,344,1396,1234,1532
5649162,468.42,334.35,460.42,338.85,423,1338,343,1395,1240,1533
5649164,469.22,334.35,460.42,338.925,431,1337,343,1395,1238,1536
5649166,468.66,334.5,460.18,338.625,425,1338,340,1393,1234,1534
5649168,468.9,335.325,460.34,338.625,428,1348,342,1392,1235,1532
5649170,469.46,335.55,460.26,338.925,435,1349,341,1395,1238,1533
5649172,469.06,334.425,460.74,339.075,429,1337,346,1397,1237,1535
5649174,469.38,334.425,460.26,339,433,1336,341,1397,1237,1532
5649176,469.22,334.35,460.66,339.075,430,1336,345,1396,1236,1535
5649178,469.38,334.5,460.74,339,432,1337,346,1396,1240,1535
5649180,469.86,334.35,460.42,338.925,438,1335,343,1395,1237,1536
5649182,468.82,334.65,460.9,339.375,427,1340,348,1400,1243,1532
5649184,469.3,335.4,460.5,339.375,432,1347,344,1400,1241,1535
5649186,469.62,334.275,460.66,339.075,435,1334,345,1396,1237,1535
5649188,469.46,335.25,460.5,338.925,434,1345,343,1394,1239,1534
5649190,469.62,334.725,460.66,339,435,1339,345,1395,1237,1535
5649192,469.94,334.95,461.3,338.925,439,1341,352,1394,1235,1536
5649194,469.54,334.575,460.34,339.075,434,1337,342,1396,1238,1535
5649196,469.46,334.95,460.9,339.225,434,1342,348,1397,1240,1536
5649198,470.1,334.65,460.74,339.15,440,1338,346,1396,1235,1535
5649200,469.38,334.65,460.74,339.225,433,1339,346,1397,1239,1533
5649202,469.54,335.4,460.74,339.525,435,1347,346,1401,1241,1534
5649204,469.22,335.025,460.18,339.225,431,1343,341,1398,1241,1535
5649206,470.02,334.95,460.1,338.925,440,1342,340,1395,1236,1536
5649208,469.3,334.8,460.66,338.775,433,1340,346,1393,1241,1535
5649210,469.54,335.7,460.66,339.075,436,1350,346,1396,1236,1535
5649212,469.86,334.725,460.9,338.55,438,1339,348,1390,1241,1537
5649214,469.38,335.25,460.82,339,434,1346,348,1395,1241,1536
5649216,469.14,335.775,460.74,339.075,433,1352,348,1396,1241,1536
5649218,469.3,336.15,460.82,338.625,435,1355,348,1391,1244,1536
5649220,469.7,335.4,461.22,339.225,439,1347,354,1397,1241,1537
5649222,469.38,335.4,460.9,338.55,436,1347,350,1391,1240,1536
5649224,468.98,335.4,461.06,339.225,432,1348,352,1398,1240,1536
5649226,468.74,336.15,461.06,338.925,429,1356,352,1395,1243,1537
5649228,469.22,337.35,460.82,339.3,436,1369,350,1399,1247,1537
5649230,469.46,335.25,460.26,338.925,436,1346,344,1396,1241,1536
5649232,469.38,337.2,461.06,339.525,438,1367,353,1402,1243,1538
5649234,469.22,335.7,460.66,339.525,435,1352,349,1402,1243,1537
5649236,468.98,336,460.66,339.3,433,1355,349,1400,1244,1536
5649238,469.7,335.775,460.82,339.15,441,1351,350,1398,1244,1537
5649240,469.54,335.4,460.98,339.45,439,1348,353,1401,1241,1537
5649242,469.7,336.675,461.14,339.075,442,1361,354,1397,1244,1539
5649244,469.46,335.7,460.74,339.3,438,1352,350,1400,1243,1533
5649246,469.38,336.15,461.06,339.45,438,1357,354,1401,1247,1537
5649248,469.78,336.225,460.98,339.45,442,1357,353,1402,1244,1537
5649250,469.06,336.075,461.22,339.15,435,1356,355,1398,1245,1538
5649252,469.14,335.7,461.14,339.525,436,1352,356,1402,1243,1538
5649254,469.06,335.55,460.98,339.225,435,1350,354,1399,1243,1537
5649256,469.54,335.25,460.98,338.625,440,1347,353,1392,1240,1537
5649258,469.54,335.625,461.46,339.6,440,1351,359,1403,1243,1539
5649260,469.7,336,460.26,339.375,442,1355,346,1402,1243,1535
5649262,469.7,336.45,460.98,339,442,1360,354,1397,1244,1535
5649264,469.3,336.75,460.82,339.3,439,1364,352,1400,1243,1538
5649266,468.98,335.7,461.06,339.15,434,1353,355,1398,1244,1541
5649268,469.14,336.525,460.82,339.375,437,1361,353,1401,1245,1536
5649270,468.74,336.375,460.9,339.075,433,1360,354,1398,1246,1539
5649272,469.46,336.3,460.82,338.925,440,1358,353,1396,1242,1538
5649274,469.14,336.75,460.66,339.225,437,1364,351,1400,1245,1539
5649276,468.74,336.675,460.5,339.375,434,1363,350,1402,1247,1537
5649278,469.54,336.75,460.42,339.225,442,1363,349,1400,1242,1538
5649280,469.06,336.9,460.9,339.075,437,1366,354,1398,1246,1539
5649282,468.82,336.15,460.5,339.45,434,1357,350,1402,1247,1540
5649284,468.98,336.6,460.42,339,436,1362,349,1398,1245,1536
5649286,468.9,336.225,460.66,339.375,435,1358,351,1402,1246,1539
5649288,468.58,336.825,460.42,339.075,432,1366,349,1399,1242,1538
5649290,469.38,335.7,460.02,339,439,1352,344,1398,1245,1539
5649292,469.38,335.4,460.42,339.15,439,1349,348,1400,1242,1538
5649294,469.14,335.1,460.18,339.3,436,1346,346,1401,1240,1538
5649296,468.82,335.7,460.5,338.55,433,1353,348,1393,1244,1541
5649298,468.5,336,460.82,338.925,430,1357,352,1396,1245,1540
5649300,469.06,335.025,460.1,339.075,435,1345,345,1399,1241,1540
5649302,468.74,335.55,460.1,338.625,432,1352,345,1394,1243,1542
5649304,468.74,335.775,460.18,338.925,432,1353,345,1397,1244,1541
5649306,469.22,334.35,459.78,338.4,436,1338,341,1392,1238,1538
5649308,468.9,335.625,459.22,338.175,434,1352,334,1390,1243,1541
5649310,468.98,335.55,460.02,338.625,434,1351,343,1394,1243,1539
5649312,468.66,335.175,459.86,338.55,430,1348,341,1394,1244,1540
5649314,469.06,334.65,459.7,338.85,434,1341,340,1397,1240,1537
5649316,468.74,336,459.38,338.625,431,1356,336,1395,1243,1542
5649318,468.74,335.775,459.86,338.325,431,1354,341,1391,1244,1540
5649320,469.06,334.5,458.98,338.325,433,1340,331,1392,1240,1541
5649322,468.1,336.675,459.38,338.625,425,1364,335,1395,1244,1542
5649324,468.5,336.375,459.38,339.15,429,1360,335,1400,1245,1541
5649326,468.9,335.175,459.3,339.075,432,1347,335,1400,1242,1544
5649328,468.74,336.675,459.22,339.3,431,1363,334,1402,1248,1544
5649330,468.58,337.425,458.98,338.85,431,1371,331,1397,1246,1546
5649332,468.5,337.8,459.38,339.225,430,1375,335,1401,1246,1541
5649334,468.34,338.025,459.7,339.225,428,1378,338,1401,1247,1544
5649336,468.66,337.8,459.3,339.3,432,1376,334,1402,1246,1546
5649338,468.74,336.825,459.3,339.45,431,1365,334,1403,1242,1544
5649340,468.74,338.1,459.14,340.125,432,1378,333,1411,1243,1544
5649342,469.22,337.5,459.78,339.6,437,1372,340,1404,1245,1546
5649344,468.58,337.8,459.7,339.375,430,1375,338,1402,1244,1548
5649346,469.06,337.65,459.7,339.225,435,1373,338,1401,1243,1548
5649348,468.66,337.125,460.9,338.925,430,1368,350,1396,1243,1547
5649350,468.82,337.575,459.94,338.925,432,1373,340,1397,1246,1547
5649352,469.3,336.225,460.26,338.925,435,1358,343,1397,1245,1546
5649354,469.38,336.225,460.26,338.7,436,1358,343,1395,1243,1546
5649356,469.06,336.675,460.58,338.7,433,1363,346,1394,1249,1550
5649358,470.26,334.575,460.82,338.1,444,1339,348,1387,1245,1549
5649360,469.3,335.325,460.66,338.025,434,1348,346,1387,1244,1550
5649362,469.86,335.475,460.42,338.175,440,1350,344,1389,1244,1549
5649364,469.38,333.975,460.66,338.175,434,1333,346,1388,1243,1548
5649366,470.1,334.05,460.74,338.175,442,1334,347,1389,1243,1549
5649368,469.78,333.75,460.66,338.475,438,1331,348,1392,1241,1551
5649370,470.5,333.6,461.22,337.95,446,1329,353,1385,1244,1553
5649372,470.18,333.6,460.74,337.95,443,1329,347,1387,1242,1554
5649374,470.26,333.225,461.14,338.025,443,1325,352,1387,1242,1553
5649376,470.82,334.05,461.54,338.25,450,1333,357,1389,1241,1550
5649378,470.42,334.275,461.22,337.95,446,1336,354,1386,1241,1553
5649380,469.86,335.1,460.9,338.55,442,1346,351,1393,1245,1555
5649382,470.34,336.3,461.62,338.4,448,1358,359,1390,1246,1555
5649384,470.18,336.375,461.38,338.325,446,1359,356,1389,1249,1556
5649386,470.02,336.225,461.38,338.25,445,1357,356,1389,1251,1553
5649388,469.62,336.225,461.22,338.85,442,1358,356,1395,1248,1555
5649390,470.18,336,461.7,338.55,447,1355,360,1392,1249,1555
5649392,469.46,336.825,461.94,338.4,440,1364,363,1390,1250,1551
5649394,470.26,336.525,461.78,338.7,449,1361,361,1393,1252,1555
5649396,470.1,336.45,462.18,338.925,447,1360,367,1395,1250,1555
5649398,470.66,337.35,461.7,338.7,455,1369,362,1394,1250,1555
5649400,470.02,337.05,461.7,338.625,448,1366,362,1392,1249,1555
5649402,469.78,337.725,461.62,338.7,446,1374,362,1394,1254,1557
5649404,470.02,337.575,461.22,338.925,449,1372,358,1396,1253,1559
5649406,469.94,337.725,461.62,338.25,448,1374,362,1389,1253,1559
5649408,470.18,337.725,461.54,338.475,451,1374,361,1392,1252,1557
5649410,470.42,337.65,461.54,337.95,453,1373,361,1385,1253,1560
5649412,470.18,338.7,461.86,338.4,452,1385,364,1391,1257,1559
5649414,469.94,337.575,461.86,338.925,449,1373,366,1396,1256,1560
5649416,471.14,337.575,461.7,338.85,461,1371,363,1396,1253,1558
5649418,470.18,338.025,462.02,338.55,452,1378,367,1392,1254,1560
5649420,470.42,338.475,461.78,338.85,455,1382,365,1396,1253,1560
5649422,470.18,337.65,462.58,338.4,452,1373,373,1390,1258,1560
5649424,470.9,337.725,461.62,338.175,460,1373,363,1389,1255,1561
5649426,470.1,337.425,461.46,338.175,451,1371,360,1389,1259,1563
5649428,469.86,337.275,461.94,338.4,448,1370,366,1390,1259,1564
5649430,469.94,338.7,461.94,338.4,450,1385,366,1390,1261,1564
5649432,469.7,337.8,461.62,338.475,447,1375,363,1391,1259,1562
5649434,469.86,337.8,461.78,338.475,448,1375,364,1391,1259,1563
5649436,469.54,338.025,461.78,338.4,445,1378,364,1390,1259,1567
5649438,469.86,337.35,460.66,338.475,448,1371,353,1393,1254,1566
5649440,469.22,337.125,460.9,339.225,441,1368,355,1401,1257,1567
5649442,469.86,336.825,460.66,338.55,447,1364,352,1393,1258,1566
5649444,468.98,337.425,460.66,338.25,438,1371,351,1389,1254,1570
5649446,468.98,337.65,460.58,339.225,438,1374,351,1400,1259,1565
5649448,469.46,336.3,460.66,338.25,441,1359,351,1389,1253,1569
5649450,469.38,335.85,460.1,337.8,440,1354,344,1385,1256,1572
5649452,468.82,336.75,459.7,338.1,435,1364,340,1388,1258,1571
5649454,468.82,337.125,459.94,337.8,435,1368,342,1385,1258,1573
5649456,468.9,338.1,459.94,336.9,436,1377,341,1374,1259,1575
5649458,468.58,337.275,459.86,337.425,432,1369,340,1380,1256,1576
5649460,469.54,336.15,459.22,337.05,440,1355,332,1376,1259,1579
5649462,468.66,336.825,459.46,336.525,432,1363,334,1370,1260,1581
5649464,468.82,336.75,459.46,337.575,432,1362,335,1381,1259,1577
5649466,468.82,336.3,459.62,336.15,431,1357,335,1366,1264,1584
5649468,468.5,335.925,459.62,337.05,427,1353,335,1375,1262,1579
5649470,468.18,335.775,460.18,336.075,424,1352,340,1364,1263,1583
5649472,468.58,335.775,459.38,336.825,427,1351,332,1372,1262,1585
5649474,468.26,335.7,459.38,336.825,423,1350,331,1372,1261,1580
5649476,468.1,336.225,459.62,336.375,422,1356,333,1366,1264,1583
5649478,468.18,336.225,459.38,336.3,423,1356,330,1366,1264,1584
5649480,468.5,335.925,459.86,336.75,425,1352,334,1370,1266,1584
5649482,468.18,336.075,459.06,336.525,422,1353,326,1368,1269,1587
5649484,468.26,335.7,459.7,336.45,421,1348,331,1366,1262,1587
5649486,468.5,336.675,459.14,336.75,424,1359,326,1370,1267,1586
5649488,468.42,336.525,459.14,337.05,422,1357,326,1373,1267,1585
5649490,468.74,336.975,459.38,337.125,426,1361,327,1374,1269,1585
5649492,468.58,336.15,460.02,336.6,423,1352,333,1367,1268,1592
5649494,468.66,336.75,459.46,336.525,424,1358,327,1366,1268,1590
5649496,468.42,336.525,459.94,336.825,420,1356,332,1368,1267,1591
5649498,468.42,337.35,459.94,336.525,421,1365,331,1366,1272,1592
5649500,468.26,337.275,460.1,336.75,419,1364,332,1367,1269,1591
5649502,468.74,336.525,460.34,336.525,423,1355,334,1365,1267,1593
5649504,468.74,338.175,460.42,336.825,424,1373,335,1368,1272,1591
5649506,468.42,337.725,460.34,336.9,420,1369,334,1368,1272,1594
5649508,469.38,338.025,460.74,336.825,430,1371,338,1367,1272,1592
5649510,468.82,336.9,460.66,336.75,423,1359,337,1366,1272,1592
5649512,468.66,337.2,460.74,336.3,422,1363,337,1361,1274,1595
5649514,469.06,337.125,460.9,336.675,426,1362,339,1366,1274,1593
5649516,469.54,337.05,460.58,336.525,431,1360,336,1364,1274,1593
5649518,469.54,337.05,460.66,335.925,431,1360,336,1358,1274,1597
5649520,469.46,337.2,460.9,336.375,430,1362,339,1363,1277,1594
5649522,469.7,337.5,460.82,336.15,432,1365,338,1360,1274,1595
5649524,470.34,336.6,461.06,336,438,1355,340,1359,1273,1598
5649526,469.94,337.425,461.38,336.3,434,1364,344,1361,1278,1598
5649528,470.1,337.425,461.54,336.45,436,1364,345,1363,1282,1596
5649530,470.26,337.425,461.54,336.45,438,1364,345,1363,1280,1598
5649532,469.78,337.725,461.46,337.05,434,1368,346,1370,1282,1598
5649534,469.94,337.275,461.78,336.75,436,1363,349,1366,1278,1599
5649536,469.94,337.275,461.7,336.375,437,1363,349,1362,1279,1604
5649538,469.7,337.95,462.18,337.2,435,1371,354,1371,1283,1599
5649540,469.62,337.125,461.62,336.45,434,1363,349,1363,1280,1603
5649542,470.18,337.125,461.7,336.825,440,1362,350,1367,1280,1600
5649544,470.42,336.075,461.7,336.525,442,1350,351,1364,1276,1601
5649546,470.18,337.275,462.34,336.975,440,1363,358,1369,1279,1606
5649548,470.26,337.425,461.94,336.375,442,1365,354,1363,1283,1603
5649550,469.62,337.425,462.18,336,436,1366,356,1359,1283,1608
5649552,469.78,337.125,462.5,336.75,438,1363,361,1367,1282,1607
5649554,470.1,337.2,462.42,336.975,441,1363,360,1370,1281,1604
5649556,470.34,336.975,462.34,336.3,444,1361,359,1363,1280,1608
5649558,469.54,337.5,462.18,336.825,437,1368,359,1369,1285,1606
5649560,469.7,337.05,462.42,336.3,439,1363,362,1363,1285,1609
5649562,469.46,336.825,462.18,336.225,435,1361,359,1363,1285,1609
5649564,469.46,337.875,462.66,336.675,438,1373,365,1367,1282,1608
5649566,469.86,337.05,462.82,336.6,441,1363,366,1366,1283,1609
5649568,469.78,337.425,462.18,336,441,1368,361,1361,1286,1612
5649570,469.78,337.275,462.5,337.05,441,1366,365,1372,1286,1607
5649572,470.1,336.975,461.94,336.45,446,1363,359,1366,1287,1611
5649574,469.94,337.65,461.94,336.675,445,1371,360,1368,1286,1612
5649576,469.38,337.5,462.66,336.6,440,1370,368,1367,1290,1611
5649578,469.94,337.05,461.94,335.55,445,1365,360,1357,1292,1614
5649580,469.78,337.575,461.7,336.075,445,1371,358,1363,1289,1611
5649582,470.02,337.425,462.34,335.25,447,1368,365,1353,1290,1615
5649584,470.18,336.375,462.42,334.425,449,1357,365,1345,1289,1619
5649586,469.78,336.15,461.86,334.575,445,1356,360,1347,1291,1621
5649588,469.3,337.425,461.7,334.725,442,1369,359,1348,1291,1620
5649590,470.1,337.275,462.18,333.75,450,1367,363,1338,1295,1622
5649592,469.38,337.575,461.38,334.275,443,1371,356,1344,1295,1623
5649594,469.62,335.7,461.78,333.375,443,1351,358,1334,1289,1621
5649596,469.86,335.7,461.54,333.6,447,1350,357,1337,1291,1624
5649598,469.46,335.175,461.62,333.45,442,1346,357,1335,1290,1625
5649600,469.46,335.175,461.7,333.3,443,1345,359,1333,1290,1621
5649602,469.78,335.55,461.38,332.4,446,1349,355,1324,1294,1625
5649604,469.3,335.025,461.14,333.45,441,1343,354,1336,1295,1628
5649606,468.58,335.55,460.9,333.225,434,1351,351,1333,1296,1628
5649608,469.22,335.025,460.9,333.15,441,1343,352,1332,1293,1628
5649610,468.18,336.15,460.42,333.45,431,1357,347,1336,1296,1629
5649612,467.94,335.625,461.06,333.3,428,1351,354,1333,1297,1624
5649614,468.5,335.475,460.58,332.775,434,1349,348,1328,1294,1630
5649616,467.94,336,460.5,333.225,429,1356,348,1333,1296,1631
5649618,468.02,335.85,459.86,334.125,430,1354,342,1344,1296,1631
5649620,467.94,335.55,459.78,333.75,428,1350,341,1340,1298,1631
5649622,468.26,336.375,460.1,334.125,432,1358,344,1343,1296,1630
5649624,467.54,336.225,459.94,334.05,425,1358,343,1342,1300,1631
5649626,466.9,335.775,459.62,334.65,417,1354,340,1349,1300,1631
5649628,467.54,336.075,459.3,334.875,425,1356,337,1352,1302,1635
5649630,467.54,336.525,459.46,335.1,425,1361,339,1354,1300,1634
5649632,466.66,337.35,459.38,334.875,417,1371,338,1353,1299,1632
5649634,467.3,336.975,459.62,335.7,423,1367,341,1361,1299,1631
5649636,467.3,337.2,459.22,335.625,423,1368,336,1360,1301,1629
5649638,467.86,336.9,459.22,335.175,428,1365,336,1356,1300,1631
5649640,466.74,336.3,459.62,335.1,416,1360,340,1354,1307,1633
5649642,466.82,336.225,459.54,335.775,417,1359,340,1362,1304,1631
5649644,467.14,337.35,459.46,334.8,421,1371,337,1352,1302,1635
5649646,466.5,337.05,459.7,335.7,414,1368,341,1361,1303,1632
5649648,466.18,336.6,459.54,336.075,410,1364,339,1366,1302,1632
5649650,466.82,336.225,459.78,336.45,416,1359,342,1369,1307,1629
5649652,466.66,337.2,459.38,335.1,415,1370,336,1356,1309,1633
5649654,466.82,337.2,459.62,335.325,417,1370,339,1358,1305,1633
5649656,466.34,336.975,459.46,335.85,411,1368,338,1364,1306,1633
5649658,466.58,336.825,458.98,335.325,414,1366,332,1359,1307,1630
5649660,466.66,336.6,459.86,335.325,414,1364,341,1358,1305,1633
5649662,466.26,336.675,459.62,335.175,409,1366,338,1357,1307,1634
5649664,466.82,336.975,459.54,335.85,415,1369,338,1365,1308,1630
5649666,466.98,335.475,459.3,335.55,416,1353,335,1361,1306,1635
5649668,466.98,336.525,459.78,335.175,416,1364,339,1357,1304,1634
5649670,466.74,336.975,459.3,335.4,414,1369,335,1360,1306,1636
5649672,466.58,337.125,459.54,335.175,413,1371,336,1358,1307,1634
5649674,466.66,336.525,459.86,334.65,413,1365,339,1352,1309,1636
5649676,466.82,336.15,459.86,335.475,414,1361,340,1361,1308,1636
5649678,466.9,336.375,459.62,335.7,415,1364,337,1364,1311,1635
5649680,466.98,337.125,459.7,334.5,416,1372,338,1352,1308,1638
5649682,466.42,336.825,459.54,335.775,410,1369,337,1365,1310,1636
5649684,466.18,336.525,459.78,335.4,407,1366,339,1361,1307,1636
5649686,466.34,337.275,459.86,335.1,410,1374,339,1358,1312,1637
5649688,466.58,336.75,460.02,335.25,411,1369,341,1360,1311,1640
5649690,466.74,337.275,460.02,335.85,414,1374,341,1366,1311,1637
5649692,467.14,336.225,459.54,335.4,417,1362,336,1362,1312,1633
5649694,467.22,336.825,460.26,335.625,418,1369,344,1364,1309,1639
5649696,466.98,337.725,459.86,336.225,417,1380,341,1371,1305,1637
5649698,467.46,337.5,459.7,336.3,422,1376,339,1372,1310,1641
5649700,466.98,337.35,460.26,337.5,416,1376,346,1385,1308,1637
5649702,466.34,337.575,459.94,337.725,410,1379,343,1387,1310,1642
5649704,467.46,336.9,460.1,337.35,421,1370,343,1383,1308,1641
5649706,466.74,337.725,459.86,336.675,414,1380,341,1376,1310,1641
5649708,466.9,337.425,460.18,337.725,415,1377,345,1388,1307,1636
5649710,466.82,337.65,459.94,336.975,414,1379,342,1379,1309,1645
5649712,467.38,336.9,460.5,336.825,420,1371,347,1377,1311,1644
5649714,467.14,337.125,460.66,337.725,417,1374,350,1387,1309,1640
5649716,466.9,337.275,460.34,337.05,415,1375,345,1380,1311,1641
5649718,466.66,336.975,460.82,337.275,412,1372,350,1382,1313,1641
5649720,467.06,337.05,460.26,336.975,416,1373,344,1379,1309,1643
5649722,467.06,336.15,460.74,337.125,415,1363,350,1381,1314,1647
5649724,467.46,337.275,460.26,336.975,420,1375,344,1379,1315,1643
5649726,467.46,337.425,460.1,337.275,420,1376,343,1383,1315,1645
5649728,467.22,337.275,460.66,337.425,417,1375,348,1383,1316,1648
5649730,467.54,336.45,460.5,337.8,420,1366,347,1388,1317,1649
5649732,467.06,337.05,460.58,336.75,415,1373,346,1376,1316,1650
5649734,467.94,336.225,460.9,336.225,423,1363,349,1370,1315,1654
5649736,467.46,335.7,461.14,337.2,417,1357,352,1380,1314,1652
5649738,467.14,336.45,460.42,336.6,414,1365,345,1374,1312,1653
5649740,467.54,336.675,460.5,336.9,419,1367,345,1377,1317,1655
5649742,467.78,336,460.74,335.625,420,1360,346,1363,1314,1654
5649744,467.78,335.85,460.82,336.075,420,1358,347,1368,1313,1653
5649746,467.06,336.15,460.58,335.7,413,1362,344,1365,1313,1653
5649748,466.9,335.475,460.58,335.55,410,1354,344,1362,1317,1654
5649750,467.62,335.85,460.34,336,419,1358,342,1367,1312,1653
5649752,467.46,335.925,460.26,336.3,417,1358,341,1370,1313,1652
5649754,467.46,335.475,460.58,335.775,416,1353,344,1364,1317,1657
5649756,467.78,335.7,460.66,335.025,419,1355,344,1356,1313,1657
5649758,467.46,336.45,459.94,336,416,1364,337,1367,1316,1659
5649760,467.54,335.55,460.58,335.475,416,1353,343,1360,1317,1658
5649762,467.62,336.15,460.66,335.85,417,1359,344,1364,1315,1655
5649764,467.14,335.85,460.34,336.45,412,1356,341,1370,1315,1660
5649766,467.46,335.85,460.1,335.7,415,1356,338,1362,1318,1659
5649768,467.22,336.3,460.5,336.675,412,1360,343,1371,1317,1655
5649770,467.54,336.15,460.34,336,416,1358,340,1364,1317,1663
5649772,467.46,336.3,459.7,336.375,415,1359,333,1369,1316,1661
5649774,467.14,336.9,460.9,337.5,413,1367,347,1380,1316,1660
5649776,466.98,336,461.06,336.15,409,1356,347,1365,1315,1664
5649778,467.86,336.525,460.5,337.05,419,1361,342,1375,1316,1658
5649780,467.14,337.05,460.58,336.375,412,1367,342,1367,1316,1663
5649782,467.7,336.675,460.42,336.675,417,1362,341,1370,1317,1670
5649784,467.78,336.6,460.74,337.5,418,1361,345,1379,1314,1670
5649786,467.78,336.975,460.58,336.9,418,1365,342,1373,1318,1669
5649788,467.54,335.775,460.66,336.975,414,1352,343,1373,1319,1668
5649790,467.78,336.3,460.74,338.025,417,1358,345,1384,1320,1667
5649792,467.38,337.05,460.26,337.425,413,1366,339,1378,1317,1668
5649794,467.46,336.675,460.5,337.5,413,1362,341,1379,1321,1669
5649796,467.62,337.275,460.26,337.875,415,1369,338,1382,1321,1672
5649798,467.7,337.05,460.1,338.025,415,1366,336,1385,1317,1674
5649800,467.62,336.525,460.74,337.5,414,1360,343,1378,1323,1672
5649802,468.34,336.675,460.18,337.725,422,1360,337,1381,1317,1672
5649804,467.78,336.975,460.5,338.325,415,1364,340,1387,1321,1672
5649806,467.86,336.975,460.34,337.725,416,1365,338,1381,1318,1674
5649808,467.7,336.75,460.34,339.3,414,1363,339,1399,1319,1671
5649810,467.86,337.05,460.34,338.25,416,1366,339,1387,1321,1674
5649812,467.62,336.45,460.42,337.875,413,1360,338,1383,1320,1675
5649814,467.62,337.8,460.34,338.325,414,1374,338,1388,1324,1677
5649816,468.42,337.05,460.18,338.625,421,1366,336,1392,1322,1677
5649818,467.78,336.975,460.74,337.575,414,1366,341,1379,1320,1675
5649820,468.34,336.975,460.74,338.775,419,1365,342,1393,1319,1678
5649822,468.34,336.75,459.94,338.475,419,1363,333,1391,1320,1677
5649824,468.1,337.65,460.26,338.325,417,1373,335,1389,1319,1678
5649826,467.86,337.125,460.58,339.45,414,1367,340,1400,1324,1681
5649828,467.86,337.425,460.42,339.225,414,1371,338,1399,1321,1684
5649830,467.94,336.675,460.42,339.825,414,1363,338,1406,1321,1683
5649832,467.54,337.275,461.14,339.075,410,1370,345,1397,1325,1681
5649834,468.02,337.425,460.26,339.45,416,1371,336,1402,1323,1685
5649836,467.78,336.9,460.18,338.775,413,1366,334,1395,1324,1689
5649838,467.78,337.35,460.66,339.975,413,1371,341,1407,1324,1682
5649840,467.62,336.975,460.34,339.825,410,1367,337,1406,1322,1685
5649842,467.38,336.975,460.34,339.3,408,1367,336,1400,1327,1686
5649844,467.94,336.45,460.34,339.3,412,1361,335,1401,1323,1690
5649846,467.38,337.2,459.7,339.6,407,1370,329,1405,1322,1690
5649848,467.7,337.2,460.34,339.975,410,1370,336,1408,1321,1687
5649850,467.46,336.975,460.34,339,408,1368,334,1398,1325,1694
5649852,468.1,337.05,460.18,339.075,414,1368,333,1399,1323,1695
5649854,467.3,337.575,460.02,339.45,406,1375,332,1403,1324,1692
5649856,467.7,336.6,460.5,339.225,409,1364,336,1400,1324,1692
5649858,467.54,337.125,460.1,338.775,408,1370,331,1396,1324,1695
5649860,467.3,336.825,460.18,339.675,405,1367,333,1406,1322,1688
5649862,467.86,336.3,459.86,338.7,411,1361,329,1395,1323,1696
5649864,467.78,336.375,460.02,339.15,410,1362,331,1401,1326,1695
5649866,467.54,337.5,460.26,339.375,408,1374,333,1403,1327,1692
5649868,467.38,336.6,459.86,338.85,405,1365,329,1397,1329,1695
5649870,467.3,337.125,459.62,339.6,405,1370,327,1406,1326,1691
5649872,467.14,336.225,459.94,339,403,1361,329,1399,1328,1696
5649874,467.54,337.05,459.62,339.9,407,1369,327,1409,1327,1696
5649876,466.98,336.75,459.62,339.375,401,1367,326,1404,1325,1695
5649878,467.06,336.75,460.02,339.15,402,1367,331,1401,1329,1697
5649880,467.38,336.75,459.94,339.675,405,1367,330,1407,1329,1695
5649882,467.46,337.05,459.62,339.825,406,1370,326,1408,1330,1697
5649884,467.06,336.15,460.26,339.375,400,1360,332,1403,1327,1699
5649886,467.46,337.65,460.26,340.05,406,1377,333,1410,1328,1697
5649888,467.38,336.45,459.7,339.15,405,1363,327,1401,1328,1700
5649890,467.46,337.05,460.34,339.075,406,1370,333,1400,1332,1701
5649892,467.14,336.825,460.1,339.6,403,1368,331,1405,1330,1700
5649894,467.54,337.5,459.86,339.825,408,1374,329,1409,1334,1699
5649896,467.46,336.6,459.62,339.375,406,1365,326,1404,1329,1699
5649898,467.06,337.5,459.94,339.45,402,1375,329,1404,1333,1699
5649900,467.38,336.675,459.94,339.45,405,1366,330,1404,1332,1701
5649902,467.3,336.45,460.1,339.45,404,1363,332,1404,1331,1702
5649904,467.62,336.75,460.26,339.45,408,1366,334,1404,1333,1705
5649906,467.06,337.5,459.86,339.675,403,1375,330,1406,1334,1704
5649908,467.54,336.975,460.02,339.6,408,1368,331,1405,1334,1706
5649910,467.46,336.525,459.94,340.05,406,1364,331,1410,1335,1703
5649912,467.46,337.275,459.86,339.225,408,1372,330,1402,1332,1704
5649914,467.46,336.825,460.18,339.75,407,1367,334,1406,1335,1705
5649916,467.62,336.375,459.7,339.375,408,1362,328,1403,1336,1702
5649918,467.94,336.75,460.66,338.85,412,1366,338,1396,1336,1707
5649920,468.66,335.4,460.98,337.725,418,1350,340,1383,1335,1703
5649922,469.06,335.025,460.9,336.45,422,1346,337,1370,1336,1702
5649924,469.46,334.2,460.58,333.825,425,1336,332,1342,1334,1704
5649926,468.42,331.5,460.1,333,412,1308,326,1333,1344,1698
5649928,467.94,330.825,458.66,332.925,406,1301,311,1333,1348,1702
5649930,467.38,329.775,458.34,332.775,400,1290,307,1332,1335,1699
5649932,466.42,330.225,457.38,332.025,390,1295,297,1325,1336,1701
5649934,465.38,330.45,457.06,333.075,380,1299,295,1336,1339,1704
5649936,466.1,330.45,456.66,333.075,387,1298,290,1337,1339,1704
5649938,466.18,329.4,456.1,332.775,387,1286,284,1334,1337,1706
5649940,465.54,330.825,456.5,332.325,382,1302,289,1329,1336,1705
5649942,465.7,330,456.58,332.775,382,1294,290,1334,1339,1706
5649944,466.02,330.3,456.98,333.525,386,1296,295,1341,1340,1703
5649946,465.94,330.75,457.06,332.55,386,1301,294,1330,1340,1709
5649948,465.46,330.075,457.3,333,381,1294,297,1334,1344,1707
5649950,465.62,331.35,457.46,333.225,383,1308,300,1337,1337,1711
5649952,465.38,330.825,457.22,332.925,381,1302,297,1334,1339,1710
5649954,466.1,330,457.14,333.45,387,1293,296,1340,1342,1710
5649956,465.7,331.125,457.78,333.675,384,1305,304,1341,1339,1707
5649958,465.86,330.6,457.22,333,385,1299,297,1334,1338,1710
5649960,466.58,330.825,457.78,333.825,393,1301,304,1343,1344,1711
5649962,466.58,330.6,457.94,333.45,393,1299,305,1338,1340,1712
5649964,466.18,331.05,457.86,332.775,389,1304,304,1332,1339,1713
5649966,466.74,330.3,457.3,333.675,395,1295,299,1342,1343,1713
5649968,466.1,331.35,457.38,333.375,389,1307,300,1339,1342,1714
5649970,465.94,330.6,458.34,333.075,387,1299,309,1334,1344,1715
5649972,466.66,331.5,458.5,333.75,396,1308,312,1341,1341,1711
5649974,467.14,330.825,458.18,333.375,400,1300,309,1338,1346,1715
5649976,466.66,330.15,458.5,333.525,394,1294,313,1339,1347,1716
5649978,466.9,330.675,458.5,334.125,398,1299,313,1345,1342,1719
5649980,466.74,331.05,458.26,333.6,397,1303,311,1340,1344,1719
5649982,466.74,330.075,458.18,333.9,396,1293,310,1344,1350,1718
5649984,466.5,330.975,458.5,333.9,395,1303,313,1343,1345,1719
5649986,466.82,330.375,458.66,334.2,397,1296,315,1346,1351,1722
5649988,467.38,330.45,458.5,333.75,403,1297,313,1342,1351,1721
5649990,466.9,330.6,458.74,333.525,398,1298,315,1340,1351,1723
5649992,467.22,330.075,458.66,333.9,401,1293,315,1344,1352,1727
5649994,466.82,330.15,458.5,334.05,397,1294,314,1345,1354,1725
5649996,466.5,330,458.58,334.2,394,1293,315,1347,1346,1726
5649998,467.06,330.3,458.66,333.975,400,1296,316,1345,1350,1730
5650000,466.98,330.45,458.42,334.35,400,1298,314,1349,1352,1727
5650002,466.34,329.7,458.42,333.375,393,1290,313,1338,1348,1726
5650004,467.3,330.525,458.58,333.75,404,1298,315,1343,1352,1729
5650006,467.14,329.175,458.34,334.125,400,1284,314,1347,1350,1727
5650008,466.34,330,458.18,333.6,393,1294,312,1341,1351,1728
5650010,466.5,329.85,458.5,333.45,395,1291,314,1339,1353,1731
5650012,467.14,330.3,458.26,333.75,402,1296,312,1343,1353,1732
5650014,466.66,329.475,458.42,334.05,397,1287,314,1346,1353,1731
5650016,466.74,330.225,458.1,334.05,398,1296,311,1347,1354,1732
5650018,466.58,329.775,457.94,334.125,396,1291,310,1348,1352,1735
5650020,466.5,330.675,458.42,334.125,396,1301,315,1347,1350,1733
5650022,466.26,330,458.42,334.125,393,1293,315,1347,1355,1734
5650024,466.34,330.15,458.26,333.9,394,1295,313,1345,1351,1734
5650026,465.94,330.825,458.18,334.35,391,1303,313,1350,1352,1735
5650028,466.1,331.05,458.58,334.2,393,1305,316,1348,1352,1734
5650030,466.34,330.225,458.1,334.875,394,1296,312,1355,1351,1736
5650032,466.26,331.05,458.18,334.725,394,1305,313,1353,1352,1735
5650034,466.18,330.9,458.18,334.95,393,1303,313,1356,1356,1738
5650036,465.86,330.3,458.1,334.875,389,1297,312,1355,1354,1741
5650038,466.02,330,458.5,335.025,391,1293,317,1356,1351,1741
5650040,465.38,330.375,458.18,335.1,384,1298,313,1357,1353,1737
5650042,466.18,330.15,458.5,334.725,392,1295,316,1353,1359,1740
5650044,466.66,330.225,458.18,334.8,398,1294,313,1354,1358,1740
5650046,465.3,330.15,458.02,334.8,383,1295,312,1354,1351,1741
5650048,466.66,329.925,458.34,334.5,397,1291,314,1350,1357,1742
5650050,466.42,329.85,457.46,334.65,394,1291,305,1353,1356,1740
5650052,465.94,330.075,458.5,334.575,389,1293,316,1350,1356,1740
5650054,466.18,329.1,458.42,334.575,391,1283,314,1350,1356,1742
5650056,465.54,329.625,458.34,335.25,384,1288,314,1357,1360,1738
5650058,464.82,329.625,458.02,334.65,376,1289,310,1351,1361,1743
5650060,465.46,329.475,458.1,334.275,383,1286,311,1346,1358,1742
5650062,465.38,329.475,458.1,333.675,382,1286,310,1340,1364,1746
5650064,465.3,329.1,458.58,333.525,380,1282,314,1337,1356,1744
5650066,465.62,329.4,457.7,333.975,384,1285,306,1343,1360,1743
5650068,465.78,328.8,458.02,334.275,385,1278,309,1345,1359,1745
5650070,465.86,329.25,458.34,333.825,386,1282,312,1340,1360,1744
5650072,466.02,329.4,457.78,334.2,388,1284,307,1344,1357,1744
5650074,466.18,329.475,458.02,334.35,390,1284,309,1346,1356,1747
5650076,466.42,329.4,458.58,334.575,392,1282,315,1347,1356,1744
5650078,465.86,330.15,458.34,335.175,387,1291,313,1354,1361,1747
5650080,466.26,329.475,458.58,334.875,390,1282,315,1349,1357,1748
5650082,466.18,330.075,458.26,334.95,390,1289,312,1351,1358,1749
5650084,466.34,330.225,458.9,335.175,391,1290,318,1351,1359,1748
5650086,466.1,329.1,458.74,334.8,388,1278,316,1348,1355,1747
5650088,466.82,330.15,458.5,334.725,397,1288,314,1347,1356,1749
5650090,466.42,329.775,458.5,334.8,392,1284,314,1347,1360,1749
5650092,466.18,329.925,458.98,334.5,390,1285,318,1343,1359,1748
5650094,466.26,329.325,458.74,334.65,390,1279,316,1345,1361,1752
5650096,466.26,329.25,458.58,334.65,390,1277,315,1345,1359,1750
5650098,466.18,329.175,458.98,334.575,389,1277,318,1343,1358,1748
5650100,466.58,329.325,458.58,334.275,394,1278,315,1340,1357,1747
5650102,466.9,327.525,458.34,333.975,395,1258,311,1337,1360,1750
5650104,466.18,326.925,458.98,334.2,388,1252,319,1338,1362,1751
5650106,466.98,328.125,458.82,334.05,397,1264,318,1336,1359,1748
5650108,466.9,327.525,459.14,333.975,396,1257,321,1335,1361,1751
5650110,466.74,327.3,458.82,333.75,394,1254,317,1333,1359,1748
5650112,466.9,326.4,459.46,333.825,395,1244,325,1333,1363,1752
5650114,467.3,326.475,459.46,333.075,400,1245,323,1324,1362,1751
5650116,466.82,326.325,459.38,334.5,395,1243,324,1340,1367,1750
5650118,467.3,327.675,459.54,333.75,401,1257,326,1332,1361,1751
5650120,466.66,327,459.14,333.675,394,1250,321,1330,1362,1756
5650122,467.38,327.45,459.46,334.425,402,1254,326,1338,1363,1751
5650124,466.9,328.8,459.78,334.2,398,1269,330,1336,1363,1754
5650126,466.98,328.35,459.86,334.575,399,1264,331,1340,1362,1750
5650128,467.22,327.9,459.62,334.875,402,1259,329,1343,1362,1751
5650130,466.98,328.35,459.94,334.275,400,1264,332,1336,1359,1753
5650132,466.66,329.4,459.14,335.025,398,1276,325,1345,1362,1755
5650134,466.74,329.025,459.46,335.1,399,1272,328,1346,1364,1753
5650136,466.9,330.825,459.54,336,402,1291,331,1356,1358,1755
5650138,467.06,330.3,459.46,334.875,404,1286,329,1344,1358,1756
5650140,466.5,331.275,459.78,335.775,400,1297,334,1354,1361,1757
5650142,466.74,330.525,459.46,335.4,401,1289,330,1350,1357,1757
5650144,466.42,331.5,459.38,335.1,400,1300,329,1347,1360,1758
5650146,466.74,331.2,459.62,335.4,402,1296,332,1350,1358,1757
5650148,466.9,331.05,459.62,335.775,404,1295,332,1354,1357,1752
5650150,466.58,331.125,460.1,335.925,401,1296,338,1355,1358,1758
5650152,466.5,331.35,459.86,335.55,401,1299,335,1352,1357,1758
5650154,466.66,331.275,459.38,336.15,403,1298,331,1359,1359,1759
5650156,466.42,332.25,459.62,335.7,402,1309,334,1354,1355,1758
5650158,466.34,331.5,460.26,335.475,400,1301,340,1351,1360,1759
5650160,466.9,331.8,460.1,336.375,406,1304,339,1361,1351,1757
5650162,466.74,331.35,459.94,336,404,1300,338,1357,1355,1759
5650164,466.58,331.275,460.34,335.4,402,1299,341,1351,1359,1760
5650166,466.34,331.2,459.94,335.925,400,1299,338,1357,1357,1759
5650168,466.1,332.025,459.38,335.925,398,1308,332,1358,1354,1763
5650170,466.34,331.275,459.62,336,400,1300,335,1359,1357,1761
5650172,465.94,331.65,459.46,336.3,396,1304,333,1362,1360,1761
5650174,465.78,331.575,459.14,335.625,395,1304,329,1355,1362,1762
5650176,466.1,331.05,458.82,335.925,397,1298,326,1359,1359,1764
5650178,465.7,331.2,458.98,335.625,393,1300,327,1355,1362,1764
5650180,466.02,331.125,459.3,335.775,395,1298,330,1356,1362,1765
5650182,465.62,331.125,458.26,335.7,391,1299,319,1357,1362,1765
5650184,465.94,330.9,459.14,335.625,394,1296,327,1354,1357,1766
5650186,465.22,330.225,458.74,335.475,386,1289,323,1353,1363,1764
5650188,464.98,329.625,458.1,335.625,382,1283,316,1355,1363,1766
5650190,465.54,330.45,458.34,334.875,389,1291,318,1347,1364,1767
5650192,464.82,329.625,458.02,335.025,380,1282,314,1348,1364,1764
5650194,464.66,329.625,457.86,335.475,379,1282,313,1353,1365,1765
5650196,465.22,328.8,457.94,335.175,382,1272,312,1349,1365,1766
5650198,464.58,328.8,457.78,335.1,376,1272,311,1348,1363,1765
5650200,464.18,328.35,457.86,335.4,370,1267,311,1351,1361,1764
5650202,465.38,328.425,457.86,334.95,383,1267,311,1346,1369,1767
5650204,464.5,328.65,457.86,334.95,372,1269,310,1345,1364,1767
5650206,464.42,328.425,457.3,335.175,372,1267,304,1348,1362,1770
5650208,464.82,328.35,457.78,334.725,375,1264,308,1341,1360,1770
5650210,464.74,327.45,457.7,334.95,373,1255,307,1343,1364,1772
5650212,464.66,327.975,457.22,335.55,371,1259,301,1350,1360,1769
5650214,465.14,327.75,457.54,334.8,376,1256,304,1341,1365,1771
5650216,464.34,329.1,458.02,335.1,368,1271,308,1343,1362,1771
5650218,464.42,328.5,457.54,336.075,369,1264,304,1354,1361,1768
5650220,464.58,328.05,457.86,335.175,369,1258,306,1343,1360,1775
5650222,464.5,327.9,457.3,335.55,368,1257,300,1348,1364,1774
5650224,464.74,328.2,457.7,335.625,370,1258,303,1347,1362,1770
5650226,464.42,328.5,458.02,335.475,366,1262,306,1345,1360,1776
5650228,464.5,329.325,457.7,335.85,368,1270,303,1348,1362,1774
5650230,464.66,329.175,457.78,336.375,369,1268,304,1353,1361,1775
5650232,464.66,329.475,457.94,336.225,369,1270,306,1351,1364,1775
5650234,464.34,329.7,457.7,336.3,366,1273,303,1352,1361,1776
5650236,464.26,329.7,457.7,336.675,364,1273,302,1356,1359,1774
5650238,465.46,330.375,457.94,336.075,378,1279,305,1349,1364,1776
5650240,464.26,330.375,458.18,336.525,365,1279,307,1353,1358,1776
5650242,464.18,330.375,458.26,336.375,363,1279,308,1351,1366,1775
5650244,464.02,329.85,458.02,337.05,361,1273,305,1357,1361,1776
5650246,465.46,331.35,458.34,336.45,378,1288,308,1351,1364,1775
5650248,465.7,330.975,458.58,336.975,379,1283,311,1356,1368,1777
5650250,465.38,330.6,458.74,336.9,376,1279,312,1355,1359,1779
5650252,465.7,330.15,458.82,336.75,378,1274,313,1353,1366,1778
5650254,466.18,330.75,459.06,336.525,384,1280,315,1350,1366,1781
5650256,466.02,330.375,458.66,337.275,382,1276,312,1359,1366,1780
5650258,466.26,330.225,458.98,336.375,384,1274,315,1348,1363,1779
5650260,466.1,330.525,459.06,337.05,383,1277,316,1356,1367,1779
5650262,466.5,330.3,459.7,336.825,387,1274,322,1353,1365,1782
5650264,466.34,330.975,459.62,336.375,386,1282,321,1348,1364,1781
5650266,466.98,330.075,459.7,336.975,392,1272,323,1355,1369,1785
5650268,466.58,330.9,460.58,337.125,390,1281,333,1355,1363,1780
5650270,466.66,331.35,460.58,336.525,391,1285,332,1348,1367,1783
5650272,467.22,330.6,460.9,336.75,396,1277,336,1351,1364,1783
5650274,466.98,330.9,460.98,336.75,394,1281,337,1351,1363,1782
5650276,466.9,331.65,460.98,336.75,395,1289,338,1351,1364,1784
5650278,467.46,330.375,460.74,336.675,399,1275,335,1351,1362,1784
5650280,466.82,331.2,460.9,336.6,394,1285,338,1350,1363,1786
5650282,466.74,332.175,461.14,337.125,395,1296,341,1355,1365,1785
5650284,467.14,331.725,460.74,337.2,400,1291,338,1357,1361,1786
5650286,467.3,330.9,461.46,336.9,400,1282,345,1354,1360,1785
5650288,467.38,331.35,461.38,337.05,402,1287,345,1355,1361,1787
5650290,467.22,330,461.62,336.75,399,1273,348,1352,1364,1787
5650292,466.9,331.875,461.06,336.9,399,1294,342,1354,1361,1786
5650294,466.74,331.2,461.54,336.6,397,1287,348,1351,1363,1787
5650296,467.3,330.75,461.22,337.05,404,1282,346,1356,1361,1787
5650298,467.06,331.2,461.38,337.125,401,1287,348,1357,1360,1788
5650300,467.22,331.125,461.3,336.975,404,1287,348,1356,1360,1785
5650302,467.06,330.6,461.38,336.9,402,1281,348,1355,1361,1790
5650304,466.9,330.75,460.66,336.675,401,1283,342,1355,1361,1786
5650306,467.38,330.75,461.38,336.45,406,1283,349,1351,1358,1786
5650308,467.14,330.225,461.06,336.6,404,1278,347,1353,1364,1786
5650310,466.74,331.35,461.78,336.75,401,1290,355,1354,1360,1788
5650312,466.66,330.825,461.54,336.15,401,1285,352,1348,1363,1791
5650314,466.66,330.9,461.62,336.15,401,1286,353,1348,1364,1792
5650316,466.1,331.575,461.7,335.7,397,1295,355,1344,1362,1789
5650318,466.9,330.975,461.3,336.225,404,1287,351,1350,1360,1792
5650320,466.42,330.45,460.74,336.225,400,1282,346,1351,1362,1790
5650322,466.34,330.075,460.82,336.375,399,1278,347,1352,1361,1791
5650324,466.42,330.825,460.66,336.15,401,1286,346,1351,1361,1792
5650326,466.5,329.925,460.9,335.775,401,1276,349,1346,1363,1793
5650328,465.86,330.225,459.78,336.3,395,1280,337,1353,1363,1791
5650330,466.42,329.55,461.22,335.475,400,1273,351,1342,1366,1793
5650332,465.62,329.925,460.58,335.325,393,1277,345,1342,1364,1796
5650334,466.1,329.475,460.5,334.875,397,1273,344,1337,1364,1789
5650336,466.26,328.875,460.42,335.025,399,1265,344,1339,1366,1794
5650338,466.5,328.65,460.82,335.25,401,1263,348,1340,1364,1791
5650340,466.02,328.2,460.5,335.25,396,1258,345,1341,1367,1797
5650342,465.78,328.125,459.7,335.1,393,1258,337,1340,1371,1793
5650344,465.86,327.975,459.3,334.35,394,1256,332,1332,1369,1791
5650346,466.18,327.6,459.78,334.65,397,1251,338,1335,1371,1795
5650348,465.62,328.65,459.78,334.275,392,1263,337,1330,1368,1794
5650350,465.7,327.825,459.14,334.2,393,1254,330,1330,1369,1791
5650352,465.62,327.15,459.7,334.95,391,1246,337,1337,1368,1794
5650354,465.06,326.775,459.3,334.8,385,1243,333,1336,1371,1791
5650356,465.38,327.675,458.34,334.95,389,1252,323,1338,1368,1794
5650358,464.9,326.625,458.1,334.875,383,1241,320,1338,1370,1794
5650360,465.14,326.625,458.26,335.475,385,1240,322,1344,1367,1790
5650362,464.26,327.825,458.42,334.5,377,1254,323,1333,1371,1794
5650364,464.98,327.375,458.34,335.175,384,1249,322,1340,1371,1795
5650366,464.74,328.05,457.78,334.65,382,1255,315,1335,1374,1795
5650368,464.82,327.225,457.78,335.25,382,1246,315,1341,1372,1793
5650370,464.58,328.275,458.18,335.475,380,1258,320,1343,1368,1792
5650372,464.1,328.275,457.86,335.475,374,1258,316,1343,1372,1789
5650374,464.02,327.6,458.1,335.325,373,1251,318,1341,1368,1793
5650376,464.42,328.65,457.94,335.775,378,1262,316,1346,1372,1789
5650378,464.26,328.875,457.62,335.625,376,1264,313,1345,1371,1789
5650380,463.94,327.825,457.54,335.625,371,1254,311,1345,1368,1788
5650382,464.18,329.85,457.54,335.55,376,1275,312,1344,1366,1789
5650384,463.86,328.275,457.22,335.925,370,1259,308,1348,1366,1790
5650386,463.94,329.475,458.18,335.775,372,1271,318,1346,1364,1792
5650388,464.5,330.3,458.18,336.15,378,1280,317,1350,1369,1789
5650390,463.54,329.85,458.1,336.225,368,1276,316,1351,1368,1789
5650392,463.94,329.55,457.78,336.225,371,1272,312,1351,1362,1789
5650394,464.18,329.175,457.86,335.925,373,1268,313,1348,1367,1787
5650396,463.78,330.3,458.18,336.375,369,1281,316,1353,1369,1786
5650398,464.1,329.25,457.3,336.225,371,1269,307,1352,1365,1787
5650400,463.94,329.625,457.7,335.1,369,1274,309,1340,1370,1791
5650402,464.02,328.05,457.86,335.925,368,1257,312,1349,1372,1788
5650404,463.62,328.8,457.46,335.625,365,1266,306,1347,1365,1786
5650406,464.18,328.125,457.7,335.625,370,1258,310,1346,1370,1784
5650408,464.02,328.95,457.86,336.225,368,1268,311,1353,1367,1784
5650410,464.42,328.35,457.54,335.475,372,1261,307,1345,1368,1786
5650412,464.5,328.575,457.86,334.65,373,1264,309,1337,1369,1790
5650414,464.1,328.125,458.18,335.175,368,1259,313,1342,1368,1788
5650416,463.94,327.225,457.7,335.1,365,1250,307,1342,1367,1789
5650418,464.26,327.3,457.86,335.1,368,1250,309,1342,1365,1787
5650420,464.26,327.6,457.7,335.4,368,1254,307,1346,1371,1788
5650422,463.78,328.125,457.62,334.875,363,1261,306,1340,1371,1788
5650424,464.66,328.2,457.7,334.875,372,1260,306,1340,1369,1787
5650426,464.66,327.6,457.46,334.8,371,1255,304,1340,1375,1790
5650428,464.42,326.625,457.78,334.95,368,1244,307,1342,1370,1784
5650430,464.74,327.375,458.42,334.95,372,1252,313,1341,1372,1787
5650432,463.94,327.45,457.78,334.65,364,1254,306,1338,1369,1790
5650434,464.42,327.675,458.1,335.475,369,1256,310,1348,1367,1785
5650436,465.3,328.725,458.82,335.325,379,1267,318,1345,1370,1788
5650438,464.5,329.1,458.82,335.7,371,1271,318,1349,1375,1786
5650440,464.98,328.65,458.18,335.85,376,1266,311,1352,1376,1783
5650442,464.66,329.175,458.5,335.7,373,1272,315,1350,1368,1784
5650444,465.06,329.625,458.42,335.625,377,1277,313,1349,1372,1783
5650446,465.14,328.2,458.34,335.7,376,1261,313,1350,1377,1784
5650448,464.58,330.15,458.42,335.925,372,1284,314,1352,1375,1783
5650450,464.66,329.175,458.5,335.325,373,1273,314,1346,1374,1785
5650452,464.98,329.25,458.34,336.075,376,1273,313,1354,1371,1782
5650454,464.9,327.675,458.42,335.55,373,1256,313,1349,1369,1782
5650456,464.9,328.35,458.18,335.7,374,1263,311,1350,1373,1784
5650458,465.22,328.575,458.26,335.4,378,1266,312,1347,1376,1784
5650460,465.14,326.55,458.18,335.25,374,1243,310,1345,1377,1783
5650462,465.3,328.275,458.34,335.175,378,1262,312,1344,1375,1785
5650464,465.46,326.925,458.02,335.775,379,1247,310,1351,1373,1782
5650466,464.9,326.175,458.66,335.1,372,1239,316,1343,1375,1785
5650468,465.22,327,457.86,335.925,376,1248,308,1352,1373,1781
5650470,464.18,326.625,458.18,334.8,365,1245,310,1340,1370,1783
5650472,465.3,326.1,458.58,334.425,376,1238,314,1335,1372,1784
5650474,464.58,326.325,458.18,334.8,369,1241,310,1340,1374,1784
5650476,464.74,326.175,458.34,334.725,371,1239,312,1338,1371,1781
5650478,464.58,326.55,458.26,334.35,369,1243,310,1335,1379,1784
5650480,464.74,326.475,458.74,334.95,371,1242,316,1340,1376,1785
5650482,464.58,325.725,458.34,334.5,368,1234,311,1336,1372,1783
5650484,465.06,326.325,458.02,334.65,373,1239,308,1337,1371,1784
5650486,464.58,325.8,458.18,334.575,368,1234,309,1336,1373,1783
5650488,464.58,326.25,458.26,335.1,368,1238,311,1341,1371,1783
5650490,464.82,325.8,458.26,334.275,370,1233,310,1333,1370,1783
5650492,464.58,327,458.5,334.425,369,1246,313,1334,1376,1780
5650494,465.22,325.2,458.18,334.2,374,1226,310,1331,1371,1783
5650496,464.9,325.95,458.66,334.275,372,1234,314,1331,1376,1783
5650498,465.22,325.875,458.34,335.1,375,1232,312,1340,1373,1781
5650500,464.42,325.95,458.66,334.65,367,1234,315,1334,1370,1783
5650502,465.3,326.1,458.26,334.575,376,1235,311,1334,1374,1782
5650504,464.66,326.175,458.18,335.1,370,1235,311,1339,1374,1781
5650506,465.06,326.4,458.9,334.95,374,1238,318,1337,1374,1779
5650508,464.98,326.7,458.1,334.95,373,1240,310,1337,1375,1783
5650510,464.5,326.025,458.58,334.275,368,1233,313,1329,1376,1782
5650512,464.82,326.175,458.26,334.2,371,1234,310,1328,1373,1780
5650514,465.3,326.7,458.34,334.35,376,1239,311,1330,1377,1782
5650516,465.62,327.15,458.26,335.25,380,1243,311,1339,1376,1781
5650518,465.38,327.15,458.34,335.325,378,1244,312,1340,1376,1783
5650520,465.3,328.125,458.58,335.7,378,1254,315,1343,1376,1781
5650522,465.94,328.875,459.62,336.225,385,1261,326,1347,1376,1777
5650524,466.5,329.55,460.74,336.9,392,1267,339,1353,1371,1780
5650526,467.14,330.675,461.22,337.275,400,1279,345,1357,1368,1783
5650528,467.86,332.925,461.86,336.6,410,1302,351,1349,1371,1784
5650530,468.26,333.075,461.7,337.35,414,1303,350,1357,1366,1781
5650532,467.46,333.6,461.7,337.575,406,1309,350,1359,1364,1783
5650534,467.46,332.7,461.14,337.8,405,1300,344,1362,1364,1776
5650536,465.94,331.575,460.5,337.275,388,1289,337,1357,1371,1778
5650538,465.62,332.4,460.18,337.275,385,1299,334,1357,1371,1778
5650540,465.86,331.275,459.54,337.35,387,1286,327,1359,1370,1776
5650542,466.1,330,459.38,337.275,389,1272,325,1358,1373,1779
5650544,466.18,329.4,458.42,337.425,388,1266,315,1361,1373,1775
5650546,465.86,330.45,459.06,337.05,386,1278,321,1356,1371,1777
5650548,465.78,330.15,458.9,337.2,385,1274,320,1358,1377,1778
5650550,466.02,329.85,459.3,337.05,387,1271,324,1356,1375,1774
5650552,466.5,329.7,460.02,336.75,392,1269,331,1352,1373,1772
5650554,466.82,329.325,459.46,336.675,395,1264,325,1352,1373,1773
5650556,466.5,329.4,459.7,337.05,391,1265,328,1355,1374,1773
5650558,465.78,331.125,459.7,336.975,386,1285,328,1355,1371,1773
5650560,466.02,330.375,459.78,337.2,388,1276,329,1357,1372,1775
5650562,466.02,330.15,459.46,337.2,387,1274,326,1358,1371,1774
5650564,466.02,330.45,459.54,337.425,387,1277,326,1360,1370,1774
5650566,466.1,329.7,459.38,337.425,387,1270,325,1360,1377,1777
5650568,466.42,329.475,459.78,337.125,391,1267,329,1357,1370,1774
5650570,466.02,330,459.62,337.275,387,1273,327,1358,1373,1778
5650572,466.42,329.925,459.3,336.675,391,1271,323,1352,1377,1776
5650574,466.02,329.325,459.54,337.05,386,1265,326,1357,1373,1772
5650576,466.34,330.45,459.22,336.975,390,1277,322,1356,1370,1774
5650578,466.66,329.025,459.3,337.275,392,1262,324,1359,1373,1773
5650580,466.26,330.375,459.38,337.275,390,1277,325,1359,1372,1771
5650582,466.42,329.775,459.38,337.2,391,1271,325,1359,1374,1773
5650584,465.94,330.225,458.98,337.275,387,1276,321,1360,1372,1772
5650586,466.34,330.3,459.38,336.525,391,1276,324,1351,1369,1771
5650588,466.58,329.025,459.38,336.975,392,1262,324,1356,1375,1771
5650590,466.18,330,459.06,337.05,389,1273,321,1357,1373,1775
5650592,466.18,330.525,458.9,336.75,389,1279,319,1354,1373,1772
5650594,465.86,329.925,458.58,337.05,385,1273,316,1358,1376,1770
5650596,466.02,329.55,458.74,336.75,387,1268,317,1355,1374,1767
5650598,466.1,330.075,459.3,336.525,388,1274,323,1352,1371,1768
5650600,465.86,330,458.9,336.75,386,1274,319,1354,1374,1767
5650602,466.26,328.725,458.66,336.45,388,1260,316,1352,1373,1769
5650604,465.78,330.225,458.98,336.675,384,1276,320,1354,1374,1766
5650606,465.86,329.85,458.98,336.525,385,1272,320,1352,1378,1768
5650608,466.34,327.9,458.82,336.675,388,1251,318,1354,1375,1764
5650610,465.94,329.625,459.06,336.3,385,1270,320,1350,1369,1767
5650612,466.18,329.1,458.58,336.375,387,1264,315,1351,1379,1769
5650614,465.62,330.075,459.3,336.45,383,1275,322,1351,1375,1765
5650616,466.18,330.075,459.06,336.3,388,1274,320,1350,1369,1767
5650618,465.78,330.6,458.82,336.3,384,1281,317,1350,1372,1764
5650620,465.94,329.55,458.82,336.675,385,1269,318,1354,1377,1766
5650622,465.78,329.475,458.9,336.375,383,1268,318,1351,1368,1766
5650624,465.78,329.7,458.98,336.225,383,1271,318,1349,1377,1765
5650626,466.02,329.025,458.9,336.75,385,1264,318,1355,1371,1762
5650628,465.94,328.5,458.98,336.6,383,1258,319,1353,1373,1763
5650630,465.94,329.925,458.74,336.75,385,1273,316,1356,1373,1765
5650632,465.78,328.05,458.66,336.975,381,1253,315,1358,1371,1763
5650634,465.7,329.4,459.06,336.15,382,1268,319,1348,1372,1765
5650636,466.02,328.8,458.98,336.225,385,1261,318,1349,1372,1765
5650638,466.34,328.725,458.82,336.675,388,1260,317,1354,1373,1763
5650640,466.18,329.4,458.34,336.825,387,1267,312,1356,1371,1762
5650642,465.62,330.45,459.22,336.45,381,1279,320,1351,1373,1764
5650644,466.1,328.5,458.82,336.525,384,1257,316,1352,1374,1761
5650646,465.78,328.725,458.9,336.075,382,1260,317,1347,1377,1760
5650648,465.7,329.625,458.98,336.525,382,1270,318,1352,1372,1763
5650650,465.86,328.5,458.9,336.45,382,1258,317,1351,1375,1764
5650652,466.18,328.35,459.14,336.75,385,1256,320,1354,1378,1757
5650654,465.78,329.25,458.82,336.975,382,1265,317,1357,1375,1759
5650656,466.1,328.65,458.9,336.975,385,1259,317,1357,1372,1759
5650658,465.78,328.725,458.9,336.825,382,1260,318,1355,1376,1760
5650660,465.54,329.7,458.9,336.75,380,1271,317,1355,1372,1762
5650662,465.86,328.95,459.22,336.525,382,1262,321,1352,1375,1759
5650664,466.02,329.325,459.3,336.75,385,1266,322,1353,1373,1758
5650666,465.94,330.15,459.22,336.825,384,1275,321,1354,1372,1760
5650668,466.26,329.325,459.3,336.75,388,1265,322,1353,1375,1762
5650670,465.78,329.025,458.74,336.975,382,1263,316,1357,1376,1759
5650672,465.78,329.325,459.22,336.525,383,1266,321,1351,1372,1759
5650674,466.02,329.7,459.06,336.75,385,1270,319,1354,1370,1759
5650676,465.78,329.325,459.22,336.975,383,1267,321,1356,1370,1758
5650678,465.7,329.925,459.46,336.525,382,1273,324,1351,1373,1758
5650680,466.26,329.775,459.46,336.825,389,1270,324,1354,1372,1756
5650682,466.1,330.225,459.38,336.825,387,1275,323,1354,1368,1757
5650684,465.86,329.4,459.06,336.825,384,1267,320,1355,1371,1760
5650686,466.18,329.025,459.14,337.275,387,1262,321,1359,1372,1761
5650688,466.1,329.7,459.86,336.825,388,1270,329,1354,1371,1755
5650690,465.54,329.7,459.14,336.675,382,1270,321,1353,1372,1758
5650692,465.78,329.55,459.62,336.3,384,1269,326,1348,1377,1756
5650694,465.3,330.45,459.86,336.6,380,1279,329,1352,1371,1756
5650696,465.62,330.225,460.02,336.15,384,1276,331,1347,1373,1757
5650698,465.7,329.175,459.46,336.6,383,1265,325,1352,1372,1755
5650700,466.1,329.775,459.78,336.075,389,1271,329,1346,1370,1751
5650702,466.1,328.65,459.86,336.375,387,1259,330,1349,1372,1756
5650704,465.38,329.85,459.54,336.225,381,1273,327,1349,1371,1751
5650706,465.54,329.475,459.94,335.85,383,1268,331,1344,1368,1754
5650708,465.7,328.95,459.94,336.675,385,1263,332,1353,1370,1752
5650710,465.78,329.025,459.78,336.825,386,1264,330,1355,1375,1755
5650712,465.46,328.875,459.54,336.675,382,1263,328,1354,1376,1754
5650714,465.78,329.25,459.62,336.975,386,1266,329,1357,1373,1758
5650716,465.7,329.175,459.38,336.825,386,1266,328,1356,1371,1751
5650718,465.14,328.725,459.78,336.375,380,1262,331,1350,1372,1757
5650720,466.1,328.95,459.7,336.825,390,1264,332,1356,1369,1755
5650722,464.98,329.175,459.3,336.375,379,1267,327,1351,1367,1751
5650724,465.7,329.025,459.54,336,387,1265,330,1347,1369,1754
5650726,464.58,329.85,459.54,335.85,376,1275,329,1345,1367,1750
5650728,464.9,328.875,459.54,335.925,379,1264,329,1346,1368,1751
5650730,465.3,327.825,459.22,335.925,382,1252,326,1347,1371,1753
5650732,465.62,327.825,459.62,336.15,386,1252,331,1349,1370,1749
5650734,464.82,327.975,459.38,335.7,378,1255,329,1344,1368,1751
5650736,465.22,328.725,459.54,335.7,383,1263,331,1344,1364,1752
5650738,464.9,327.975,459.54,335.775,379,1254,330,1345,1364,1754
5650740,465.22,327.525,459.14,335.55,383,1250,327,1343,1370,1755
5650742,464.98,327.15,459.14,335.775,380,1246,327,1345,1367,1752
5650744,465.22,328.575,459.22,336,384,1261,328,1348,1367,1751
5650746,465.06,327.6,459.22,335.4,381,1251,327,1342,1368,1754
5650748,464.66,328.275,459.54,335.625,377,1258,331,1343,1367,1753
5650750,465.38,328.275,459.3,336.15,385,1257,329,1349,1365,1755
5650752,464.34,328.65,459.22,336.075,375,1262,328,1349,1364,1753
5650754,464.18,328.725,458.98,335.775,373,1264,325,1346,1361,1753
5650756,464.26,329.25,459.06,336.15,374,1269,327,1349,1362,1753
5650758,464.02,328.8,459.22,335.625,372,1265,328,1344,1363,1754
5650760,463.78,328.875,459.06,335.625,369,1265,327,1343,1360,1750
5650762,465.22,328.425,459.3,335.925,384,1259,330,1347,1364,1754
5650764,464.58,328.575,459.22,335.4,377,1261,328,1341,1368,1756
5650766,463.62,329.1,459.14,335.625,368,1268,328,1344,1365,1756
5650768,464.58,329.475,459.22,335.625,379,1271,329,1344,1361,1752
5650770,464.18,327.375,458.74,335.85,372,1249,323,1347,1363,1756
5650772,464.18,329.025,458.98,335.775,374,1267,326,1345,1361,1755
5650774,464.02,327.975,459.14,335.55,371,1256,327,1343,1359,1753
5650776,463.7,328.35,459.06,335.775,367,1260,326,1345,1357,1752
5650778,464.18,328.2,459.14,335.025,373,1258,327,1337,1358,1757
5650780,464.18,327.6,458.82,335.7,372,1251,323,1345,1362,1755
5650782,464.74,327.6,458.66,334.875,377,1250,321,1336,1358,1758
5650784,464.42,327.15,458.98,335.7,373,1246,325,1344,1360,1752
5650786,464.18,327.675,458.58,335.25,372,1252,320,1340,1360,1756
5650788,464.02,327.9,458.66,335.175,370,1254,321,1340,1359,1755
5650790,463.7,329.25,458.82,335.1,368,1270,323,1339,1356,1755
5650792,463.86,328.875,458.74,335.325,370,1265,323,1341,1358,1756
5650794,463.62,329.475,458.42,335.55,368,1272,319,1343,1357,1756
5650796,463.54,329.1,459.06,335.175,366,1269,325,1339,1356,1755
5650798,462.98,329.55,458.42,335.025,361,1274,319,1338,1360,1754
5650800,463.86,329.325,458.58,335.85,371,1270,321,1347,1356,1752
5650802,463.86,329.85,458.58,335.7,371,1276,322,1345,1354,1753
5650804,463.94,330,458.98,336.075,372,1278,326,1349,1352,1755
5650806,463.3,329.475,458.58,336.15,365,1273,322,1351,1358,1754
5650808,464.42,330.975,458.74,335.85,378,1288,323,1347,1355,1756
5650810,464.26,330.675,459.22,336,376,1285,329,1348,1356,1756
5650812,463.62,330.375,458.9,336.525,369,1283,326,1354,1352,1754
5650814,463.86,330.225,459.46,335.55,371,1281,331,1343,1356,1758
5650816,465.06,330.15,459.3,336.375,384,1279,330,1352,1355,1759
5650818,464.5,330.075,458.66,336.075,378,1278,323,1350,1353,1756
5650820,464.58,330.075,459.38,335.775,379,1278,330,1346,1351,1757
5650822,464.5,329.25,459.62,335.55,378,1269,333,1343,1351,1755
5650824,464.74,328.2,459.3,335.1,380,1258,329,1339,1355,1755
5650826,464.66,328.8,459.62,334.95,379,1265,332,1337,1353,1757
5650828,464.58,328.725,459.3,335.175,378,1264,329,1340,1356,1757
5650830,464.9,327.9,459.3,334.65,381,1255,329,1334,1353,1757
5650832,465.14,327.075,459.46,334.725,383,1245,331,1335,1361,1756
5650834,464.5,327.975,459.14,334.5,378,1256,327,1333,1358,1756
5650836,464.9,327.225,459.22,334.5,381,1248,328,1333,1357,1754
5650838,465.22,327.825,459.06,334.125,385,1254,327,1329,1356,1759
5650840,465.22,327.825,459.46,334.65,385,1254,331,1334,1352,1758
5650842,465.3,327.075,459.46,334.725,385,1246,332,1335,1360,1756
5650844,465.46,326.325,459.3,334.35,386,1239,330,1332,1357,1755
5650846,465.86,326.4,459.86,334.125,390,1238,335,1329,1356,1760
5650848,466.1,327.225,459.86,334.2,394,1248,336,1330,1354,1758
5650850,465.7,326.85,459.7,334.2,389,1244,334,1330,1353,1757
5650852,466.5,328.65,459.62,334.65,400,1262,334,1335,1351,1757
5650854,466.26,327.15,460.1,334.65,395,1247,338,1334,1355,1760
5650856,465.46,328.5,460.18,334.65,389,1263,340,1335,1348,1756
5650858,465.78,330.15,459.78,335.175,394,1280,336,1341,1350,1761
5650860,465.94,330.15,460.5,335.1,396,1280,344,1340,1348,1761
5650862,465.38,330.225,460.26,335.7,390,1282,341,1347,1346,1760
5650864,465.54,331.275,460.34,335.4,393,1294,343,1344,1348,1762
5650866,465.86,331.425,460.74,335.7,396,1295,347,1346,1350,1761
5650868,465.06,331.725,460.34,336.375,388,1299,344,1355,1345,1759
5650870,464.98,332.175,460.58,336.45,388,1304,346,1355,1346,1764
5650872,464.42,332.7,460.66,336.3,383,1311,347,1354,1340,1759
5650874,464.74,332.1,460.34,336.6,386,1304,343,1357,1345,1763
5650876,465.3,332.55,460.5,336.075,392,1309,345,1353,1345,1760
5650878,464.98,332.7,460.5,336.6,389,1311,346,1358,1344,1762
5650880,464.9,332.625,460.58,336.375,388,1311,346,1356,1345,1759
5650882,465.14,332.925,460.42,336.45,391,1314,345,1357,1346,1763
5650884,464.98,332.7,460.9,336.225,389,1312,350,1355,1347,1762
5650886,464.98,333.525,460.9,336.45,389,1321,350,1357,1343,1761
5650888,464.9,333.075,460.66,336.15,389,1317,347,1355,1341,1764
5650890,465.62,333.3,461.14,336.3,396,1319,352,1356,1345,1763
5650892,464.74,333.375,460.74,335.775,387,1321,347,1351,1337,1760
5650894,465.22,332.475,460.9,335.775,392,1310,349,1351,1343,1761
5650896,464.66,332.55,460.42,335.625,385,1312,344,1350,1339,1760
5650898,464.9,331.875,460.74,334.875,387,1305,347,1342,1343,1761
5650900,464.74,331.725,460.42,335.1,385,1303,343,1345,1342,1763
5650902,464.9,331.05,460.9,335.325,386,1296,348,1347,1339,1757
5650904,465.38,331.35,460.5,334.725,391,1299,343,1341,1337,1759
5650906,465.22,330.975,460.98,334.95,389,1295,349,1342,1340,1761
5650908,464.66,331.8,460.66,335.175,384,1305,345,1345,1337,1758
5650910,464.74,331.575,460.66,334.575,385,1302,344,1339,1336,1764
5650912,464.5,331.125,460.66,334.95,381,1297,344,1342,1341,1761
5650914,464.34,331.425,460.1,334.575,380,1300,338,1339,1338,1760
5650916,464.74,330.6,460.34,334.35,383,1290,340,1336,1340,1761
5650918,463.94,330.6,460.1,333.825,374,1292,337,1330,1335,1759
5650920,464.26,329.4,459.62,334.425,376,1277,332,1337,1334,1757
5650922,464.18,330.375,459.7,334.575,376,1288,333,1339,1337,1759
5650924,463.94,330.975,459.38,334.65,373,1294,329,1339,1338,1757
5650926,463.7,330.075,460.1,334.425,370,1285,336,1336,1331,1760
5650928,464.34,330.15,460.1,333.9,376,1284,335,1329,1335,1760
5650930,464.1,330.3,459.7,333.975,373,1286,331,1330,1338,1758
5650932,464.42,329.925,459.78,334.125,375,1281,331,1331,1329,1758
5650934,463.7,330.15,459.78,334.2,369,1284,332,1332,1334,1758
5650936,463.46,329.625,459.46,334.275,365,1278,328,1332,1334,1757
5650938,463.54,330.45,459.22,334.2,366,1286,325,1332,1329,1757
5650940,463.3,329.775,459.3,334.425,363,1279,326,1333,1330,1756
5650942,463.78,330.975,460.1,334.05,368,1291,333,1328,1332,1758
5650944,463.54,329.85,459.78,334.275,365,1279,330,1330,1333,1756
5650946,463.54,330.075,459.3,334.65,365,1281,325,1335,1326,1758
5650948,464.5,330.675,459.7,334.5,375,1285,328,1332,1329,1760
5650950,464.1,330.675,460.18,334.5,370,1286,333,1332,1331,1755
5650952,463.78,331.275,459.7,334.95,367,1292,328,1336,1331,1756
5650954,463.38,330.525,460.1,334.8,362,1284,332,1334,1331,1755
5650956,464.02,330.15,460.1,335.025,368,1279,332,1336,1329,1756
5650958,463.38,331.35,460.02,334.95,362,1293,331,1335,1328,1754
5650960,463.86,331.95,459.94,335.175,368,1299,330,1337,1326,1755
5650962,464.18,331.8,460.18,334.875,372,1296,332,1334,1327,1755
5650964,464.34,332.1,460.02,335.55,373,1299,331,1341,1326,1750
5650966,464.02,332.175,460.1,335.55,370,1300,332,1341,1328,1755
5650968,464.1,331.725,460.34,335.4,370,1295,334,1339,1326,1754
5650970,464.42,331.725,460.1,335.55,373,1294,332,1341,1331,1756
5650972,464.18,331.575,460.5,335.55,371,1293,336,1340,1330,1754
5650974,464.42,331.5,460.26,335.55,373,1292,333,1341,1325,1751
5650976,464.1,332.55,460.74,335.625,371,1304,338,1341,1328,1753
5650978,464.1,332.85,460.9,334.95,371,1307,339,1333,1328,1755
5650980,464.74,333.075,461.14,335.1,378,1309,343,1335,1327,1753
5650982,464.42,332.4,461.06,334.35,374,1302,341,1327,1322,1755
5650984,463.94,332.775,461.46,335.175,370,1307,346,1336,1328,1750
5650986,465.22,331.65,461.46,334.65,382,1294,345,1331,1331,1749
5650988,464.74,332.4,461.54,335.025,378,1303,347,1334,1327,1752
5650990,464.5,333.3,461.86,335.4,376,1313,350,1339,1327,1753
5650992,465.94,332.775,462.02,335.4,391,1306,352,1339,1323,1748
5650994,465.46,332.325,462.1,335.1,385,1302,353,1336,1330,1746
5650996,465.3,333.6,461.86,335.1,386,1316,351,1336,1328,1747
5650998,465.14,333.825,462.18,335.1,384,1319,354,1336,1328,1745
5651000,465.62,332.55,462.58,334.725,389,1305,359,1332,1325,1745
5651002,465.78,333.225,462.66,334.95,391,1313,360,1335,1328,1743
5651004,466.58,332.175,463.06,335.325,399,1301,365,1339,1324,1743
5651006,466.26,333,463.22,335.1,396,1311,367,1337,1323,1743
5651008,465.62,333.225,463.06,335.4,391,1314,366,1341,1326,1745
5651010,466.26,332.625,462.98,335.325,396,1308,365,1340,1322,1741
5651012,466.02,333,463.22,335.85,396,1313,369,1347,1325,1740
5651014,465.86,333.825,463.14,334.8,395,1322,367,1336,1323,1739
5651016,465.78,333.375,462.98,336,395,1318,367,1349,1321,1744
5651018,465.86,333.75,462.9,335.55,396,1322,366,1344,1321,1736
5651020,465.94,333.225,463.38,335.925,397,1317,373,1349,1326,1740
5651022,466.26,333.675,462.74,335.175,401,1321,366,1342,1322,1734
5651024,466.26,332.475,463.14,335.625,400,1309,371,1347,1323,1736
5651026,464.82,334.275,463.3,335.325,387,1330,372,1343,1324,1737
5651028,465.38,333.15,463.06,335.325,393,1318,371,1345,1322,1735
5651030,465.86,333,463.7,334.8,397,1316,377,1338,1321,1735
5651032,465.54,332.925,463.3,334.8,395,1317,373,1340,1319,1728
5651034,466.34,332.55,462.74,335.1,403,1312,368,1344,1318,1732
5651036,466.1,332.85,463.62,334.725,403,1317,378,1339,1321,1735
5651038,465.94,333.225,462.58,335.325,401,1321,368,1347,1316,1731
5651040,465.94,332.55,462.74,334.8,401,1314,370,1342,1324,1729
5651042,466.1,333.075,462.5,334.95,403,1319,368,1344,1318,1731
5651044,465.14,333.525,462.98,334.65,394,1326,373,1340,1320,1732
5651046,465.94,333.075,463.38,334.2,403,1320,377,1335,1321,1732
5651048,466.1,332.85,463.3,334.65,404,1318,377,1340,1316,1725
5651050,465.94,332.625,462.74,333.9,403,1316,370,1333,1317,1730
5651052,464.66,333.15,463.06,333.6,390,1324,374,1330,1322,1727
5651054,465.46,332.625,462.9,333.15,398,1317,372,1326,1319,1721
5651056,465.46,332.55,462.74,333.225,399,1316,371,1327,1321,1726
5651058,464.74,332.475,463.06,332.925,391,1316,374,1323,1321,1726
5651060,465.86,332.1,462.82,333.375,402,1311,372,1328,1317,1721
5651062,465.14,332.175,462.82,332.775,396,1313,371,1322,1318,1723
5651064,464.98,331.875,462.74,332.7,393,1310,371,1321,1316,1723
5651066,465.14,331.425,462.26,333.15,395,1305,366,1326,1322,1720
5651068,465.62,331.725,462.9,332.175,400,1308,372,1316,1318,1721
5651070,464.9,331.2,462.5,333.3,392,1303,369,1328,1319,1716
5651072,464.5,331.425,462.66,332.85,388,1305,370,1323,1319,1720
5651074,463.78,332.4,462.42,333.225,382,1317,368,1327,1319,1718
5651076,464.02,331.575,462.34,333.15,383,1308,367,1327,1316,1719
5651078,464.18,332.325,462.58,333.3,385,1316,369,1328,1316,1718
5651080,463.78,331.275,461.94,333.375,380,1305,363,1329,1314,1719
5651082,463.62,331.575,461.94,333.15,378,1308,363,1327,1311,1712
5651084,463.94,330.9,462.18,333.375,381,1301,366,1329,1315,1718
5651086,463.46,332.325,462.02,333.3,377,1317,363,1329,1318,1713
5651088,463.3,331.425,462.26,333.3,375,1306,366,1329,1312,1714
5651090,463.46,331.35,461.86,332.85,376,1306,361,1323,1314,1712
5651092,462.98,332.1,461.7,332.475,372,1314,359,1320,1314,1711
5651094,463.3,331.725,461.62,333.3,375,1310,359,1329,1314,1714
5651096,463.06,332.025,461.78,333.75,373,1313,361,1334,1316,1715
5651098,462.9,331.65,461.54,333,370,1310,357,1326,1315,1711
5651100,463.3,331.2,461.7,332.85,374,1304,358,1324,1314,1711
5651102,462.66,331.725,461.22,332.475,368,1311,353,1320,1316,1709
5651104,462.98,331.35,461.7,333.075,370,1306,359,1326,1314,1709
5651106,462.9,331.275,461.7,333.075,370,1306,359,1326,1313,1709
5651108,463.22,331.275,461.46,333.3,373,1305,356,1329,1315,1711
5651110,462.74,331.95,461.54,332.55,368,1313,356,1321,1316,1709
5651112,462.82,331.575,461.46,332.85,369,1309,356,1325,1311,1708
5651114,463.22,332.475,461.62,333.375,374,1318,358,1330,1316,1709
5651116,462.58,332.175,461.3,333.15,367,1316,354,1328,1316,1708
5651118,462.74,331.95,461.46,333.225,368,1314,356,1329,1314,1708
5651120,462.98,331.95,461.86,333.075,370,1314,360,1327,1316,1710
5651122,462.9,332.25,461.46,332.775,370,1317,355,1325,1310,1706
5651124,463.3,332.25,461.62,333.075,374,1317,357,1328,1310,1706
5651126,462.58,332.475,462.18,333.225,367,1320,363,1329,1313,1708
5651128,463.22,332.775,461.46,332.7,374,1323,355,1324,1315,1706
5651130,462.82,332.4,461.46,332.925,369,1320,355,1327,1312,1707
5651132,462.1,333.15,461.54,332.55,362,1329,356,1323,1313,1705
5651134,463.3,332.475,461.46,333.3,374,1320,356,1331,1313,1704
5651136,462.58,333.15,461.7,333.525,367,1329,359,1334,1314,1705
5651138,462.66,333.225,461.78,333,368,1329,359,1328,1312,1704
5651140,462.34,332.625,462.02,333.675,364,1324,362,1336,1315,1704
5651142,462.58,333.075,461.7,334.05,367,1329,358,1340,1315,1705
5651144,462.66,332.7,461.78,333.825,367,1325,359,1338,1313,1701
5651146,462.42,333.6,462.18,334.125,366,1335,363,1341,1313,1706
5651148,462.66,333.45,461.94,334.575,368,1334,361,1347,1313,1704
5651150,462.74,332.4,461.46,334.425,368,1322,356,1345,1313,1700
5651152,462.58,333.375,461.86,333.75,367,1333,360,1338,1312,1701
5651154,463.46,333.225,461.54,333.975,377,1331,357,1341,1312,1699
5651156,462.74,333.075,461.94,333.675,368,1331,361,1337,1314,1703
5651158,462.5,333.075,461.94,333.6,366,1331,361,1337,1312,1704
5651160,463.38,332.85,461.62,333.9,375,1328,358,1341,1312,1699
5651162,463.62,333.825,462.5,333.675,378,1338,367,1338,1310,1700
5651164,463.22,333.225,462.02,334.2,373,1332,362,1345,1310,1698
5651166,463.38,333.375,462.42,334.2,375,1334,366,1344,1311,1701
5651168,463.46,332.85,463.14,334.5,376,1329,374,1347,1313,1698
5651170,463.54,333.6,462.58,334.275,377,1337,368,1345,1314,1699
5651172,463.62,334.05,462.58,334.5,378,1342,368,1348,1307,1700
5651174,463.7,333.15,462.98,334.35,379,1332,372,1346,1311,1700
5651176,463.3,333.075,462.34,333.975,374,1332,365,1343,1312,1699
5651178,463.62,333.825,462.5,333.6,378,1340,366,1339,1308,1700
5651180,464.34,333.3,461.94,333.975,385,1334,361,1344,1307,1699
5651182,463.46,333.75,462.66,333.525,377,1339,368,1338,1312,1695
5651184,463.7,333.45,462.9,334.2,379,1336,371,1345,1314,1695
5651186,463.62,333.525,462.5,333.9,379,1337,367,1343,1307,1696
5651188,463.54,333.6,462.5,334.05,378,1338,367,1344,1309,1697
5651190,463.46,333.15,462.5,333.45,376,1334,366,1338,1308,1694
5651192,463.62,332.775,462.5,333.075,377,1329,366,1333,1309,1695
5651194,463.62,332.85,462.26,333.525,378,1330,364,1339,1310,1691
5651196,463.7,333,462.5,333.375,379,1332,366,1337,1306,1691
5651198,463.46,332.325,461.94,333.3,375,1324,360,1337,1309,1694
5651200,463.54,332.85,462.9,333.3,376,1330,370,1336,1306,1692
5651202,462.98,332.625,462.18,333.45,370,1328,363,1338,1318,1695
5651204,462.42,332.625,462.34,333.225,365,1328,365,1335,1314,1694
5651206,462.58,333,462.34,333.675,367,1332,365,1340,1315,1696
5651208,462.5,332.7,462.34,333.6,366,1329,365,1339,1314,1688
5651210,462.26,332.85,461.94,332.55,363,1331,359,1328,1316,1692
5651212,462.42,332.625,462.34,333.45,364,1328,365,1337,1314,1692
5651214,462.74,331.95,462.18,333.225,367,1320,363,1335,1311,1688
5651216,463.22,332.025,462.58,332.325,372,1321,366,1324,1309,1695
5651218,463.06,331.425,462.42,332.85,370,1314,365,1330,1310,1693
5651220,463.14,332.025,462.26,332.925,371,1320,363,1331,1308,1690
5651222,462.74,332.625,462.26,332.325,368,1327,363,1324,1311,1691
5651224,462.42,332.85,462.34,332.775,365,1329,364,1329,1312,1690
5651226,462.42,332.475,462.5,332.775,365,1325,365,1328,1307,1690
5651228,462.66,332.1,462.02,332.475,366,1321,360,1325,1310,1689
5651230,462.9,332.175,462.74,332.4,369,1322,367,1324,1308,1692
5651232,462.18,333.225,462.66,332.4,362,1334,366,1324,1312,1691
5651234,462.74,332.25,462.5,331.95,367,1322,364,1319,1310,1692
5651236,462.18,332.85,462.98,333,361,1329,370,1330,1311,1691
5651238,462.1,332.475,462.74,332.7,360,1325,367,1327,1311,1694
5651240,462.82,332.625,462.98,333.075,368,1325,370,1330,1310,1694
5651242,462.66,332.775,463.06,332.25,366,1328,370,1321,1312,1695
5651244,462.98,332.625,462.42,332.325,369,1325,363,1323,1310,1691
5651246,462.82,332.4,463.14,332.925,368,1322,371,1328,1309,1694
5651248,462.42,332.625,463.14,331.875,363,1325,370,1316,1313,1694
5651250,463.62,332.475,462.74,333,376,1323,367,1329,1307,1690
5651252,462.74,332.325,463.3,332.775,366,1322,373,1326,1311,1692
5651254,462.82,332.325,463.14,332.775,367,1321,371,1326,1310,1695
5651256,462.9,332.625,463.14,333.3,369,1325,371,1332,1310,1698
5651258,463.06,332.475,463.46,333.15,370,1323,375,1329,1309,1698
5651260,463.22,332.325,463.38,332.7,372,1320,373,1325,1309,1694
5651262,463.46,332.1,463.38,333.3,374,1318,374,1331,1311,1695
5651264,464.34,332.475,464.02,333.675,383,1321,381,1334,1308,1698
5651266,463.62,332.85,463.78,333.225,376,1326,378,1330,1310,1696
5651268,463.54,332.4,464.1,333.45,375,1321,381,1332,1308,1694
5651270,463.86,332.85,463.54,332.55,378,1325,375,1323,1309,1694
5651272,463.14,332.4,463.62,332.55,371,1322,376,1323,1310,1692
5651274,462.98,333.15,463.94,333,370,1330,379,1328,1310,1695
5651276,464.02,332.475,464.02,333.3,381,1321,382,1331,1309,1695
5651278,463.62,333.675,463.94,332.7,378,1335,380,1324,1314,1698
5651280,463.94,332.625,464.26,333.3,379,1324,384,1330,1307,1697
5651282,463.86,332.85,463.78,333.375,379,1326,379,1332,1311,1697
5651284,464.18,333.075,464.02,333.15,383,1328,381,1329,1310,1699
5651286,464.18,332.775,464.42,333.825,382,1325,386,1337,1310,1701
5651288,463.38,332.925,463.94,333.075,374,1328,381,1329,1311,1698
5651290,464.26,332.85,463.7,333.15,383,1326,378,1330,1309,1699
5651292,464.1,332.925,464.1,333.3,382,1328,382,1332,1310,1697
5651294,463.62,332.625,464.58,333.075,377,1325,387,1329,1314,1696
5651296,464.58,332.55,464.26,332.85,387,1323,384,1327,1308,1697
5651298,464.18,332.475,464.58,333.825,383,1323,388,1337,1311,1698
5651300,463.06,332.325,464.42,333.525,371,1323,386,1334,1312,1702
5651302,463.62,333.15,464.5,333.45,377,1331,387,1333,1317,1701
5651304,463.06,333.525,464.58,333.3,372,1336,388,1332,1318,1698
5651306,463.54,333,464.98,332.925,377,1330,392,1328,1315,1701
5651308,463.7,333.075,464.42,333.375,379,1331,386,1334,1313,1700
5651310,463.06,333.45,463.94,333.075,372,1336,381,1331,1318,1702
5651312,462.82,333.225,464.66,333.225,370,1334,390,1332,1315,1704
5651314,463.38,333.525,464.74,333.525,376,1337,390,1335,1318,1701
5651316,463.14,333.675,464.34,333.15,373,1339,386,1332,1318,1701
5651318,463.46,332.325,464.34,333.3,376,1324,386,1334,1312,1702
5651320,463.22,332.85,464.34,333.9,374,1330,386,1340,1314,1706
5651322,463.06,332.325,464.1,333.525,372,1324,384,1336,1315,1702
5651324,462.98,332.925,464.1,333.15,372,1331,383,1332,1315,1700
5651326,463.22,332.85,463.86,333.45,374,1330,381,1336,1316,1704
5651328,463.06,332.85,464.42,333.525,372,1331,388,1336,1316,1701
5651330,462.98,332.7,464.1,332.85,371,1329,383,1330,1317,1710
5651332,462.74,332.625,464.02,333.75,369,1329,383,1340,1317,1710
5651334,462.82,332.475,464.18,333.225,369,1327,384,1333,1318,1704
5651336,463.06,333.075,464.18,333.375,372,1334,385,1335,1317,1709
5651338,462.82,332.925,464.34,333.6,370,1332,386,1338,1316,1711
5651340,463.38,332.025,463.86,333.6,374,1321,381,1338,1317,1709
5651342,462.82,333.15,464.02,333.45,370,1334,383,1336,1317,1707
5651344,462.74,332.625,463.46,333,368,1329,376,1332,1315,1709
5651346,462.5,332.925,463.94,332.775,366,1332,381,1329,1318,1710
5651348,462.74,332.4,463.86,333.15,368,1326,380,1333,1317,1709
5651350,463.22,332.55,463.54,332.925,373,1327,377,1331,1316,1709
5651352,462.98,333.15,463.94,333.225,371,1334,381,1333,1318,1709
5651354,462.74,332.7,463.86,333.375,368,1330,380,1335,1320,1710
5651356,463.46,332.25,464.34,332.7,375,1323,384,1328,1314,1711
5651358,462.98,332.625,463.86,332.775,370,1328,380,1329,1319,1712
5651360,462.74,332.625,463.86,333,367,1328,379,1331,1318,1708
5651362,463.22,332.55,463.7,333.225,372,1327,377,1334,1316,1713
5651364,462.66,333,463.7,332.925,366,1332,377,1331,1318,1714
5651366,462.58,332.175,463.46,333,365,1324,374,1331,1319,1711
5651368,462.34,332.625,463.46,333.75,362,1329,375,1340,1317,1713
5651370,462.82,332.025,463.38,333.15,367,1322,374,1333,1317,1715
5651372,462.18,332.7,463.78,333.075,360,1330,378,1332,1318,1715
5651374,462.02,331.425,463.38,332.55,358,1316,373,1327,1319,1716
5651376,462.02,331.8,463.22,333.375,358,1320,372,1335,1323,1713
5651378,462.34,332.325,463.7,332.85,362,1326,376,1329,1319,1719
5651380,462.66,331.65,463.38,332.925,364,1317,373,1331,1317,1715
5651382,462.42,331.65,463.78,332.925,361,1318,377,1330,1321,1718
5651384,462.34,331.875,463.54,333.3,361,1321,374,1334,1320,1718
5651386,462.42,332.025,463.54,332.775,362,1322,375,1329,1324,1718
5651388,462.18,331.95,463.3,332.85,359,1321,371,1329,1322,1714
5651390,461.86,332.1,463.46,333.15,356,1323,373,1333,1323,1715
5651392,461.78,332.1,463.38,333.15,354,1323,373,1333,1321,1718
5651394,461.86,331.575,463.46,332.7,355,1317,373,1327,1324,1715
5651396,462.34,331.35,462.9,333.15,359,1314,367,1333,1321,1719
5651398,461.7,332.1,463.22,332.55,354,1323,370,1326,1327,1719
5651400,461.7,332.1,462.98,333.225,353,1323,368,1334,1325,1722
5651402,461.54,332.175,463.38,333.15,351,1324,372,1332,1328,1722
5651404,461.86,331.95,463.3,333.525,354,1322,371,1337,1331,1724
5651406,461.78,331.65,462.9,333.6,353,1318,367,1338,1327,1724
5651408,461.94,331.95,463.46,333.225,356,1321,372,1333,1326,1722
5651410,461.62,331.575,463.14,333.675,352,1317,370,1339,1327,1725
5651412,461.78,332.325,463.06,333.525,354,1325,369,1337,1328,1723
5651414,462.1,331.575,463.38,333.3,357,1317,372,1334,1330,1725
5651416,461.7,332.4,463.22,333.45,354,1327,371,1336,1329,1727
5651418,461.86,331.65,463.14,333.825,355,1318,371,1340,1330,1726
5651420,461.7,332.025,463.38,333.375,353,1322,372,1336,1329,1727
5651422,461.78,332.7,463.22,333,355,1329,370,1331,1331,1726
5651424,461.7,332.625,463.22,333.75,354,1329,371,1339,1330,1728
5651426,461.78,331.8,463.54,333.6,354,1320,375,1337,1326,1728
5651428,462.58,332.775,463.62,333.3,364,1330,376,1334,1326,1729
5651430,461.86,331.8,463.14,333.75,355,1320,371,1340,1328,1727
5651432,462.18,332.1,463.46,333.3,359,1324,374,1335,1328,1729
5651434,461.94,331.95,463.62,333.45,357,1322,376,1337,1329,1730
5651436,461.86,332.175,462.82,333.075,357,1324,368,1333,1330,1726
5651438,462.18,331.425,463.78,333.3,359,1316,378,1334,1330,1732
5651440,462.02,331.65,463.3,334.2,358,1319,374,1345,1331,1730
5651442,462.26,331.8,463.62,333.45,360,1320,377,1337,1330,1731
5651444,462.02,332.1,463.62,334.05,359,1324,378,1343,1333,1732
5651446,461.78,331.5,463.46,333.6,356,1318,375,1339,1331,1731
5651448,462.34,331.8,463.7,333.825,362,1321,379,1342,1333,1733
5651450,462.18,332.1,463.86,333.375,361,1324,380,1337,1331,1734
5651452,462.26,332.025,463.54,334.275,362,1323,378,1347,1333,1738
5651454,462.26,332.025,463.54,333.825,363,1324,378,1342,1333,1733
5651456,462.02,331.8,463.22,334.425,360,1322,376,1348,1334,1734
5651458,462.5,332.25,463.78,333.675,365,1326,380,1340,1334,1739
5651460,462.18,332.025,463.46,334.275,362,1324,378,1347,1333,1737
5651462,462.02,331.65,463.3,333.75,360,1320,376,1342,1337,1737
5651464,462.26,331.5,463.38,333.75,363,1319,377,1341,1333,1738
5651466,461.7,331.275,464.18,333.6,357,1316,385,1339,1331,1740
5651468,462.02,331.95,463.06,333.975,361,1324,375,1345,1332,1736
5651470,461.86,331.425,463.54,334.2,359,1318,380,1347,1337,1744
5651472,462.02,331.125,463.3,333.825,361,1315,378,1343,1336,1742
5651474,462.1,332.25,463.62,333.6,364,1327,381,1340,1341,1746
5651476,462.02,331.95,463.54,333.75,363,1324,381,1341,1341,1740
5651478,462.18,332.1,463.3,333.75,365,1325,378,1342,1338,1742
5651480,462.5,331.35,463.14,334.125,367,1317,377,1346,1339,1742
5651482,462.02,331.425,463.7,333.525,362,1318,383,1339,1339,1743
5651484,461.7,331.575,462.98,334.2,359,1320,375,1348,1339,1741
5651486,461.62,331.425,463.54,334.05,358,1319,381,1345,1335,1742
5651488,461.54,332.175,463.54,333.975,358,1327,381,1344,1341,1743
5651490,461.94,331.125,463.14,333.9,362,1315,377,1344,1341,1743
5651492,461.78,331.65,462.82,333.525,360,1321,374,1340,1339,1742
5651494,461.62,331.125,463.38,333.45,359,1316,380,1339,1344,1744
5651496,461.78,331.725,463.14,334.35,361,1322,378,1348,1339,1745
5651498,461.3,331.95,462.9,334.125,356,1325,375,1346,1343,1745
5651500,461.7,331.125,463.22,333.9,359,1315,378,1343,1343,1745
5651502,461.78,330.675,462.82,333.75,360,1310,374,1343,1349,1747
5651504,461.62,330.75,462.58,333.75,359,1311,371,1342,1355,1745
5651506,461.38,330.225,462.98,334.2,355,1305,377,1347,1351,1752
5651508,460.98,330.75,461.94,334.425,352,1312,366,1350,1352,1747
5651510,461.86,331.35,462.26,333.75,361,1317,368,1342,1346,1751
5651512,460.66,329.7,462.18,333.825,347,1300,367,1343,1350,1751
5651514,462.02,329.1,462.02,333.75,361,1292,365,1343,1351,1749
5651516,460.98,329.7,461.7,333.9,350,1299,362,1344,1349,1752
5651518,461.3,329.775,461.54,333.675,354,1301,360,1343,1353,1753
5651520,461.46,330.525,461.22,333.6,356,1308,356,1342,1354,1749
5651522,460.82,330.3,460.42,333.15,349,1306,347,1338,1354,1754
5651524,460.66,330.6,461.38,334.05,347,1310,358,1346,1350,1752
5651526,460.5,331.125,460.98,333.75,346,1315,354,1344,1350,1753
5651528,460.34,332.25,461.22,334.275,345,1328,356,1349,1351,1754
5651530,460.18,331.575,460.74,333.675,342,1320,350,1343,1346,1757
5651532,460.34,332.25,460.74,334.125,344,1328,350,1348,1344,1757
5651534,460.18,331.95,461.3,334.125,342,1325,356,1347,1346,1757
5651536,460.34,331.575,460.82,333.9,344,1321,351,1345,1349,1758
5651538,460.34,332.85,461.22,333.975,345,1334,355,1346,1350,1758
5651540,459.78,331.875,460.9,334.2,337,1325,352,1348,1350,1758
5651542,459.78,332.1,460.9,334.425,337,1327,352,1350,1351,1755
5651544,459.78,332.4,461.14,334.65,338,1330,354,1353,1351,1757
5651546,459.78,332.025,460.9,334.725,337,1326,351,1354,1350,1756
5651548,459.86,333.675,460.98,334.8,339,1344,352,1355,1353,1760
5651550,459.62,332.4,460.98,333.825,335,1330,351,1345,1348,1760
5651552,459.3,332.55,461.14,334.2,331,1332,352,1349,1352,1758
5651554,459.46,332.25,460.98,333.975,333,1329,350,1346,1353,1760
5651556,460.42,330.975,460.74,333.675,341,1315,347,1343,1352,1760
5651558,459.62,331.125,460.74,333.75,332,1317,347,1344,1358,1758
5651560,459.62,330.45,460.98,333.825,331,1310,349,1345,1358,1761
5651562,460.66,329.175,460.9,333.675,341,1295,347,1343,1356,1762
5651564,461.06,329.7,460.9,333.375,345,1300,347,1340,1360,1762
5651566,460.9,329.1,460.5,333,342,1294,342,1336,1359,1762
5651568,460.82,329.175,460.66,333,341,1295,343,1337,1359,1761
5651570,460.9,328.725,460.98,332.775,341,1290,346,1334,1368,1766
5651572,460.34,328.2,460.98,332.7,335,1285,346,1333,1367,1765
5651574,460.66,328.125,460.98,332.775,338,1284,346,1334,1371,1764
5651576,460.66,327.825,461.06,332.775,337,1281,346,1334,1374,1768
5651578,460.34,328.425,461.94,333.3,334,1287,356,1339,1373,1765
5651580,460.74,327.675,461.78,332.925,338,1279,354,1334,1363,1764
5651582,461.46,327.3,461.54,332.625,345,1274,351,1331,1364,1766
5651584,460.74,328.425,461.46,333.15,338,1287,350,1337,1369,1764
5651586,461.22,329.4,461.54,333.525,345,1296,352,1342,1365,1762
5651588,460.5,328.65,461.46,333.15,336,1290,350,1337,1361,1769
5651590,460.9,329.625,461.7,333.3,341,1300,353,1338,1365,1765
5651592,460.34,330.6,461.54,333.525,336,1311,351,1341,1369,1761
5651594,460.9,329.925,461.62,333.675,341,1303,353,1343,1368,1763
5651596,460.26,330.075,461.86,333.75,334,1306,355,1344,1367,1762
5651598,460.82,330.3,461.38,333.525,340,1307,350,1342,1370,1764
5651600,460.58,331.65,462.42,333.9,340,1322,361,1345,1371,1768
5651602,460.42,331.8,462.26,333.9,338,1324,360,1345,1379,1768
5651604,460.9,331.125,462.5,334.2,343,1317,362,1348,1378,1767
5651606,460.42,332.175,462.26,333.975,339,1328,360,1347,1378,1765
5651608,460.66,332.475,462.58,333.825,342,1332,363,1345,1376,1768
5651610,461.14,331.575,462.58,333.75,346,1322,363,1344,1377,1771
5651612,460.26,333.3,462.58,333.9,339,1342,363,1346,1374,1765
5651614,461.54,332.175,462.26,333.825,351,1328,360,1345,1376,1768
5651616,461.14,331.875,462.74,333.675,346,1325,365,1343,1377,1768
5651618,460.98,332.175,462.66,333.525,345,1329,364,1342,1371,1769
5651620,461.46,332.85,462.02,333.3,351,1335,357,1340,1380,1772
5651622,461.38,331.725,462.98,333.75,349,1323,368,1343,1375,1768
5651624,460.82,333.45,462.58,333.75,345,1343,364,1345,1375,1768
5651626,461.62,332.625,462.42,333.75,352,1333,362,1345,1381,1768
5651628,461.54,331.875,463.14,333.6,351,1325,370,1343,1379,1769
5651630,461.46,331.125,462.98,334.275,349,1317,368,1350,1373,1768
5651632,461.54,331.65,462.66,333.3,350,1323,364,1340,1380,1768
5651634,461.06,332.1,462.74,333.975,346,1328,366,1347,1377,1771
5651636,461.54,331.425,462.42,334.05,350,1321,362,1348,1374,1766
5651638,461.22,331.65,462.18,333.675,347,1323,360,1344,1379,1768
5651640,461.3,332.475,462.26,334.125,348,1332,360,1349,1376,1769
5651642,460.82,331.5,462.18,333.9,343,1322,360,1346,1377,1767
5651644,460.66,330.525,462.34,333.825,340,1312,361,1345,1375,1769
5651646,460.82,331.725,461.62,333.9,343,1324,353,1347,1374,1765
5651648,460.5,330.6,462.02,333.825,337,1312,357,1346,1374,1768
5651650,460.34,331.2,461.62,333.675,337,1319,352,1344,1373,1768
5651652,460.42,331.725,460.98,333.825,338,1324,346,1346,1377,1764
5651654,459.78,331.275,461.22,333.825,331,1320,348,1346,1370,1769
5651656,459.86,330.9,461.22,334.2,331,1315,348,1349,1374,1767
5651658,460.02,330.6,461.46,333.375,332,1312,350,1341,1372,1763
5651660,459.54,329.85,460.9,333.825,326,1304,344,1345,1369,1767
5651662,459.7,330.675,460.58,333.975,328,1313,341,1347,1370,1764
5651664,459.62,331.35,460.74,333.375,328,1319,342,1340,1375,1763
5651666,458.74,330.375,460.42,333.075,318,1309,337,1337,1374,1765
5651668,458.82,330.15,460.5,333.75,317,1306,338,1344,1375,1765
5651670,458.58,331.2,460.1,333.375,316,1318,334,1340,1375,1769
5651672,459.3,330.9,460.74,333.9,323,1314,341,1345,1377,1767
5651674,459.14,331.2,460.5,333.675,321,1317,338,1342,1376,1765
5651676,459.14,330.075,460.42,333.675,319,1304,336,1341,1379,1766
5651678,459.14,330.15,460.42,333.45,319,1305,336,1339,1374,1769
5651680,458.42,329.625,460.5,333.6,310,1299,336,1339,1373,1764
5651682,458.66,330.15,459.7,333.825,313,1304,328,1343,1372,1764
5651684,458.74,330.975,459.94,333.675,314,1313,329,1341,1374,1763
5651686,458.66,330.3,460.5,333.9,312,1305,335,1343,1376,1761
5651688,458.82,330.675,460.34,334.2,314,1308,333,1345,1370,1761
5651690,458.74,331.05,460.42,333.75,313,1313,334,1341,1364,1762
5651692,458.58,331.65,460.66,333.75,311,1319,335,1340,1372,1759
5651694,458.58,331.125,460.1,333.6,311,1313,329,1339,1376,1761
5651696,458.02,332.325,460.5,333.675,305,1326,333,1338,1373,1757
5651698,458.18,331.05,460.02,334.35,306,1312,329,1346,1375,1761
5651700,458.42,331.95,460.42,333.9,309,1321,332,1340,1372,1761
5651702,457.46,331.275,460.66,333.9,298,1315,334,1340,1378,1762
5651704,457.94,333.225,460.42,334.125,305,1335,331,1343,1378,1761
5651706,458.5,331.2,460.5,334.65,308,1313,333,1348,1377,1759
5651708,458.5,332.475,460.34,333.825,309,1326,330,1339,1369,1756
5651710,458.58,331.125,460.98,334.05,309,1312,337,1341,1376,1757
5651712,458.58,331.35,460.18,334.35,308,1314,328,1345,1374,1758
5651714,459.14,331.65,460.82,333.975,315,1317,335,1340,1372,1756
5651716,459.7,331.425,460.74,333.975,320,1314,334,1340,1369,1756
5651718,459.38,331.275,460.98,334.575,316,1312,337,1346,1371,1753
5651720,459.14,331.725,460.82,334.125,315,1317,335,1342,1369,1753
5651722,459.78,331.5,461.06,334.275,321,1314,337,1343,1373,1754
5651724,459.54,331.275,461.3,333.975,318,1312,340,1339,1370,1750
5651726,459.94,332.55,461.54,334.425,324,1326,343,1345,1374,1751
5651728,460.5,331.95,461.78,333.975,329,1319,345,1340,1373,1756
5651730,460.42,331.575,461.38,334.65,328,1315,342,1347,1373,1749
5651732,460.9,333.6,461.62,334.425,335,1337,343,1345,1371,1750
5651734,460.98,331.65,461.3,334.875,334,1316,341,1350,1377,1752
5651736,461.06,332.025,461.7,334.425,335,1320,345,1345,1372,1750
5651738,460.74,332.55,461.94,334.2,333,1326,347,1342,1368,1753
5651740,460.66,332.85,461.86,334.35,333,1330,347,1344,1362,1751
5651742,460.58,332.925,462.26,334.65,332,1331,351,1347,1369,1747
5651744,461.7,333.075,462.02,334.575,345,1331,350,1347,1368,1747
5651746,461.06,332.85,462.74,334.35,337,1330,357,1344,1371,1742
5651748,461.54,334.275,462.42,334.875,345,1345,355,1351,1366,1742
5651750,461.94,332.85,462.98,335.175,348,1329,361,1353,1368,1741
5651752,461.86,333.75,462.58,335.325,348,1339,357,1356,1366,1739
5651754,461.78,334.425,463.06,334.725,348,1347,361,1349,1370,1737
5651756,461.78,333.6,462.42,335.025,348,1338,356,1353,1364,1736
5651758,461.22,333.75,463.46,334.725,342,1341,367,1349,1368,1734
5651760,462.18,333.15,463.46,335.325,353,1333,369,1356,1369,1738
5651762,461.54,333.975,463.06,335.025,347,1343,364,1353,1367,1734
5651764,460.74,333.675,462.66,334.8,339,1342,360,1351,1367,1731
5651766,461.62,334.65,463.3,334.8,349,1350,367,1351,1370,1735
5651768,461.46,334.05,463.3,334.8,348,1345,368,1351,1367,1731
5651770,462.02,333.075,462.9,334.725,353,1334,364,1351,1370,1731
5651772,461.94,333,463.14,334.725,353,1334,367,1351,1361,1729
5651774,461.86,332.925,463.06,334.725,352,1333,366,1351,1361,1731
5651776,461.62,333.75,462.74,334.5,351,1342,364,1349,1369,1727
5651778,461.7,333.45,462.66,334.95,352,1339,364,1354,1367,1725
5651780,461.78,332.85,462.9,334.35,353,1333,366,1348,1362,1729
5651782,461.78,333.375,462.82,334.275,353,1338,365,1347,1362,1722
5651784,461.54,333.45,462.98,333.975,352,1340,368,1343,1361,1720
5651786,462.58,332.775,462.98,333.3,362,1331,367,1337,1361,1718
5651788,462.18,333.525,462.74,333.375,360,1340,365,1338,1367,1720
5651790,461.86,333.6,462.82,332.925,357,1341,366,1333,1364,1713
5651792,461.78,333.075,462.9,333.225,356,1335,368,1336,1360,1713
5651794,462.02,332.025,462.66,333.525,358,1324,366,1339,1362,1715
5651796,461.7,332.55,462.58,332.625,355,1330,365,1330,1358,1710
5651798,462.02,332.25,462.66,332.7,358,1326,366,1330,1355,1713
5651800,462.26,331.8,462.66,332.85,361,1321,366,1332,1363,1709
5651802,461.78,332.775,462.18,333,357,1332,362,1334,1361,1710
5651804,461.3,332.775,462.58,332.325,352,1333,366,1326,1360,1710
5651806,461.86,331.5,462.42,332.175,357,1318,364,1325,1360,1710
5651808,462.18,330.975,462.18,331.95,361,1312,362,1322,1362,1704
5651810,461.54,331.8,461.62,332.25,355,1321,356,1326,1353,1702
5651812,461.78,330.975,461.78,332.325,356,1312,358,1327,1353,1700
5651814,461.14,331.575,462.1,331.8,350,1320,361,1321,1355,1701
5651816,461.22,332.1,461.7,331.05,352,1325,356,1313,1355,1702
5651818,461.14,331.5,461.46,331.65,351,1319,354,1320,1352,1698
5651820,460.02,332.025,461.38,331.575,340,1326,353,1319,1354,1693
5651822,460.42,331.275,460.98,331.575,343,1317,350,1320,1348,1696
5651824,460.58,331.65,461.3,332.1,345,1321,353,1325,1351,1690
5651826,459.94,331.95,461.22,332.175,339,1325,352,1326,1352,1690
5651828,460.1,331.575,460.82,332.175,340,1320,348,1326,1348,1689
5651830,459.62,332.25,460.98,332.625,335,1328,350,1331,1351,1692
5651832,459.38,332.4,460.66,332.4,333,1330,346,1329,1349,1686
5651834,459.78,331.95,460.74,332.625,337,1325,348,1331,1349,1689
5651836,459.62,332.625,461.46,333.225,336,1332,356,1337,1347,1686
5651838,460.02,332.925,461.3,332.925,340,1335,354,1334,1347,1682
5651840,461.06,334.05,461.78,333.225,352,1347,358,1337,1348,1684
5651842,462.9,334.125,463.38,333.675,371,1345,376,1339,1350,1689
5651844,463.46,335.55,464.42,334.05,378,1360,387,1343,1352,1686
5651846,465.06,336.225,465.22,334.8,395,1366,396,1350,1351,1686
5651848,465.7,336.375,465.62,334.8,402,1367,400,1350,1349,1685
5651850,466.26,336.225,465.78,334.8,408,1365,401,1350,1346,1687
5651852,465.54,337.05,464.9,334.575,400,1374,391,1349,1350,1683
5651854,464.66,336.675,465.14,334.65,391,1371,394,1349,1348,1683
5651856,464.5,336.3,464.66,335.625,389,1368,389,1360,1347,1678
5651858,463.22,337.575,464.34,336.225,376,1383,386,1367,1353,1675
5651860,463.86,336.675,462.9,336.15,381,1373,370,1368,1350,1669
5651862,463.06,336.3,462.1,336.15,373,1370,363,1369,1347,1679
5651864,463.46,336.75,461.78,335.475,377,1374,358,1362,1350,1672
5651866,462.34,335.7,461.3,334.95,364,1364,353,1357,1346,1677
5651868,462.42,335.85,461.38,334.725,364,1366,353,1355,1346,1672
5651870,461.7,335.925,460.82,335.475,357,1368,347,1364,1347,1674
5651872,461.3,335.625,461.14,335.025,352,1366,350,1359,1348,1672
5651874,461.46,335.925,460.98,334.5,354,1368,347,1354,1347,1667
5651876,461.78,335.55,461.06,334.5,356,1364,348,1354,1344,1666
5651878,462.26,335.475,461.22,335.325,361,1363,351,1363,1345,1669
5651880,461.7,335.625,461.3,334.425,356,1366,350,1353,1343,1666
5651882,462.1,335.175,461.38,334.65,359,1360,351,1355,1345,1664
5651884,461.86,335.025,461.94,335.1,356,1359,357,1360,1343,1662
5651886,461.7,335.325,461.46,334.35,354,1363,351,1353,1343,1664
5651888,462.02,335.1,461.46,334.275,357,1360,350,1353,1344,1661
5651890,461.14,335.175,461.7,334.2,347,1362,353,1351,1342,1658
5651892,461.62,334.875,461.22,333.675,352,1359,347,1347,1343,1658
5651894,461.62,335.025,462.1,333.75,352,1360,356,1346,1341,1657
5651896,461.94,335.85,462.26,334.575,356,1370,358,1356,1342,1657
5651898,462.26,335.775,461.62,334.05,359,1369,351,1351,1339,1659
5651900,461.78,334.575,462.02,334.05,353,1356,355,1350,1342,1660
5651902,461.94,335.775,462.1,334.35,355,1369,355,1353,1341,1660
5651904,461.62,334.875,461.7,334.05,351,1360,351,1351,1341,1659
5651906,461.78,335.7,461.86,334.05,354,1369,353,1351,1341,1658
5651908,461.86,334.8,462.02,334.275,353,1359,354,1354,1340,1655
5651910,462.02,335.625,461.62,333.75,355,1368,350,1349,1339,1658
5651912,462.26,334.8,461.78,333.6,357,1359,351,1347,1339,1658
5651914,461.78,334.575,462.34,334.275,352,1357,357,1353,1337,1655
5651916,461.3,334.65,461.86,333.6,346,1359,351,1347,1341,1656
5651918,461.7,335.175,461.86,333.825,351,1364,351,1349,1338,1655
5651920,462.02,334.725,462.02,334.05,354,1359,353,1351,1334,1656
5651922,461.54,334.5,461.94,333.6,348,1356,351,1347,1340,1650
5651924,461.94,335.175,462.58,333.975,352,1364,358,1350,1337,1652
5651926,461.7,334.35,462.18,334.125,349,1355,354,1352,1337,1653
5651928,461.62,334.8,462.02,333.9,349,1360,352,1349,1337,1654
5651930,461.94,334.95,462.18,333.675,352,1361,354,1348,1338,1652
5651932,461.62,334.35,461.86,333.825,348,1355,350,1349,1337,1653
5651934,462.1,334.875,461.86,333.525,354,1360,350,1346,1337,1652
5651936,461.94,334.125,462.66,333.75,351,1352,358,1347,1334,1651
5651938,461.62,334.125,462.18,333.15,348,1352,352,1341,1334,1651
5651940,462.02,333.525,462.18,333.225,351,1345,352,1342,1336,1647
5651942,462.66,333.6,461.86,332.925,358,1345,349,1339,1334,1649
5651944,461.94,333.75,461.78,332.55,350,1347,347,1335,1336,1647
5651946,462.34,333.375,461.94,332.85,354,1343,350,1338,1333,1647
5651948,462.18,333.6,462.1,333.225,352,1345,352,1342,1337,1649
5651950,462.34,333.15,462.02,332.85,354,1341,350,1338,1334,1647
5651952,462.18,333.45,462.1,332.775,353,1344,351,1336,1333,1644
5651954,462.58,333.375,461.7,332.55,357,1342,347,1334,1335,1646
5651956,462.74,333.375,462.02,332.625,359,1341,350,1334,1330,1645
5651958,462.26,333.075,461.78,332.55,354,1339,348,1334,1333,1647
5651960,462.26,333.45,461.94,332.325,354,1342,350,1330,1337,1645
5651962,462.18,333.975,462.02,332.85,354,1348,351,1336,1335,1646
5651964,462.18,333.375,462.26,332.775,353,1341,353,1335,1334,1643
5651966,462.26,333.675,462.02,332.55,355,1344,351,1332,1336,1646
5651968,462.42,333.675,461.94,333,357,1343,351,1336,1334,1649
5651970,462.9,333.6,461.7,332.925,361,1342,348,1336,1335,1648
5651972,461.78,334.125,462.5,332.85,350,1348,357,1334,1335,1648
5651974,462.66,333.3,461.78,332.25,359,1339,348,1328,1333,1646
5651976,462.42,333.525,462.42,333.3,356,1341,356,1339,1333,1648
5651978,462.1,333.9,462.26,333.825,353,1345,355,1344,1336,1649
5651980,462.02,333.75,462.58,333.975,353,1344,359,1346,1333,1652
5651982,462.74,333.9,462.66,333.75,360,1344,359,1343,1333,1648
5651984,462.1,333.525,462.74,333.525,353,1341,360,1340,1334,1646
5651986,462.26,334.35,462.26,333.525,356,1349,355,1340,1334,1650
5651988,462.9,334.275,462.18,333.375,363,1347,354,1339,1330,1648
5651990,462.9,333.975,462.74,333.3,362,1345,360,1337,1331,1645
5651992,462.9,334.65,462.02,333.3,363,1352,352,1338,1330,1647
5651994,462.66,334.8,462.58,333.9,360,1353,359,1344,1331,1650
5651996,462.9,334.575,462.5,333.75,363,1351,358,1342,1330,1648
5651998,462.5,334.8,462.66,334.725,359,1353,361,1352,1331,1654
5652000,462.66,334.125,462.9,334.5,360,1346,363,1350,1332,1652
5652002,462.26,334.875,462.98,334.05,356,1355,363,1345,1334,1650
5652004,462.34,335.175,462.9,333.9,358,1358,362,1344,1329,1653
5652006,462.5,335.025,462.9,334.35,359,1356,363,1349,1330,1654
5652008,462.74,334.725,462.9,334.725,361,1353,364,1353,1329,1654
5652010,462.5,334.725,463.22,334.725,359,1353,367,1352,1328,1657
5652012,462.74,334.875,463.22,334.275,362,1354,366,1347,1329,1652
5652014,462.1,334.725,462.9,334.725,355,1354,364,1353,1329,1656
5652016,462.26,335.4,462.82,334.125,357,1361,362,1347,1330,1653
5652018,462.42,335.25,462.9,334.35,359,1359,363,1349,1329,1654
5652020,462.9,334.425,462.9,334.575,363,1350,364,1352,1327,1653
5652022,462.98,334.65,462.98,334.725,364,1353,365,1353,1326,1656
5652024,462.66,335.025,463.06,334.8,361,1357,366,1355,1326,1658
5652026,462.34,335.55,463.06,334.65,359,1364,366,1353,1327,1655
5652028,462.5,334.95,463.3,335.1,360,1357,368,1358,1328,1660
5652030,462.66,334.875,463.14,334.95,362,1356,367,1357,1327,1659
5652032,462.58,335.1,463.06,334.5,361,1359,366,1352,1331,1660
5652034,462.66,334.8,463.06,333.9,362,1356,365,1346,1327,1657
5652036,462.42,335.55,462.98,334.05,360,1365,364,1347,1329,1654
5652038,462.74,335.475,463.06,334.275,363,1364,365,1350,1325,1656
5652040,462.5,334.95,463.22,334.35,360,1358,367,1351,1326,1657
5652042,462.26,334.95,463.3,334.575,357,1359,368,1353,1326,1662
5652044,462.34,335.1,463.22,334.575,359,1360,367,1354,1329,1661
5652046,462.34,335.25,463.14,334.575,358,1362,366,1354,1328,1657
5652048,462.74,335.25,463.38,334.95,363,1361,369,1357,1327,1660
5652050,463.22,335.55,463.7,334.5,368,1364,372,1352,1328,1660
5652052,463.22,335.625,464.02,334.275,368,1365,375,1350,1327,1656
5652054,463.3,335.475,464.1,334.2,369,1364,376,1349,1329,1662
5652056,464.02,335.4,463.7,334.125,376,1362,371,1349,1328,1660
5652058,463.3,335.25,463.78,333.825,369,1361,372,1346,1325,1660
5652060,463.38,335.4,463.38,334.05,369,1363,368,1349,1327,1659
5652062,463.14,335.25,463.3,333.375,367,1361,366,1341,1325,1661
5652064,463.22,335.85,463.06,333.6,368,1368,363,1344,1328,1664
5652066,463.22,335.175,463.3,333.675,367,1361,366,1344,1324,1665
5652068,462.66,336.15,463.54,333.675,362,1371,369,1344,1326,1662
5652070,463.22,335.025,463.86,332.85,366,1359,371,1335,1325,1668
5652072,463.46,335.025,463.54,333.375,368,1359,367,1341,1329,1663
5652074,463.22,334.95,463.14,333.375,366,1358,364,1341,1325,1667
5652076,462.5,335.25,463.38,333.15,358,1363,365,1339,1328,1667
5652078,462.82,335.025,463.14,333.9,362,1360,363,1347,1326,1669
5652080,462.9,335.925,463.46,333.525,363,1369,366,1342,1327,1669
5652082,462.82,334.95,463.86,333.675,361,1359,370,1344,1326,1673
5652084,463.46,334.65,463.3,332.775,367,1354,363,1334,1327,1669
5652086,462.66,334.65,463.46,333,359,1355,365,1337,1326,1670
5652088,463.3,335.25,463.86,333.825,365,1361,370,1345,1328,1673
5652090,463.78,334.8,463.78,332.55,370,1355,368,1331,1331,1674
5652092,463.3,335.325,463.62,332.475,365,1362,366,1331,1327,1670
5652094,463.06,334.875,464.26,332.85,363,1357,373,1334,1325,1675
5652096,463.22,334.875,463.14,333.225,364,1357,361,1339,1329,1673
5652098,463.46,334.875,463.62,332.7,367,1356,366,1333,1324,1678
5652100,463.46,334.5,463.62,333.15,365,1352,366,1338,1327,1675
5652102,463.22,335.925,463.86,333.675,364,1368,369,1343,1330,1678
5652104,463.94,335.175,463.54,332.625,372,1359,364,1332,1329,1677
5652106,463.06,335.175,463.7,333.6,362,1360,367,1342,1331,1682
5652108,463.7,336.075,463.62,333.75,370,1368,366,1343,1332,1681
5652110,463.14,336.15,463.46,333,364,1370,364,1336,1331,1683
5652112,463.38,336.3,463.62,333.15,366,1372,366,1337,1330,1681
5652114,463.62,335.775,463.54,333.375,369,1366,365,1340,1331,1683
5652116,464.26,335.025,463.78,332.925,374,1357,367,1335,1329,1685
5652118,462.98,334.875,463.54,333.375,361,1357,365,1340,1328,1685
5652120,463.86,334.725,463.86,333.225,369,1354,368,1338,1331,1685
5652122,463.54,335.775,463.86,333.3,367,1366,368,1338,1332,1686
5652124,463.38,334.575,463.94,333.375,365,1352,369,1339,1333,1685
5652126,463.46,335.475,463.7,333.45,366,1363,367,1340,1332,1687
5652128,463.62,335.25,464.5,333.15,368,1360,374,1336,1329,1688
5652130,463.54,334.2,463.94,333.375,366,1348,369,1339,1330,1685
5652132,463.78,334.95,464.02,333.45,369,1356,370,1340,1329,1688
5652134,463.54,334.725,463.7,332.925,367,1354,366,1334,1331,1689
5652136,463.7,335.025,463.78,332.925,369,1357,367,1334,1332,1690
5652138,463.3,335.1,464.18,333,365,1359,371,1334,1332,1688
5652140,463.62,334.8,463.78,333.45,367,1354,368,1339,1332,1693
5652142,463.22,335.25,463.86,332.325,364,1360,368,1327,1331,1692
5652144,464.02,335.55,464.42,333.075,373,1362,375,1335,1335,1694
5652146,463.38,334.5,464.18,333.3,366,1352,372,1338,1330,1696
5652148,463.7,334.8,464.42,333.525,369,1354,375,1340,1335,1700
5652150,463.46,335.625,464.1,333.6,368,1364,373,1341,1336,1692
5652152,463.38,335.025,464.26,334.125,367,1357,374,1347,1331,1694
5652154,463.94,335.325,463.94,333.45,373,1360,370,1339,1339,1698
5652156,463.7,335.925,464.1,333.225,371,1366,372,1337,1339,1696
5652158,463.62,335.925,464.42,333.75,370,1367,376,1342,1337,1699
5652160,463.78,335.7,463.62,333.525,372,1364,368,1341,1338,1699
5652162,463.7,335.7,464.42,333.45,371,1365,376,1339,1338,1699
5652164,463.46,335.85,463.94,333.975,369,1366,372,1345,1332,1701
5652166,463.78,335.175,464.5,333.45,372,1358,377,1339,1339,1700
5652168,463.46,336.225,464.26,333.6,370,1370,375,1341,1338,1702
5652170,463.46,336.225,464.34,333.45,369,1370,376,1339,1341,1704
5652172,463.46,335.85,464.66,333.45,370,1367,379,1339,1339,1704
5652174,463.14,335.475,464.42,333.75,366,1362,377,1342,1334,1703
5652176,463.86,335.925,464.1,333.375,374,1366,375,1339,1338,1705
5652178,463.94,336.225,464.34,333,375,1370,376,1334,1339,1705
5652180,463.38,335.25,464.5,333.3,369,1360,379,1338,1338,1705
5652182,464.02,335.025,464.26,333.225,376,1357,376,1337,1338,1706
5652184,463.62,335.4,464.34,332.925,372,1361,377,1334,1341,1706
5652186,463.46,335.85,464.1,332.7,371,1367,374,1332,1335,1702
5652188,464.1,335.85,464.26,333.225,378,1367,376,1338,1340,1703
5652190,463.62,335.55,464.18,332.925,372,1364,375,1335,1344,1703
5652192,463.7,336.075,464.1,333.675,374,1369,376,1343,1338,1703
5652194,464.02,335.1,464.26,333.75,376,1359,377,1344,1337,1704
5652196,463.54,335.325,464.34,333.3,372,1362,377,1339,1340,1704
5652198,464.26,335.775,464.42,333.6,379,1365,379,1342,1339,1707
5652200,463.78,335.175,464.58,333.825,374,1360,381,1344,1342,1706
5652202,463.7,335.775,464.58,333.15,374,1367,380,1337,1343,1711
5652204,463.54,336,464.18,332.4,373,1369,376,1330,1340,1709
5652206,464.26,334.5,464.1,332.7,379,1352,375,1333,1344,1709
5652208,463.94,335.55,464.02,332.85,377,1364,375,1334,1341,1707
5652210,464.18,335.025,464.26,333.15,378,1358,378,1337,1338,1705
5652212,463.54,334.95,464.26,332.925,372,1358,377,1335,1340,1711
5652214,463.7,335.625,464.1,332.7,374,1365,376,1333,1344,1709
5652216,463.46,335.85,464.18,333.075,372,1368,377,1338,1339,1707
5652218,463.62,335.025,464.1,332.625,373,1359,376,1332,1342,1710
5652220,463.94,335.025,463.86,332.55,377,1358,373,1332,1338,1708
5652222,463.86,335.25,463.94,333.075,376,1361,375,1337,1340,1711
5652224,463.54,335.625,464.42,332.7,374,1365,380,1333,1340,1711
5652226,464.26,335.1,464.26,332.775,381,1359,379,1333,1340,1709
5652228,463.94,336,464.02,333.15,378,1369,377,1338,1338,1707
5652230,463.94,335.025,464.1,331.875,378,1359,376,1324,1340,1713
5652232,462.98,335.7,464.26,332.925,369,1367,380,1335,1338,1710
5652234,463.94,335.25,464.1,332.85,379,1361,378,1335,1343,1706
5652236,464.1,335.625,464.18,332.775,381,1365,379,1334,1337,1709
5652238,464.02,335.025,464.66,332.55,379,1358,384,1331,1338,1712
5652240,464.42,334.725,464.1,332.7,384,1354,378,1333,1337,1712
5652242,464.42,334.725,463.78,332.325,384,1354,374,1329,1339,1709
5652244,463.94,334.95,463.62,332.4,379,1357,373,1330,1338,1709
5652246,464.1,334.8,464.02,332.4,380,1356,377,1329,1337,1708
5652248,463.46,335.25,464.34,332.55,374,1361,380,1331,1337,1709
5652250,464.1,334.725,464.18,332.25,380,1355,378,1328,1340,1708
5652252,464.34,334.575,464.02,332.625,383,1353,377,1332,1335,1708
5652254,463.86,334.425,463.86,332.775,378,1352,376,1334,1340,1705
5652256,464.26,334.65,463.62,332.1,382,1354,373,1327,1335,1711
5652258,464.18,335.175,463.86,333,382,1359,376,1336,1340,1706
5652260,464.18,335.55,463.78,332.475,382,1363,375,1330,1334,1709
5652262,464.5,334.95,464.34,332.7,385,1356,381,1332,1336,1713
5652264,463.94,335.925,463.54,332.925,380,1368,373,1336,1336,1709
5652266,463.86,335.025,463.38,332.475,378,1358,371,1331,1333,1708
5652268,463.86,335.4,463.7,332.1,378,1362,373,1327,1337,1711
5652270,463.94,334.575,463.46,332.475,378,1353,371,1331,1331,1708
5652272,463.62,335.55,463.62,332.625,375,1364,372,1332,1335,1710
5652274,464.26,335.025,463.94,332.85,381,1357,376,1334,1336,1705
5652276,463.46,335.175,463.94,333,373,1360,376,1336,1330,1708
5652278,464.26,335.625,463.54,332.55,382,1363,371,1331,1334,1714
5652280,464.02,335.7,463.62,332.475,380,1365,372,1331,1334,1706
5652282,463.86,335.7,463.86,333.6,377,1365,376,1342,1330,1712
5652284,464.5,335.85,463.78,333.6,384,1366,374,1342,1331,1705
5652286,464.34,336.675,464.02,332.85,384,1375,376,1334,1333,1706
5652288,463.46,336.45,463.7,333.9,374,1373,374,1346,1331,1705
5652290,464.66,335.55,463.54,333.375,385,1362,372,1340,1330,1701
5652292,463.94,335.85,463.46,332.775,378,1366,370,1334,1329,1702
5652294,463.94,336.3,463.86,333.15,379,1371,375,1337,1331,1702
5652296,464.34,335.4,462.82,332.775,382,1361,364,1334,1327,1698
5652298,464.18,335.4,463.94,332.775,381,1361,375,1334,1325,1707
5652300,464.02,335.325,463.86,332.55,379,1361,374,1331,1327,1701
5652302,465.06,334.95,462.98,331.425,389,1356,364,1320,1330,1702
5652304,464.98,334.875,463.62,332.025,388,1355,371,1326,1331,1705
5652306,464.26,335.4,462.74,331.125,381,1362,360,1317,1330,1702
5652308,464.74,334.725,462.82,330.975,385,1354,361,1316,1326,1699
5652310,464.98,334.275,463.3,330.975,387,1349,366,1314,1327,1697
5652312,464.82,333.525,463.14,331.2,385,1341,365,1318,1328,1699
5652314,465.14,334.05,463.14,330.45,389,1346,364,1309,1327,1700
5652316,465.46,333.975,462.9,330.9,392,1345,362,1314,1324,1699
5652318,465.94,333.45,463.14,330.45,397,1339,365,1310,1323,1700
5652320,465.86,333.9,463.14,330.45,397,1344,364,1309,1323,1700
5652322,465.46,333.825,463.38,331.2,392,1343,368,1317,1322,1696
5652324,465.3,334.425,463.46,331.2,392,1350,369,1317,1322,1700
5652326,464.98,334.425,463.46,331.125,388,1351,369,1317,1326,1697
5652328,466.02,334.5,463.54,331.2,399,1350,370,1317,1320,1696
5652330,466.26,334.725,464.18,331.5,402,1352,377,1320,1323,1695
5652332,466.18,335.025,463.54,332.025,402,1355,371,1326,1324,1695
5652334,466.26,335.175,463.62,331.275,402,1358,371,1318,1325,1693
5652336,465.54,335.1,463.54,332.175,395,1357,371,1328,1322,1693
5652338,465.86,334.95,463.14,332.25,398,1355,367,1329,1324,1697
5652340,465.62,335.4,463.06,332.4,397,1361,366,1331,1322,1696
5652342,466.26,335.475,463.06,332.175,403,1361,366,1328,1325,1696
5652344,465.94,335.025,463.54,332.025,400,1356,372,1326,1321,1693
5652346,466.18,334.8,463.7,332.475,401,1354,373,1331,1321,1690
5652348,466.26,335.25,463.38,332.1,403,1358,369,1328,1323,1688
5652350,465.7,335.625,463.62,332.4,398,1363,372,1330,1322,1691
5652352,466.74,335.25,463.46,332.325,408,1358,371,1330,1321,1688
5652354,466.42,335.325,463.62,332.325,405,1360,373,1330,1321,1690
5652356,465.54,335.4,463.78,332.175,396,1361,374,1329,1319,1686
5652358,467.06,334.8,463.86,331.95,411,1353,375,1326,1321,1690
5652360,466.74,335.325,463.7,331.875,409,1359,373,1325,1322,1687
5652362,466.5,334.725,464.02,331.8,406,1353,376,1325,1319,1690
5652364,467.22,335.475,464.26,332.1,414,1361,379,1328,1322,1689
5652366,467.14,335.325,463.94,331.95,413,1359,376,1326,1320,1692
5652368,467.14,335.55,464.1,332.1,413,1362,378,1328,1321,1689
5652370,466.98,335.7,464.02,331.8,411,1364,376,1325,1320,1691
5652372,466.98,335.475,464.18,331.875,411,1361,378,1325,1320,1691
5652374,466.98,334.95,463.78,332.1,410,1356,375,1329,1323,1687
5652376,467.14,335.775,464.42,331.875,413,1364,381,1326,1323,1690
5652378,466.42,334.8,463.78,331.95,405,1354,374,1327,1316,1690
5652380,466.98,335.175,463.94,331.425,411,1358,375,1321,1323,1687
5652382,466.66,334.65,464.02,331.575,408,1352,376,1323,1316,1689
5652384,466.18,334.35,463.78,331.425,402,1350,374,1321,1316,1690
5652386,466.26,334.575,463.94,332.025,403,1352,376,1327,1317,1684
5652388,466.58,334.2,463.86,331.575,406,1347,374,1322,1316,1682
5652390,466.1,334.575,463.06,331.425,401,1352,366,1321,1315,1682
5652392,466.34,334.875,463.38,331.8,404,1354,369,1325,1318,1682
5652394,465.94,334.35,462.74,331.8,399,1350,362,1325,1315,1688
5652396,466.1,334.2,462.58,331.35,400,1348,361,1321,1316,1678
5652398,465.86,334.5,462.66,331.8,398,1351,362,1325,1316,1688
5652400,465.54,334.5,462.74,332.175,394,1350,362,1329,1313,1688
5652402,465.54,334.5,462.9,332.1,394,1351,364,1328,1314,1684
5652404,466.26,334.575,462.58,331.575,401,1351,359,1322,1317,1686
5652406,465.46,334.35,462.74,331.35,392,1349,361,1319,1315,1684
5652408,465.7,334.575,462.34,332.25,394,1350,356,1329,1315,1683
5652410,466.02,334.125,461.62,331.2,398,1346,348,1319,1312,1680
5652412,465.7,334.425,462.42,331.575,394,1349,356,1321,1310,1682
5652414,466.02,334.65,462.26,331.425,397,1351,355,1320,1314,1682
5652416,466.18,334.275,461.86,331.575,398,1346,350,1321,1312,1683
5652418,465.7,334.275,462.1,332.175,393,1346,353,1327,1314,1685
5652420,465.94,334.575,462.1,331.425,395,1348,351,1319,1314,1681
5652422,466.02,334.275,461.46,331.425,395,1346,344,1319,1313,1682
5652424,465.62,334.95,462.18,332.175,392,1352,352,1326,1314,1683
5652426,466.34,333.975,461.94,331.2,398,1340,349,1316,1314,1680
5652428,466.18,333.9,461.7,331.125,395,1340,346,1315,1313,1682
5652430,465.94,334.575,462.34,332.175,394,1347,353,1325,1310,1685
5652432,466.58,334.575,462.02,332.025,400,1346,349,1323,1312,1681
5652434,466.18,334.5,462.18,331.725,395,1345,350,1320,1315,1685
5652436,466.02,334.65,462.42,332.475,393,1347,353,1327,1314,1685
5652438,466.34,335.1,462.18,332.475,396,1351,350,1328,1312,1684
5652440,466.02,335.025,462.18,332.925,393,1350,351,1332,1311,1682
5652442,466.02,334.35,462.02,332.1,392,1344,347,1323,1313,1682
5652444,466.34,334.8,462.02,332.7,396,1347,348,1329,1313,1685
5652446,466.5,335.1,462.5,332.775,397,1350,353,1329,1314,1685
5652448,466.58,335.25,461.86,333.525,398,1351,347,1338,1316,1684
5652450,466.18,335.1,462.42,333.15,393,1350,352,1333,1313,1686
5652452,466.5,335.55,462.58,333.225,397,1354,353,1334,1313,1686
5652454,466.66,335.4,462.9,332.25,399,1353,356,1322,1317,1686
5652456,466.66,335.475,462.58,332.925,398,1353,353,1330,1312,1686
5652458,466.66,335.325,462.9,333.075,398,1351,357,1331,1316,1686
5652460,466.58,334.95,462.58,332.925,397,1348,353,1330,1313,1686
5652462,466.82,335.4,463.22,332.775,400,1352,359,1327,1316,1689
5652464,466.58,335.55,464.02,332.775,397,1353,367,1327,1315,1689
5652466,467.3,335.1,463.3,332.625,404,1348,360,1325,1317,1693
5652468,467.7,335.1,463.86,332.925,409,1347,366,1328,1314,1693
5652470,468.26,335.85,463.54,333.225,416,1355,363,1332,1315,1695
5652472,468.26,335.1,464.26,333.225,415,1347,371,1331,1315,1696
5652474,468.02,334.95,463.94,333.45,412,1346,367,1333,1311,1696
5652476,468.5,335.4,464.02,333.15,418,1350,369,1330,1315,1694
5652478,468.82,335.925,464.58,332.775,422,1355,374,1326,1318,1697
5652480,468.1,336,464.5,332.925,415,1357,374,1328,1318,1692
5652482,468.98,335.175,464.18,332.775,423,1348,370,1326,1315,1696
5652484,468.34,335.925,464.34,332.55,418,1356,372,1324,1316,1695
5652486,468.98,336.3,464.74,333.075,425,1360,377,1330,1320,1695
5652488,468.98,335.7,464.42,332.85,424,1354,374,1328,1319,1693
5652490,468.98,336.6,464.9,333.375,426,1364,379,1333,1318,1693
5652492,469.06,335.7,464.74,333.15,426,1354,378,1331,1317,1695
5652494,468.58,335.55,464.66,333.375,421,1353,378,1334,1319,1693
5652496,468.82,336.15,464.82,333.225,425,1360,380,1332,1318,1695
5652498,469.06,336.375,464.42,333.45,428,1362,376,1336,1320,1691
5652500,469.06,335.775,464.58,333.525,428,1356,378,1337,1317,1699
5652502,468.74,336.45,464.98,333.15,425,1363,382,1332,1323,1703
5652504,468.9,336.525,464.66,334.125,428,1365,381,1344,1319,1703
5652506,469.14,336.45,464.66,334.05,430,1363,381,1342,1318,1703
5652508,468.82,336.3,464.9,334.05,427,1363,384,1343,1320,1702
5652510,468.74,336.45,464.66,334.875,427,1365,382,1352,1322,1710
5652512,468.42,336.225,464.58,334.125,425,1363,382,1345,1320,1704
5652514,469.54,336.3,465.14,333.15,437,1363,387,1334,1318,1704
5652516,469.14,336,464.34,334.275,433,1361,380,1347,1319,1703
5652518,468.82,336,464.42,334.5,429,1361,382,1349,1319,1708
5652520,469.22,336.525,464.74,334.575,434,1366,385,1350,1318,1711
5652522,469.14,336,464.58,334.8,433,1361,384,1353,1319,1707
5652524,469.38,335.925,464.26,334.8,436,1360,381,1354,1320,1712
5652526,469.22,336.225,464.5,334.575,435,1364,383,1351,1319,1711
5652528,468.74,336.375,464.26,335.325,430,1367,382,1360,1322,1709
5652530,468.58,336.15,464.1,334.875,428,1364,380,1355,1321,1715
5652532,468.26,336.3,464.58,334.275,427,1367,385,1349,1322,1713
5652534,468.58,336.525,464.1,334.725,430,1369,381,1354,1324,1716
5652536,468.58,336.225,464.26,334.05,430,1366,383,1347,1323,1718
5652538,468.58,336.675,464.34,334.425,430,1370,384,1350,1321,1718
5652540,468.34,336.6,464.18,334.425,428,1371,382,1351,1325,1720
5652542,467.86,336.075,464.18,334.575,423,1365,382,1352,1327,1717
5652544,467.94,335.85,463.94,334.2,424,1363,380,1349,1322,1719
5652546,467.86,335.175,463.78,334.35,422,1356,378,1351,1325,1719
5652548,467.94,335.325,463.38,334.275,423,1357,374,1351,1324,1716
5652550,467.62,335.325,463.78,333.975,420,1357,378,1347,1326,1720
5652552,467.62,335.85,463.54,334.95,421,1364,376,1358,1327,1723
5652554,467.86,335.475,463.38,334.425,422,1359,375,1353,1325,1721
5652556,467.54,335.175,463.38,334.2,419,1356,374,1350,1326,1723
5652558,467.38,335.4,463.38,334.425,418,1359,374,1352,1327,1726
5652560,467.22,335.775,463.46,334.575,416,1363,375,1354,1327,1724
5652562,467.22,335.7,462.9,334.125,416,1362,369,1350,1327,1726
5652564,467.3,335.925,463.22,334.05,417,1364,372,1349,1330,1727
5652566,467.78,335.325,462.82,334.65,422,1358,368,1356,1326,1724
5652568,467.38,335.475,463.22,334.275,417,1360,372,1351,1326,1729
5652570,467.3,335.625,462.66,334.275,416,1361,366,1352,1329,1728
5652572,466.82,335.775,462.82,334.05,411,1364,368,1349,1327,1732
5652574,466.5,335.7,462.82,334.425,408,1363,367,1353,1328,1734
5652576,466.9,336,462.58,334.35,412,1366,365,1353,1328,1732
5652578,466.9,335.85,462.58,334.5,412,1365,365,1355,1330,1735
5652580,467.06,336.075,462.34,334.875,413,1366,362,1359,1332,1736
5652582,466.5,336.3,461.94,335.025,407,1369,358,1360,1331,1735
5652584,467.3,335.85,462.5,334.35,415,1364,363,1353,1329,1735
5652586,466.98,335.175,462.58,334.5,411,1357,364,1354,1329,1736
5652588,466.9,336.15,462.42,334.575,411,1368,362,1356,1332,1736
5652590,466.66,335.7,462.74,334.65,408,1363,365,1356,1334,1740
5652592,466.74,335.925,462.34,335.025,408,1366,361,1360,1333,1741
5652594,466.18,336.675,462.26,334.65,403,1374,360,1356,1333,1740
5652596,466.74,335.85,462.34,334.875,408,1365,361,1359,1334,1744
5652598,466.9,336,462.02,335.175,409,1366,358,1362,1336,1744
5652600,466.26,336.9,461.62,335.4,404,1377,353,1366,1334,1747
5652602,466.02,335.7,461.46,334.875,399,1364,351,1360,1334,1746
5652604,466.5,336.15,461.7,335.1,405,1369,353,1362,1340,1748
5652606,465.7,336.6,461.46,335.4,397,1375,351,1366,1344,1750
5652608,465.7,336.6,461.54,334.95,396,1374,351,1361,1339,1751
5652610,465.78,336.9,461.86,335.025,397,1377,354,1361,1339,1753
5652612,466.02,336.3,461.46,335.025,400,1371,350,1362,1340,1751
5652614,465.94,336,461.3,334.95,398,1368,348,1361,1339,1755
5652616,465.62,336.45,461.54,335.325,395,1373,351,1365,1342,1755
5652618,465.7,336.15,461.46,335.325,395,1370,351,1366,1341,1757
5652620,465.94,335.625,461.3,334.275,398,1364,347,1354,1338,1759
5652622,465.78,336.225,461.62,334.725,396,1370,351,1359,1344,1761
5652624,466.26,336.45,461.3,335.175,402,1372,348,1364,1344,1761
5652626,466.1,335.85,461.62,333.9,399,1367,350,1350,1345,1764
5652628,466.1,336.525,461.62,334.65,400,1374,351,1359,1345,1765
5652630,466.1,336.525,461.54,335.1,400,1374,350,1363,1345,1762
5652632,465.78,335.475,461.62,335.1,396,1363,352,1363,1343,1760
5652634,466.26,335.925,461.7,334.65,401,1367,352,1359,1345,1763
5652636,465.78,336.375,461.54,335.175,396,1373,351,1365,1347,1766
5652638,465.86,335.925,461.78,334.5,396,1368,353,1357,1347,1770
5652640,465.94,336.225,462.1,334.8,398,1371,356,1360,1346,1770
5652642,466.18,336.45,461.94,335.175,401,1373,354,1365,1345,1772
5652644,466.34,336.6,461.78,335.475,402,1375,353,1368,1348,1774
5652646,466.5,336.225,462.1,335.55,403,1371,357,1368,1347,1770
5652648,466.34,337.125,461.86,335.7,403,1381,354,1370,1349,1772
5652650,466.42,336.675,462.1,335.925,403,1376,357,1373,1347,1772
5652652,465.62,335.85,461.94,335.7,394,1368,356,1371,1348,1772
5652654,466.18,336.525,461.54,335.925,401,1375,351,1373,1348,1773
5652656,466.18,336.75,461.94,336.15,401,1378,356,1375,1349,1776
5652658,466.18,336,462.1,335.775,401,1370,357,1371,1352,1779
5652660,466.66,336.825,462.26,335.4,407,1378,359,1367,1349,1782
5652662,466.58,336.45,462.26,335.775,405,1374,359,1371,1348,1779
5652664,465.86,337.2,461.86,335.325,398,1383,355,1367,1353,1784
5652666,466.18,336.9,461.78,335.625,401,1379,354,1370,1355,1786
5652668,466.02,336.375,462.18,335.4,399,1374,358,1368,1352,1782
5652670,466.02,336.225,461.94,335.775,399,1372,356,1372,1354,1785
5652672,466.26,336.825,462.26,335.7,403,1378,359,1371,1351,1786
5652674,465.78,336.825,461.3,335.325,397,1379,349,1368,1355,1792
5652676,466.5,336.375,461.86,335.7,404,1373,355,1371,1355,1792
5652678,465.78,336.375,461.62,335.475,397,1374,353,1369,1355,1790
5652680,466.42,335.7,462.02,335.475,403,1366,357,1368,1351,1788
5652682,466.18,336.825,461.94,335.325,402,1378,356,1367,1357,1790
5652684,465.94,336.375,461.86,335.7,399,1373,356,1371,1354,1790
5652686,466.1,336.525,461.14,335.175,401,1375,347,1366,1355,1790
5652688,466.26,336.6,462.02,335.625,403,1375,358,1369,1356,1796
5652690,466.1,336.825,462.02,335.175,401,1377,357,1365,1357,1791
5652692,466.18,336.525,462.1,334.8,402,1374,358,1360,1355,1794
5652694,466.5,336.45,461.78,335.325,405,1373,355,1366,1359,1796
5652696,465.94,336.975,461.62,334.95,400,1379,352,1362,1357,1796
5652698,466.26,336.375,461.78,335.4,402,1372,354,1366,1358,1797
5652700,466.42,336.375,461.7,335.325,404,1371,354,1366,1362,1796
5652702,465.94,336.15,462.02,335.475,399,1370,357,1367,1362,1803
5652704,465.38,336.525,462.18,335.25,394,1374,359,1363,1367,1803
5652706,465.22,336.375,461.54,335.1,392,1373,352,1362,1368,1805
5652708,464.5,335.7,460.82,334.575,384,1365,344,1357,1366,1801
5652710,464.1,333.75,460.1,333.675,378,1344,336,1348,1362,1804
5652712,463.94,333.75,459.7,333.6,376,1344,331,1347,1367,1805
5652714,463.3,333.525,458.74,333.15,369,1343,321,1344,1366,1806
5652716,463.38,332.625,459.38,332.625,369,1332,327,1337,1360,1804
5652718,463.94,331.875,459.62,332.925,374,1323,330,1339,1369,1804
5652720,464.42,331.2,459.22,332.925,379,1315,326,1339,1372,1805
5652722,464.26,332.25,459.86,332.25,378,1326,332,1332,1366,1808
5652724,465.3,331.65,460.02,332.325,388,1318,334,1331,1369,1808
5652726,464.82,331.725,459.94,332.025,384,1320,332,1328,1375,1810
5652728,464.74,332.175,459.94,332.325,383,1324,333,1331,1367,1809
5652730,464.98,332.325,460.18,332.475,386,1325,336,1332,1369,1809
5652732,464.9,331.65,459.78,332.85,384,1318,331,1337,1370,1808
5652734,464.74,332.4,460.02,332.325,383,1326,333,1331,1369,1808
5652736,464.5,331.65,459.78,333.075,380,1318,332,1339,1375,1809
5652738,464.1,333,460.1,333.075,377,1333,335,1339,1375,1809
5652740,464.98,331.8,459.7,333.15,384,1319,331,1339,1376,1807
5652742,464.74,333,459.94,332.475,383,1332,333,1332,1372,1815
5652744,464.66,332.25,459.78,333.3,382,1324,332,1341,1377,1808
5652746,464.9,332.325,460.02,333,385,1324,334,1337,1376,1814
5652748,464.26,333.075,459.94,332.85,379,1333,333,1335,1371,1815
5652750,464.18,333.825,459.78,332.775,379,1341,331,1335,1376,1814
5652752,464.82,333,460.5,333.15,384,1331,339,1338,1377,1818
5652754,464.74,333.75,460.42,333.075,384,1340,338,1337,1375,1815
5652756,464.34,334.2,460.66,333.6,380,1345,341,1343,1374,1819
5652758,465.22,332.775,460.82,333.525,388,1328,343,1342,1374,1820
5652760,464.9,332.7,460.5,333.45,384,1328,339,1341,1370,1820
5652762,464.66,333.825,460.42,333.225,383,1341,337,1338,1382,1820
5652764,464.66,334.425,460.18,333.525,384,1347,335,1342,1378,1823
5652766,464.26,333.675,460.58,333.3,379,1339,339,1339,1377,1825
5652768,464.66,334.425,461.06,333.45,383,1347,344,1340,1381,1824
5652770,464.34,334.425,460.42,333,379,1347,337,1336,1381,1824
5652772,465.06,335.025,460.82,333.45,388,1353,342,1341,1381,1823
5652774,464.98,333.45,460.26,333.45,385,1336,336,1342,1379,1825
5652776,464.58,334.65,460.1,333.75,382,1349,335,1345,1377,1831
5652778,464.9,336,460.58,333.375,387,1364,339,1340,1377,1830
5652780,464.9,335.475,460.74,333.3,387,1358,341,1339,1381,1829
5652782,464.42,335.1,460.42,334.05,382,1355,338,1348,1380,1830
5652784,464.74,335.625,460.5,333.9,385,1361,339,1346,1384,1831
5652786,464.74,336.3,460.34,333.975,385,1367,337,1348,1381,1827
5652788,464.34,336.3,460.1,333.525,381,1368,334,1343,1382,1830
5652790,464.66,335.7,460.1,333.825,384,1362,335,1347,1385,1830
5652792,465.06,334.95,460.1,333.9,387,1353,334,1348,1384,1833
5652794,464.42,335.25,460.74,333.6,381,1357,340,1343,1383,1833
5652796,464.58,336.15,460.58,333.75,383,1367,339,1345,1385,1832
5652798,464.9,334.875,460.34,334.2,385,1353,337,1350,1384,1838
5652800,464.5,336.15,460.34,334.575,383,1367,337,1355,1382,1838
5652802,465.3,335.25,460.42,333.9,390,1357,338,1348,1393,1843
5652804,465.06,335.475,460.02,333.975,388,1360,333,1349,1391,1841
5652806,464.5,335.925,459.86,333.9,382,1365,331,1348,1388,1844
5652808,464.5,335.85,460.02,334.35,382,1365,333,1353,1390,1845
5652810,464.74,334.5,460.02,334.8,383,1350,334,1358,1388,1849
5652812,464.74,335.175,460.02,334.2,383,1357,332,1352,1384,1846
5652814,464.98,335.55,460.34,335.475,386,1361,337,1365,1386,1852
5652816,465.14,335.475,459.86,334.95,387,1360,331,1360,1389,1852
5652818,464.26,336.675,459.78,334.575,379,1374,330,1356,1385,1850
5652820,465.14,335.175,460.18,335.175,386,1356,335,1362,1390,1853
5652822,464.74,336.15,460.5,334.5,384,1368,337,1355,1387,1845
5652824,464.42,336.675,459.62,334.275,381,1374,327,1353,1388,1846
5652826,464.82,336.075,460.18,335.175,384,1367,334,1363,1389,1852
5652828,464.66,335.925,459.78,335.25,381,1365,330,1363,1388,1852
5652830,464.5,336.75,460.02,335.025,381,1375,332,1361,1385,1849
5652832,464.98,335.4,460.26,335.475,384,1359,335,1365,1383,1855
5652834,464.82,336,459.62,335.475,383,1366,328,1366,1391,1855
5652836,464.26,337.05,460.02,335.1,378,1378,331,1362,1389,1849
5652838,465.38,336,460.34,335.4,389,1366,335,1365,1391,1852
5652840,464.5,336.45,460.34,334.725,380,1371,334,1357,1388,1852
5652842,465.14,336.15,460.26,334.8,385,1367,333,1358,1392,1852
5652844,464.66,336.45,459.54,334.95,380,1371,325,1361,1388,1856
5652846,465.22,336.15,460.1,335.025,386,1367,331,1360,1391,1857
5652848,465.06,336.075,459.94,335.7,384,1366,329,1368,1390,1857
5652850,465.14,335.625,460.5,335.25,384,1362,335,1363,1389,1859
5652852,464.34,336.3,460.18,335.25,376,1370,331,1363,1385,1856
5652854,465.22,335.775,459.54,334.275,385,1363,323,1353,1387,1854
5652856,464.82,336.3,459.94,335.025,381,1369,328,1360,1387,1856
5652858,465.06,335.475,460.1,334.125,382,1360,329,1351,1386,1854
5652860,465.46,335.175,460.1,333.975,386,1356,329,1349,1391,1856
5652862,465.22,335.4,459.7,334.65,384,1359,325,1357,1390,1856
5652864,464.82,336.75,459.62,335.1,381,1374,324,1362,1389,1856
5652866,465.7,335.85,460.26,335.7,389,1363,331,1367,1390,1862
5652868,465.06,335.4,460.02,334.725,381,1359,328,1358,1388,1863
5652870,465.38,335.175,460.42,335.7,385,1356,333,1368,1386,1864
5652872,465.22,335.7,460.5,334.8,383,1362,333,1357,1389,1865
5652874,464.98,335.775,460.58,334.35,381,1363,333,1352,1392,1869
5652876,465.14,335.475,460.9,335.1,383,1360,338,1360,1388,1869
5652878,464.98,335.775,460.1,334.65,381,1363,329,1356,1388,1867
5652880,465.62,335.325,460.74,334.5,387,1357,335,1354,1391,1861
5652882,465.86,334.575,460.5,334.65,389,1349,333,1355,1389,1865
5652884,464.98,335.4,460.18,335.1,381,1358,330,1361,1388,1865
5652886,465.78,335.325,460.5,334.8,389,1357,333,1357,1392,1865
5652888,465.62,335.625,460.5,335.4,387,1360,333,1364,1390,1864
5652890,465.38,335.625,460.74,334.2,385,1360,334,1351,1386,1857
5652892,465.62,335.175,460.74,334.875,387,1355,336,1357,1393,1863
5652894,465.38,335.4,460.5,335.475,385,1358,333,1365,1392,1861
5652896,465.22,335.85,460.82,334.875,384,1363,337,1357,1383,1862
5652898,465.38,335.775,460.42,335.4,385,1362,333,1364,1385,1866
5652900,465.22,335.925,460.82,335.4,384,1364,337,1363,1390,1865
5652902,464.98,336.3,460.66,335.325,382,1368,335,1362,1392,1870
5652904,465.46,335.55,460.34,335.7,387,1360,333,1366,1394,1865
5652906,465.3,336.225,460.82,335.1,386,1367,338,1360,1390,1866
5652908,464.98,337.05,461.14,336,383,1376,343,1369,1388,1871
5652910,464.98,336.675,460.58,335.475,383,1372,336,1364,1389,1865
5652912,465.78,335.325,460.58,335.475,391,1357,337,1364,1387,1864
5652914,465.38,336.225,460.98,335.775,387,1367,341,1367,1389,1865
5652916,465.46,336.45,460.02,335.625,389,1369,331,1366,1392,1863
5652918,465.7,335.775,460.42,336.15,391,1362,336,1371,1389,1863
5652920,465.22,336.15,461.06,335.7,386,1367,342,1366,1383,1861
5652922,464.9,336.675,460.26,334.425,383,1373,332,1353,1387,1863
5652924,464.98,336.3,460.82,335.55,385,1368,340,1365,1386,1863
5652926,464.74,336.9,460.82,335.625,383,1375,340,1365,1385,1860
5652928,465.22,336.45,460.34,335.85,388,1370,335,1369,1386,1862
5652930,465.14,336.6,460.66,336.075,387,1371,339,1371,1389,1861
5652932,465.06,336.45,461.14,336.075,386,1370,344,1370,1384,1861
5652934,465.62,335.85,459.86,335.7,391,1363,331,1367,1382,1861
5652936,465.62,336.525,460.1,335.625,393,1370,334,1366,1388,1857
5652938,465.7,335.4,459.94,335.775,392,1358,332,1368,1384,1859
5652940,464.9,337.275,460.18,335.7,386,1378,336,1367,1385,1853
5652942,465.06,337.125,460.5,335.475,388,1377,339,1364,1384,1856
5652944,464.9,336.9,460.1,336.075,387,1374,336,1371,1380,1860
5652946,465.06,336.675,460.26,336.375,388,1372,337,1374,1382,1858
5652948,464.98,336.6,459.7,335.55,388,1371,331,1366,1381,1853
5652950,465.54,336,459.86,335.325,393,1364,333,1363,1383,1855
5652952,465.14,335.55,459.3,335.7,389,1359,328,1367,1380,1850
5652954,465.62,336.15,459.38,335.1,394,1365,327,1361,1375,1847
5652956,465.46,335.85,459.78,335.25,392,1362,332,1362,1375,1850
5652958,465.38,335.4,459.94,335.775,391,1357,334,1367,1374,1854
5652960,464.9,335.775,459.38,335.175,387,1361,328,1361,1374,1850
5652962,465.22,335.175,459.78,334.95,389,1355,332,1359,1376,1849
5652964,465.3,335.475,459.62,335.475,390,1358,331,1364,1376,1850
5652966,465.14,334.35,459.3,335.025,388,1345,327,1359,1377,1847
5652968,465.06,334.725,459.06,334.8,387,1349,325,1357,1371,1845
5652970,465.62,334.2,458.82,334.125,392,1343,321,1350,1376,1843
5652972,465.54,334.425,459.22,334.425,392,1345,325,1352,1371,1843
5652974,465.38,334.275,458.98,334.8,390,1344,323,1356,1368,1844
5652976,465.54,335.1,459.22,335.1,392,1352,326,1359,1372,1845
5652978,465.78,334.875,459.06,334.725,395,1350,324,1356,1372,1843
5652980,465.3,334.575,459.06,334.5,389,1347,323,1353,1367,1841
5652982,465.54,334.725,459.46,334.8,392,1348,328,1356,1369,1842
5652984,465.38,335.325,458.98,335.1,391,1354,323,1359,1367,1841
5652986,465.46,334.425,459.06,334.5,391,1345,323,1353,1367,1841
5652988,465.78,335.1,458.98,334.8,394,1351,323,1356,1366,1839
5652990,465.7,334.875,459.3,335.1,394,1349,327,1359,1364,1837
5652992,464.98,334.05,459.14,335.325,385,1341,325,1361,1364,1837
5652994,465.46,334.725,459.22,334.65,391,1347,325,1354,1365,1834
5652996,465.46,335.25,459.3,334.35,391,1353,325,1350,1359,1835
5652998,465.78,334.275,459.14,334.575,394,1342,324,1353,1364,1835
5653000,465.46,334.65,459.14,334.725,391,1346,324,1354,1363,1835
5653002,466.18,335.25,459.14,334.875,399,1352,325,1355,1363,1831
5653004,465.86,334.275,459.22,334.65,394,1342,325,1353,1361,1832
5653006,465.86,334.575,458.98,334.725,395,1345,323,1354,1363,1831
5653008,465.7,334.575,459.14,335.25,393,1345,325,1359,1362,1825
5653010,466.1,333.825,458.98,334.575,397,1336,322,1352,1359,1828
5653012,465.54,334.875,458.82,334.425,392,1348,321,1351,1359,1826
5653014,465.7,335.175,459.54,335.25,394,1351,329,1358,1358,1828
5653016,465.54,334.425,459.22,334.5,391,1343,325,1351,1356,1823
5653018,465.38,334.5,458.82,334.875,390,1344,321,1355,1358,1825
5653020,465.22,334.875,458.98,334.95,389,1348,324,1356,1355,1825
5653022,465.3,334.35,458.74,334.575,389,1342,321,1352,1354,1824
5653024,464.98,334.5,458.82,334.725,386,1344,322,1353,1358,1822
5653026,465.3,335.4,459.22,335.25,391,1354,327,1359,1355,1821
5653028,466.1,334.35,458.66,335.175,398,1341,320,1359,1354,1818
5653030,465.54,334.35,459.06,335.1,392,1342,325,1357,1355,1819
5653032,465.86,335.175,459.3,334.8,396,1350,327,1354,1356,1819
5653034,465.78,335.325,459.46,335.25,396,1352,329,1358,1351,1818
5653036,466.02,335.4,459.78,335.25,398,1353,333,1357,1355,1816
5653038,465.86,335.1,460.02,335.7,396,1349,335,1362,1350,1814
5653040,465.94,335.4,459.7,335.4,397,1353,332,1359,1352,1813
5653042,466.02,334.2,460.1,335.025,397,1339,335,1355,1349,1813
5653044,465.86,334.725,459.78,335.25,396,1345,333,1357,1352,1813
5653046,466.18,335.25,460.18,335.175,400,1350,337,1356,1348,1813
5653048,466.5,334.2,460.02,335.1,402,1339,334,1355,1346,1809
5653050,466.66,333.975,459.7,335.025,404,1336,331,1355,1346,1802
5653052,466.1,334.725,460.5,335.25,399,1344,340,1356,1348,1806
5653054,465.94,334.125,460.02,334.65,396,1338,334,1350,1344,1806
5653056,466.58,334.2,459.46,334.275,403,1338,328,1347,1349,1801
5653058,466.02,334.35,459.7,334.575,397,1340,331,1349,1347,1803
5653060,466.26,332.475,459.78,333.675,398,1320,331,1339,1344,1804
5653062,466.18,333.3,459.54,334.05,398,1328,329,1344,1345,1801
5653064,466.26,332.55,460.1,333.75,398,1320,335,1339,1345,1802
5653066,466.26,332.55,459.22,334.05,398,1320,325,1344,1344,1803
5653068,466.34,332.25,459.86,333.45,399,1317,332,1337,1342,1802
5653070,466.58,332.325,459.78,333.825,401,1318,331,1341,1343,1800
5653072,466.66,332.025,460.18,333.45,402,1313,335,1336,1347,1803
5653074,466.26,332.1,460.26,333.525,397,1315,337,1337,1342,1803
5653076,466.5,332.25,460.02,333.675,401,1316,335,1339,1348,1801
5653078,466.5,332.4,459.7,334.125,401,1318,332,1344,1341,1802
5653080,466.98,333.15,460.26,333.9,407,1325,337,1340,1338,1799
5653082,466.02,333.225,459.94,333.9,397,1327,334,1341,1341,1801
5653084,466.82,332.85,459.94,334.05,405,1322,335,1343,1340,1798
5653086,466.9,333.75,459.94,334.35,407,1332,335,1345,1337,1797
5653088,466.82,333.9,460.1,334.575,407,1333,337,1348,1336,1799
5653090,466.9,333.6,460.18,334.65,408,1330,338,1349,1336,1794
5653092,466.66,334.725,460.42,334.875,406,1342,341,1351,1338,1794
5653094,466.9,334.8,459.94,335.4,409,1343,337,1357,1337,1795
5653096,466.18,335.25,459.94,335.475,402,1349,337,1358,1340,1794
5653098,466.5,335.25,460.42,336.45,406,1348,343,1368,1340,1799
5653100,466.42,335.025,460.1,336.075,404,1346,339,1365,1337,1793
5653102,466.42,335.925,460.1,336.075,406,1357,339,1365,1336,1792
5653104,467.06,336.6,460.18,336.075,413,1363,340,1365,1339,1797
5653106,466.9,336,459.86,335.925,411,1357,337,1364,1336,1791
5653108,466.98,336.3,460.1,335.775,412,1361,339,1362,1334,1793
5653110,466.98,336.15,460.02,336.15,412,1359,339,1367,1337,1798
5653112,467.46,335.55,459.78,335.625,416,1352,336,1362,1332,1790
5653114,467.46,335.625,460.42,336.075,416,1354,343,1366,1335,1796
5653116,467.38,336.45,460.58,336.075,416,1363,345,1366,1334,1794
5653118,467.22,335.475,459.7,335.85,413,1352,335,1364,1334,1790
5653120,466.98,335.175,460.02,336,411,1349,339,1366,1333,1793
5653122,467.46,335.25,459.86,336,416,1350,337,1366,1332,1791
5653124,467.38,334.95,459.7,335.25,414,1347,334,1359,1332,1791
5653126,466.58,335.175,459.78,335.85,407,1350,336,1365,1335,1789
5653128,466.98,335.325,459.62,336,410,1352,334,1367,1333,1790
5653130,466.34,335.025,459.54,335.775,403,1349,333,1365,1331,1789
5653132,466.58,334.725,459.46,335.475,405,1345,331,1361,1334,1789
5653134,466.74,334.125,459.62,335.55,406,1339,333,1362,1331,1790
5653136,466.1,333.75,459.78,335.7,399,1335,334,1363,1330,1790
5653138,466.02,334.125,459.46,335.55,398,1339,331,1362,1329,1789
5653140,465.94,333.975,459.62,335.25,397,1337,332,1358,1327,1789
5653142,465.86,334.05,459.06,335.325,396,1338,326,1359,1327,1785
5653144,465.3,333.975,458.9,335.475,390,1337,325,1360,1329,1786
5653146,465.54,333.45,458.9,335.4,392,1331,324,1359,1329,1785
5653148,464.82,333.45,458.74,335.325,384,1331,322,1358,1327,1784
5653150,464.74,333.45,459.3,334.95,384,1331,328,1354,1329,1786
5653152,464.74,332.55,458.66,335.25,382,1320,320,1357,1324,1784
5653154,464.26,332.85,458.9,335.175,377,1324,323,1355,1329,1783
5653156,464.98,333.3,458.74,335.625,384,1327,321,1359,1326,1783
5653158,463.86,332.1,458.5,335.7,371,1315,318,1360,1328,1784
5653160,464.1,332.55,458.34,335.85,374,1318,316,1361,1330,1782
5653162,463.94,332.55,458.58,335.25,372,1319,318,1354,1330,1784
5653164,464.18,333.225,458.74,335.625,374,1325,319,1356,1325,1782
5653166,465.14,333.075,458.66,335.1,384,1322,318,1351,1328,1783
5653168,464.1,333.225,458.42,335.55,372,1324,315,1355,1328,1782
5653170,463.78,333.15,458.42,335.925,369,1323,315,1359,1330,1779
5653172,463.78,333.75,458.5,335.775,369,1329,315,1356,1324,1782
5653174,463.94,333.525,458.26,336,371,1326,313,1359,1323,1780
5653176,464.02,334.125,458.5,336.15,371,1331,315,1359,1327,1779
5653178,464.26,333.825,458.02,335.85,373,1327,310,1357,1325,1778
5653180,463.86,333.675,458.82,336.375,368,1325,318,1360,1326,1781
5653182,463.94,334.425,458.66,336.45,370,1334,316,1361,1324,1780
5653184,464.34,333.9,458.66,336.6,373,1327,316,1362,1327,1780
5653186,464.34,333.975,458.74,336.975,373,1327,317,1366,1321,1778
5653188,464.02,335.025,458.66,337.05,370,1338,315,1366,1326,1778
5653190,464.42,334.725,458.74,336.9,374,1334,316,1364,1322,1777
5653192,464.42,334.725,458.74,336.9,374,1334,316,1363,1324,1776
5653194,464.18,334.875,458.58,336.9,371,1335,314,1364,1325,1778
5653196,464.98,334.95,459.3,337.275,379,1335,321,1366,1321,1778
5653198,464.74,334.65,459.22,337.275,376,1332,321,1367,1329,1779
5653200,465.14,335.025,458.9,337.2,380,1336,317,1366,1327,1779
5653202,464.82,335.325,459.22,337.575,378,1339,321,1370,1331,1783
5653204,464.34,334.65,458.9,337.425,372,1332,317,1369,1328,1780
5653206,464.82,334.35,459.06,337.425,376,1329,319,1368,1330,1778
5653208,465.22,335.55,459.14,337.2,382,1341,319,1366,1328,1777
5653210,465.78,335.025,459.46,337.2,387,1335,323,1365,1326,1779
5653212,465.78,334.8,459.38,337.35,387,1332,323,1367,1325,1777
5653214,466.18,335.1,459.7,337.2,392,1335,326,1364,1327,1780
5653216,466.42,335.175,459.7,337.275,394,1335,326,1365,1324,1778
5653218,466.26,335.55,460.1,337.575,394,1340,331,1369,1326,1781
5653220,467.38,335.475,460.5,337.65,405,1338,335,1369,1326,1780
5653222,467.62,335.85,460.18,337.575,408,1342,332,1368,1324,1779
5653224,467.62,335.85,460.58,337.95,409,1342,337,1373,1323,1777
5653226,467.3,336.15,460.58,337.275,406,1346,336,1365,1323,1778
5653228,467.86,335.7,460.58,337.725,412,1340,338,1370,1323,1778
5653230,467.46,336,460.42,337.275,408,1345,335,1366,1325,1778
5653232,467.54,335.625,461.14,337.95,410,1341,345,1373,1319,1776
5653234,467.62,335.7,461.06,337.95,411,1342,344,1373,1324,1775
5653236,468.18,336.075,460.9,337.95,417,1346,343,1374,1325,1774
5653238,467.7,335.925,461.46,338.1,412,1344,349,1374,1326,1779
5653240,468.18,336.45,461.06,338.025,419,1350,346,1375,1326,1773
5653242,467.94,336.375,461.38,337.95,416,1350,349,1374,1323,1776
5653244,467.94,335.925,461.86,338.1,417,1345,355,1375,1323,1775
5653246,468.02,336.075,461.46,337.875,417,1347,351,1373,1324,1777
5653248,467.7,336.15,461.22,338.25,416,1348,350,1378,1325,1774
5653250,468.34,336.45,461.7,337.875,423,1351,354,1374,1329,1777
5653252,467.7,336.225,462.1,337.65,417,1350,359,1371,1325,1775
5653254,468.1,336.225,461.38,337.8,421,1350,352,1373,1323,1774
5653256,467.94,337.05,461.62,338.1,421,1359,356,1377,1327,1776
5653258,467.94,336.075,461.78,338.55,421,1349,358,1382,1325,1775
5653260,467.86,336.3,461.86,338.4,421,1352,360,1381,1327,1772
5653262,468.26,336.825,461.46,337.95,425,1357,356,1377,1329,1773
5653264,468.1,335.85,461.38,337.875,424,1348,355,1377,1324,1778
5653266,468.1,335.85,460.98,338.175,424,1347,351,1380,1327,1776
5653268,467.62,336.075,461.54,338.4,420,1351,358,1383,1326,1778
5653270,468.26,336.075,461.06,337.65,427,1350,352,1375,1328,1778
5653272,467.62,337.05,461.46,338.175,422,1362,357,1381,1328,1775
5653274,467.3,336.225,461.86,338.1,417,1353,362,1380,1322,1775
5653276,467.7,335.85,461.14,337.875,422,1349,354,1378,1324,1778
5653278,467.62,336.3,460.58,337.95,421,1354,349,1379,1325,1774
5653280,467.3,336.15,461.22,338.4,419,1353,357,1384,1326,1775
5653282,467.46,336.15,460.82,337.65,420,1353,352,1376,1325,1778
5653284,467.14,336.075,460.82,337.125,417,1353,352,1371,1328,1776
5653286,467.06,335.925,460.66,336.9,416,1351,350,1369,1328,1774
5653288,466.82,335.475,460.34,337.65,414,1346,348,1377,1324,1772
5653290,466.5,335.775,459.86,336.9,411,1350,342,1369,1327,1776
5653292,466.82,335.4,460.42,337.05,415,1346,348,1370,1326,1774
5653294,466.66,335.625,459.78,336.9,413,1348,341,1369,1327,1776
5653296,466.82,335.475,459.94,336.45,415,1346,343,1364,1326,1774
5653298,466.66,335.625,459.46,337.05,413,1348,339,1371,1324,1777
5653300,466.18,334.65,459.86,336.525,407,1338,343,1365,1328,1778
5653302,466.5,334.8,459.86,336.675,411,1339,343,1367,1331,1779
5653304,466.42,335.1,459.3,336.975,410,1342,337,1370,1328,1779
5653306,466.26,335.25,458.9,336.15,408,1344,332,1362,1328,1779
5653308,466.02,335.475,459.62,336.75,406,1346,340,1367,1326,1779
5653310,466.5,335.25,459.38,336.75,411,1343,338,1368,1331,1778
5653312,465.54,334.875,459.3,337.275,400,1340,337,1372,1333,1776
5653314,465.54,335.475,459.14,337.275,401,1346,336,1373,1325,1781
5653316,465.3,335.475,459.38,336.975,398,1347,338,1369,1330,1778
5653318,465.22,335.325,458.74,336.9,397,1344,330,1369,1330,1783
5653320,464.9,335.025,459.06,337.275,393,1341,334,1372,1330,1778
5653322,465.06,335.625,458.58,336.825,395,1347,329,1368,1326,1778
5653324,465.14,335.7,458.82,337.275,396,1348,331,1373,1330,1776
5653326,464.82,334.875,458.74,337.575,392,1340,330,1376,1326,1779
5653328,464.74,335.4,459.22,337.8,391,1346,335,1377,1324,1778
5653330,464.42,335.625,458.66,337.05,388,1348,329,1370,1325,1781
5653332,464.74,335.85,458.58,337.2,391,1350,327,1371,1326,1777
5653334,464.74,336.15,458.58,336.975,391,1353,327,1369,1326,1779
5653336,465.14,336.375,458.5,336.825,395,1355,326,1368,1326,1779
5653338,464.82,336,459.06,337.425,391,1352,332,1373,1327,1780
5653340,464.66,336.15,459.06,336.975,389,1353,331,1369,1327,1779
5653342,464.66,335.55,458.66,337.575,389,1347,328,1375,1326,1778
5653344,464.58,335.85,459.22,337.275,387,1351,332,1371,1330,1776
5653346,464.98,335.55,459.3,337.725,391,1347,334,1376,1325,1778
5653348,465.06,335.925,459.06,337.725,392,1351,330,1377,1323,1777
5653350,465.22,335.025,459.38,336.975,393,1340,333,1368,1326,1780
5653352,464.9,335.925,459.46,337.65,390,1351,334,1376,1330,1777
5653354,464.66,335.55,459.3,337.2,387,1347,332,1371,1324,1780
5653356,464.98,336.225,459.54,338.025,390,1354,335,1379,1326,1777
5653358,464.98,336,459.54,337.575,391,1352,335,1375,1325,1781
5653360,465.22,336,458.9,337.35,393,1352,327,1373,1324,1777
5653362,465.46,335.85,459.3,336.9,395,1350,331,1368,1326,1779
5653364,465.38,335.7,459.38,337.35,393,1349,332,1373,1330,1779
5653366,464.9,336.225,459.62,336.9,389,1355,334,1368,1328,1778
5653368,464.9,335.625,459.62,337.2,388,1349,334,1372,1329,1779
5653370,464.74,335.55,459.62,337.35,386,1349,335,1373,1325,1777
5653372,465.38,335.775,459.78,337.05,394,1350,335,1370,1325,1776
5653374,465.22,335.4,459.78,337.125,392,1346,336,1371,1327,1776
5653376,465.14,335.925,459.7,337.2,391,1353,336,1372,1324,1778
5653378,464.98,336.15,459.7,337.05,390,1355,335,1370,1324,1775
5653380,465.54,336.6,460.02,337.425,396,1360,339,1374,1324,1776
5653382,466.1,335.775,460.1,337.35,401,1350,340,1373,1327,1776
5653384,465.46,336.525,459.7,337.5,395,1359,336,1376,1325,1777
5653386,465.38,336.075,460.34,337.725,394,1355,343,1377,1325,1776
5653388,465.78,336,460.66,337.35,398,1354,346,1374,1325,1777
5653390,465.3,335.925,460.34,337.425,393,1353,342,1375,1327,1772
5653392,465.7,336.15,460.34,337.875,398,1355,343,1380,1326,1775
5653394,465.7,336.45,460.34,337.875,398,1359,343,1380,1326,1776
5653396,465.86,336.45,460.58,337.8,400,1359,345,1379,1328,1773
5653398,466.42,336.675,460.02,338.175,405,1361,340,1384,1324,1774
5653400,466.02,335.925,460.58,338.7,401,1353,347,1389,1324,1772
5653402,466.26,336.3,460.74,338.25,404,1357,348,1384,1335,1771
5653404,466.42,336.75,460.42,338.25,407,1362,345,1385,1333,1772
5653406,466.02,336.3,460.66,338.4,402,1358,347,1386,1328,1772
5653408,465.86,336.9,460.66,338.85,402,1365,348,1391,1328,1772
5653410,465.86,336.45,460.82,338.175,401,1360,350,1384,1327,1772
5653412,466.18,336.225,460.74,338.55,404,1357,349,1388,1328,1771
5653414,465.62,335.625,460.66,338.4,398,1351,349,1386,1328,1772
5653416,465.62,336.375,460.58,338.175,399,1359,348,1384,1326,1769
5653418,466.02,335.85,460.5,338.475,403,1353,348,1387,1325,1770
5653420,465.14,336,460.58,338.25,394,1356,349,1385,1327,1772
5653422,464.9,335.925,460.42,337.875,392,1355,346,1381,1328,1769
5653424,465.46,335.625,460.42,337.95,398,1351,347,1382,1324,1771
5653426,465.54,335.325,460.5,338.175,398,1348,348,1384,1325,1769
5653428,465.38,335.85,460.66,337.575,397,1354,349,1377,1320,1768
5653430,465.78,335.1,460.26,337.875,400,1346,345,1381,1322,1768
5653432,465.38,334.5,460.66,337.2,395,1339,348,1373,1327,1766
5653434,465.14,335.175,460.34,337.65,393,1346,346,1378,1325,1768
5653436,465.22,334.95,460.42,337.725,394,1344,347,1379,1327,1768
5653438,465.54,335.4,460.58,337.725,398,1349,348,1379,1327,1767
5653440,464.98,334.875,460.26,337.35,392,1343,345,1375,1325,1765
5653442,465.38,334.575,460.42,337.725,395,1339,347,1379,1327,1765
5653444,465.38,335.1,460.42,337.425,397,1345,346,1375,1326,1766
5653446,465.62,335.1,460.42,336.525,399,1344,346,1365,1327,1759
5653448,465.06,334.5,460.5,336.825,392,1338,347,1368,1324,1762
5653450,465.38,334.725,460.34,336.75,396,1340,345,1368,1324,1761
5653452,465.14,334.05,460.58,336.675,392,1333,347,1366,1325,1758
5653454,465.46,334.5,460.58,337.2,396,1337,348,1371,1325,1764
5653456,465.14,334.8,460.66,337.275,393,1340,348,1372,1323,1761
5653458,465.14,334.875,461.14,337.275,393,1341,354,1371,1325,1759
5653460,465.54,335.1,461.06,337.05,398,1342,352,1368,1324,1760
5653462,464.98,335.025,460.74,336.975,392,1342,349,1367,1324,1756
5653464,464.98,334.875,460.9,337.125,391,1340,350,1369,1323,1757
5653466,465.38,335.4,460.98,337.575,395,1346,351,1374,1323,1757
5653468,465.14,334.95,460.98,337.725,392,1340,351,1375,1325,1755
5653470,465.7,335.1,461.14,337.65,398,1341,352,1374,1323,1755
5653472,465.78,335.325,461.06,336.825,399,1343,351,1365,1321,1756
5653474,465.62,335.1,460.98,337.5,397,1341,350,1372,1323,1756
5653476,465.78,335.55,460.74,337.425,399,1345,348,1371,1325,1755
5653478,465.38,334.65,460.42,337.275,394,1336,344,1370,1324,1752
5653480,465.7,334.725,461.3,337.575,398,1337,354,1372,1323,1755
5653482,465.54,335.025,460.26,337.125,396,1340,343,1368,1324,1749
5653484,465.3,335.1,460.58,337.425,393,1341,346,1371,1322,1752
5653486,465.94,335.025,460.74,337.5,400,1339,348,1372,1325,1751
5653488,465.3,335.175,460.5,337.125,393,1341,345,1367,1320,1749
5653490,465.94,335.175,460.34,336.825,400,1340,342,1364,1321,1747
5653492,465.54,335.475,460.66,338.025,395,1344,347,1377,1322,1748
5653494,466.02,335.4,460.82,337.35,401,1343,348,1370,1324,1749
5653496,465.7,335.475,460.42,337.425,396,1345,344,1371,1325,1749
5653498,465.06,335.625,461.14,337.2,390,1347,350,1368,1325,1745
5653500,466.1,335.025,460.58,336.9,401,1339,344,1365,1322,1747
5653502,465.62,335.25,461.54,337.65,395,1342,355,1373,1323,1746
5653504,465.7,335.925,460.9,337.125,397,1350,347,1368,1330,1746
5653506,465.78,335.7,461.3,337.5,398,1347,352,1371,1325,1748
5653508,465.7,335.55,461.3,336.975,396,1347,351,1366,1325,1746
5653510,465.62,335.85,461.38,337.8,396,1350,353,1375,1324,1746
5653512,465.46,335.4,461.3,338.4,393,1345,353,1382,1324,1744
5653514,466.02,335.925,461.06,337.5,400,1350,350,1373,1320,1744
5653516,466.02,335.4,461.22,337.65,399,1345,351,1375,1325,1749
5653518,465.62,335.1,461.22,337.65,395,1342,351,1375,1325,1739
5653520,465.62,335.85,460.66,337.65,395,1351,345,1376,1321,1744
5653522,466.18,335.4,461.22,337.5,401,1346,350,1373,1325,1745
5653524,466.02,335.7,461.3,337.725,399,1350,351,1377,1322,1743
5653526,466.02,335.85,460.66,337.35,400,1351,345,1373,1318,1745
5653528,466.18,335.85,461.22,337.5,400,1352,350,1375,1322,1746
5653530,465.94,336.525,461.14,337.5,399,1359,350,1375,1322,1744
5653532,465.94,335.7,461.06,338.025,398,1351,350,1381,1318,1742
5653534,466.5,335.625,460.9,337.725,404,1350,347,1378,1320,1739
5653536,466.02,335.7,461.38,337.875,399,1352,352,1380,1317,1740
5653538,465.3,335.625,461.06,338.1,391,1351,349,1383,1319,1740
5653540,465.78,335.85,460.5,337.575,396,1354,343,1378,1322,1741
5653542,466.02,335.7,461.06,337.95,399,1352,349,1382,1319,1740
5653544,465.22,335.4,460.42,337.5,390,1351,341,1379,1320,1740
5653546,465.54,335.1,460.1,338.1,392,1347,339,1385,1321,1740
5653548,465.78,335.85,460.18,338.025,396,1355,340,1385,1319,1740
5653550,465.62,335.625,460.34,337.35,394,1353,340,1378,1321,1740
5653552,465.46,335.85,460.5,336.9,393,1356,342,1373,1320,1737
5653554,466.02,335.475,460.42,337.575,398,1352,341,1380,1321,1736
5653556,465.54,336.15,460.5,337.65,394,1360,341,1381,1318,1739
5653558,464.98,335.625,460.5,337.8,387,1355,342,1383,1319,1740
5653560,465.86,335.4,460.58,337.8,396,1352,343,1384,1319,1738
5653562,465.54,335.325,460.66,337.725,392,1351,343,1382,1320,1738
5653564,465.7,335.175,460.26,336.75,394,1349,338,1373,1320,1743
5653566,465.54,335.325,460.34,337.35,392,1351,339,1379,1322,1741
5653568,465.7,335.175,460.34,336.75,393,1350,339,1373,1319,1740
5653570,465.78,335.4,460.42,337.275,394,1352,340,1379,1319,1740
5653572,465.62,334.95,460.66,337.05,392,1347,342,1376,1321,1738
5653574,464.9,334.875,460.42,336.9,384,1347,339,1374,1324,1737
5653576,465.54,335.1,460.82,337.425,391,1350,344,1380,1317,1740
5653578,465.22,334.725,460.5,336.375,387,1346,340,1369,1320,1740
5653580,464.74,335.625,460.18,336.675,382,1356,336,1373,1317,1741
5653582,465.14,335.025,460.02,337.35,386,1349,335,1380,1319,1741
5653584,464.58,334.725,460.26,336.45,380,1347,336,1370,1318,1739
5653586,464.82,334.875,460.5,336.675,382,1348,339,1372,1319,1739
5653588,465.06,334.8,460.18,336.525,385,1347,335,1371,1316,1739
5653590,465.22,335.025,460.26,336,386,1349,336,1365,1319,1736
5653592,465.22,334.95,460.26,336.225,387,1348,336,1368,1324,1738
5653594,465.46,335.4,460.34,336.15,389,1353,336,1367,1323,1736
5653596,465.06,334.275,460.1,336.6,384,1341,334,1372,1318,1739
5653598,464.74,335.025,460.02,336.675,381,1350,333,1373,1322,1738
5653600,464.66,334.95,460.02,336.45,380,1349,333,1370,1325,1739
5653602,465.46,334.65,459.94,336.975,388,1345,332,1376,1325,1739
5653604,464.9,334.8,460.18,336.6,382,1347,334,1371,1326,1737
5653606,464.58,335.25,459.94,336.45,380,1352,332,1370,1326,1740
5653608,465.14,335.4,459.78,337.125,386,1353,331,1377,1324,1738
5653610,465.3,334.575,460.34,336,387,1343,336,1364,1321,1739
5653612,464.66,335.625,460.02,336.375,381,1356,333,1369,1323,1739
5653614,464.98,334.725,460.18,337.05,383,1346,335,1376,1327,1739
5653616,465.22,334.65,460.26,336.75,385,1345,336,1373,1320,1740
5653618,464.98,335.025,460.02,336.6,384,1349,333,1371,1319,1736
5653620,465.06,335.025,460.42,336.375,385,1349,337,1368,1322,1739
5653622,465.38,334.425,459.94,336.3,387,1342,332,1368,1318,1738
5653624,465.7,334.95,459.54,336.525,392,1348,328,1371,1318,1738
5653626,465.3,334.875,459.86,336.75,387,1347,332,1373,1317,1736
5653628,465.54,334.875,460.02,336.6,390,1347,333,1372,1318,1737
5653630,464.98,334.5,459.46,336.15,384,1343,327,1367,1319,1737
5653632,465.14,335.025,459.78,336.45,386,1349,331,1370,1317,1738
5653634,465.7,334.575,460.42,336.6,392,1343,338,1371,1315,1735
5653636,465.14,334.575,459.86,336.375,386,1344,332,1369,1319,1735
5653638,465.38,334.65,460.58,336.15,388,1344,339,1366,1324,1739
5653640,466.34,334.5,460.02,336.75,398,1342,334,1373,1317,1737
5653642,465.54,335.325,460.18,336.075,391,1352,335,1366,1318,1736
5653644,466.02,334.65,459.94,336.75,395,1344,333,1373,1316,1734
5653646,465.3,335.325,460.02,336.45,388,1352,334,1370,1320,1737
5653648,465.7,334.875,459.86,336.675,392,1347,332,1373,1318,1736
5653650,465.86,335.85,459.78,336.675,395,1358,332,1373,1320,1736
5653652,465.06,335.475,460.1,336.975,386,1354,335,1376,1318,1737
5653654,465.62,335.175,460.42,336.075,391,1351,338,1366,1317,1737
5653656,466.1,334.725,460.26,336.525,396,1346,337,1372,1319,1735
5653658,465.78,335.55,460.34,336.75,394,1355,337,1374,1318,1739
5653660,466.02,335.175,460.34,336.675,396,1351,338,1374,1318,1736
5653662,465.86,334.95,460.34,336.45,394,1349,338,1371,1318,1735
5653664,465.86,335.175,460.66,336.375,394,1352,341,1371,1319,1737
5653666,465.78,335.475,460.18,336.525,394,1355,336,1373,1319,1739
5653668,465.7,335.85,460.42,336.3,393,1359,339,1370,1318,1739
5653670,466.02,335.775,460.5,336.6,397,1358,339,1373,1314,1735
5653672,466.02,335.925,460.66,337.35,398,1361,343,1381,1317,1736
5653674,466.1,335.925,460.34,336.375,398,1360,338,1372,1318,1736
5653676,466.42,334.95,460.5,336.3,401,1350,341,1371,1316,1737
5653678,465.7,335.325,460.66,336.45,394,1354,343,1372,1318,1738
5653680,466.18,335.775,460.34,335.85,400,1359,339,1367,1313,1739
5653682,466.34,335.25,460.26,336.375,402,1354,339,1372,1317,1737
5653684,466.1,335.4,460.18,336.75,399,1355,338,1376,1320,1738
5653686,466.02,335.7,459.7,336.525,399,1359,334,1375,1314,1735
5653688,465.62,335.775,460.1,335.775,395,1361,337,1367,1316,1737
5653690,465.46,335.1,460.26,335.775,393,1353,339,1367,1318,1741
5653692,465.54,335.85,459.78,335.925,395,1361,335,1369,1316,1739
5653694,466.02,334.5,460.1,335.925,398,1347,338,1368,1316,1737
5653696,465.78,334.95,460.1,335.55,397,1352,338,1365,1317,1738
5653698,465.94,334.875,460.34,335.85,398,1351,340,1368,1317,1740
5653700,466.1,334.575,460.1,335.775,399,1348,338,1368,1314,1742
5653702,465.54,335.175,460.02,335.625,395,1355,337,1366,1324,1739
5653704,465.46,335.025,459.86,335.7,394,1354,336,1367,1324,1740
5653706,465.38,334.35,459.62,335.925,392,1347,333,1370,1323,1741
5653708,465.54,334.575,459.78,336.075,395,1349,335,1372,1321,1741
5653710,464.98,334.725,459.94,335.85,389,1351,337,1369,1322,1741
5653712,464.9,334.35,459.78,335.85,388,1348,336,1369,1319,1740
5653714,465.06,335.175,459.78,335.325,390,1356,335,1363,1319,1742
5653716,464.82,333.975,459.86,335.55,386,1343,337,1366,1318,1742
5653718,465.38,333.9,459.94,335.55,392,1342,337,1366,1318,1737
5653720,465.06,334.35,459.62,335.4,390,1347,334,1365,1318,1741
5653722,465.14,334.5,459.46,336.075,391,1349,332,1372,1315,1741
5653724,465.38,334.5,459.54,335.325,393,1349,333,1364,1319,1740
5653726,465.3,334.425,460.02,335.925,392,1348,338,1370,1316,1742
5653728,465.22,334.95,459.38,336.075,392,1354,332,1372,1320,1740
5653730,465.06,334.35,459.78,336,389,1347,335,1371,1323,1740
5653732,464.98,334.575,459.3,335.7,389,1350,331,1368,1320,1739
5653734,464.66,334.2,459.62,336.15,385,1346,334,1372,1317,1741
5653736,464.18,334.275,459.62,336.075,380,1347,334,1372,1321,1743
5653738,464.98,334.65,459.78,335.925,389,1351,335,1370,1319,1741
5653740,465.06,333.825,459.62,335.7,389,1341,333,1368,1316,1742
5653742,464.74,334.05,459.86,335.325,386,1344,336,1363,1317,1740
5653744,465.3,333.9,459.46,335.325,392,1342,331,1364,1317,1744
5653746,464.98,334.125,459.3,335.4,388,1344,330,1364,1321,1745
5653748,464.74,333,459.7,335.025,385,1332,334,1360,1320,1741
5653750,465.06,333.825,458.98,334.8,389,1341,326,1358,1317,1745
5653752,464.82,333.375,459.14,335.475,386,1336,328,1364,1320,1743
5653754,464.02,333.075,459.46,335.175,377,1333,331,1361,1323,1743
5653756,464.26,333.825,458.98,334.95,380,1341,326,1359,1322,1747
5653758,464.18,332.85,459.06,335.625,378,1331,328,1366,1318,1748
5653760,464.5,333.375,459.06,335.625,382,1335,327,1366,1320,1747
5653762,464.1,333.675,458.9,335.625,378,1340,325,1366,1321,1748
5653764,463.78,333.9,458.74,335.625,375,1342,323,1366,1321,1749
5653766,464.26,334.2,458.74,335.55,380,1344,323,1365,1320,1751
5653768,464.02,334.05,459.22,336.075,377,1343,329,1371,1322,1748
5653770,464.26,334.35,459.06,336,380,1346,327,1370,1319,1750
5653772,464.66,334.275,458.9,336.15,383,1345,325,1372,1320,1751
5653774,464.5,334.875,458.9,335.925,383,1351,325,1369,1320,1749
5653776,464.34,335.175,459.46,336.225,382,1355,332,1372,1319,1749
5653778,464.42,335.025,459.38,336.15,382,1353,330,1371,1323,1747
5653780,464.9,334.8,459.46,336.525,386,1350,331,1375,1319,1749
5653782,464.98,335.1,459.94,336.525,388,1354,336,1375,1324,1754
5653784,464.9,334.95,459.86,336.375,386,1352,335,1373,1323,1749
5653786,464.66,335.1,459.54,335.85,384,1354,331,1368,1324,1752
5653788,464.26,335.025,459.54,336.375,379,1353,331,1373,1322,1750
5653790,464.66,334.575,459.86,336.225,383,1348,334,1372,1323,1756
5653792,464.42,334.425,459.78,336.225,381,1347,334,1371,1325,1752
5653794,464.9,334.35,459.54,336.3,385,1346,331,1373,1325,1752
5653796,465.14,334.5,459.78,336.15,388,1347,334,1370,1321,1751
5653798,464.9,334.2,459.94,335.775,385,1344,334,1367,1325,1752
5653800,464.58,333,460.18,336.225,381,1331,338,1371,1325,1752
5653802,464.9,333.9,459.54,335.85,385,1341,331,1368,1331,1756
5653804,464.42,333,459.78,335.85,379,1331,334,1368,1329,1757
5653806,464.5,333.15,459.54,335.55,380,1333,330,1365,1328,1753
5653808,464.82,332.925,459.7,335.4,383,1331,332,1363,1326,1755
5653810,464.18,333.3,460.18,334.875,377,1336,336,1356,1329,1758
5653812,464.74,333.3,459.62,334.875,383,1335,330,1357,1328,1757
5653814,465.46,332.475,460.26,335.1,389,1325,337,1359,1328,1762
5653816,464.9,332.4,460.18,335.025,384,1325,337,1358,1326,1761
5653818,465.54,332.1,460.82,335.325,390,1321,344,1361,1325,1760
5653820,465.7,333.45,460.02,335.4,394,1336,336,1363,1329,1762
5653822,465.3,332.925,460.5,335.1,388,1331,340,1359,1328,1761
5653824,465.14,333.3,460.82,335.775,388,1335,345,1366,1328,1761
5653826,465.94,333,461.06,335.625,396,1331,347,1364,1326,1764
5653828,465.94,333.075,461.3,336.6,396,1331,351,1375,1329,1762
5653830,465.14,333.225,461.06,336.075,388,1334,348,1369,1327,1763
5653832,465.94,333.6,460.74,336.375,397,1337,346,1374,1326,1764
5653834,465.38,333.75,461.14,336.525,392,1340,350,1374,1328,1766
5653836,465.86,334.275,461.14,336.45,398,1345,350,1374,1327,1763
5653838,465.46,334.2,461.06,336.6,393,1345,349,1376,1331,1767
5653840,465.7,334.65,461.46,337.05,396,1349,354,1380,1329,1764
5653842,465.94,334.575,461.54,336.9,399,1349,355,1379,1328,1764
5653844,465.3,334.95,461.14,336.825,392,1354,351,1379,1325,1766
5653846,466.1,334.725,461.22,336.9,401,1351,352,1380,1330,1766
5653848,466.1,334.575,461.3,336.825,400,1350,352,1379,1331,1766
5653850,466.02,335.325,461.94,337.35,400,1358,359,1384,1326,1766
5653852,466.1,335.325,462.34,337.425,401,1358,364,1385,1326,1768
5653854,466.18,335.325,461.78,336.825,402,1358,357,1379,1328,1766
5653856,465.7,335.775,461.62,336.975,398,1364,356,1382,1328,1765
5653858,466.58,334.8,461.78,337.425,406,1353,359,1386,1330,1770
5653860,466.26,334.8,461.86,336.675,403,1353,359,1378,1330,1768
5653862,466.1,335.25,461.7,337.2,402,1358,358,1384,1332,1768
5653864,466.18,335.175,462.1,336.975,403,1357,362,1381,1332,1768
5653866,466.18,334.65,462.5,336.975,403,1352,367,1381,1329,1774
5653868,465.86,335.025,462.1,337.275,400,1357,362,1384,1328,1769
5653870,466.18,334.425,461.94,336.675,402,1350,360,1378,1333,1772
5653872,466.02,334.65,462.1,337.275,401,1353,362,1385,1334,1772
5653874,466.02,334.725,462.02,337.125,401,1353,361,1384,1334,1772
5653876,465.7,334.425,461.78,337.125,398,1350,359,1384,1332,1773
5653878,465.94,334.125,462.26,336.9,399,1347,364,1381,1334,1772
5653880,465.46,334.35,461.54,337.575,395,1349,357,1389,1332,1773
5653882,465.22,334.5,461.94,336.9,393,1351,360,1381,1333,1775
5653884,464.82,334.2,461.38,336.975,388,1348,355,1383,1337,1774
5653886,465.38,334.35,461.22,336.675,394,1349,353,1379,1332,1774
5653888,464.74,333.975,461.3,336.6,387,1346,354,1378,1333,1771
5653890,464.58,333.525,461.06,336.375,385,1341,350,1376,1332,1772
5653892,464.34,333.6,460.74,336.525,382,1342,348,1377,1334,1774
5653894,464.1,334.125,460.66,336.75,380,1347,347,1380,1335,1776
5653896,463.78,333.9,460.34,336.525,376,1345,343,1377,1335,1774
5653898,464.42,333.15,459.78,335.775,383,1336,336,1369,1337,1775
5653900,464.18,333.525,460.5,335.925,380,1340,344,1370,1339,1777
5653902,463.86,333.525,460.26,336.3,376,1340,341,1374,1340,1776
5653904,463.94,332.85,460.18,335.775,376,1332,340,1368,1339,1776
5653906,463.46,333.45,459.86,335.85,371,1339,336,1369,1341,1776
5653908,463.54,334.35,460.42,336.15,373,1348,342,1371,1340,1777
5653910,463.62,333.075,460.42,335.775,372,1334,342,1367,1338,1780
5653912,463.7,333.825,460.5,336.375,373,1341,342,1373,1336,1778
5653914,463.38,333.675,460.02,336.15,369,1340,337,1371,1339,1778
5653916,463.86,333.75,459.94,336.675,374,1340,335,1376,1339,1776
5653918,463.38,333.825,460.02,335.775,369,1342,336,1366,1337,1779
5653920,463.22,333.825,459.94,336.525,367,1340,335,1374,1337,1780
5653922,463.46,333.375,460.02,336.75,369,1335,337,1376,1338,1775
5653924,463.46,333.9,459.62,336.3,368,1340,331,1371,1337,1780
5653926,463.3,334.35,460.34,337.05,368,1346,339,1378,1339,1778
5653928,463.62,333.9,460.58,336.975,369,1340,341,1376,1335,1780
5653930,462.82,334.35,459.86,337.275,361,1345,333,1380,1338,1779
5653932,463.38,334.125,460.66,337.575,366,1342,341,1382,1339,1779
5653934,463.38,334.5,460.02,337.275,367,1346,334,1380,1336,1780
5653936,463.62,335.175,460.1,337.35,369,1353,334,1380,1339,1776
5653938,463.46,335.025,460.18,337.35,367,1351,336,1380,1341,1779
5653940,463.54,335.325,460.58,337.5,368,1354,339,1381,1342,1777
5653942,463.14,335.1,460.34,337.425,364,1352,337,1380,1342,1778
5653944,463.22,334.725,460.58,337.8,363,1347,339,1384,1339,1777
5653946,463.78,334.575,460.42,337.575,369,1345,337,1382,1341,1780
5653948,463.78,335.25,460.82,337.65,370,1352,341,1382,1341,1779
5653950,463.86,335.025,461.3,337.575,370,1350,346,1380,1338,1781
5653952,463.06,335.175,461.22,337.875,361,1353,345,1383,1341,1777
5653954,464.26,335.1,461.62,338.325,374,1350,350,1388,1340,1779
5653956,463.54,334.8,461.94,338.4,367,1348,353,1389,1342,1777
5653958,463.86,335.175,461.62,337.875,370,1351,350,1383,1345,1785
5653960,464.5,335.025,461.62,337.875,376,1349,350,1384,1340,1777
5653962,464.82,335.325,462.1,338.175,380,1352,355,1386,1346,1777
5653964,463.86,335.4,462.34,337.725,371,1354,357,1381,1346,1784
5653966,464.74,335.175,462.82,338.25,379,1351,362,1386,1346,1786
5653968,464.1,335.25,462.98,338.325,373,1353,365,1388,1348,1783
5653970,464.98,335.325,462.66,339.075,383,1352,362,1395,1345,1778
5653972,465.3,335.325,463.3,338.625,386,1352,369,1391,1340,1782
5653974,465.06,335.625,463.06,338.4,384,1356,365,1388,1347,1781
5653976,464.98,336,462.9,338.85,384,1360,365,1394,1347,1780
5653978,465.54,335.925,463.3,338.325,390,1359,369,1388,1346,1778
5653980,465.3,336.3,463.14,338.4,389,1364,368,1389,1347,1781
5653982,465.86,335.4,463.46,338.85,394,1353,371,1394,1347,1780
5653984,465.54,335.4,463.78,338.475,391,1355,375,1390,1346,1776
5653986,465.62,335.55,463.54,338.175,392,1356,372,1387,1348,1780
5653988,465.86,336.3,463.54,338.85,396,1365,374,1394,1345,1779
5653990,465.7,335.625,463.62,337.8,393,1358,374,1383,1348,1778
5653992,466.18,335.775,463.7,337.725,399,1359,376,1383,1347,1777
5653994,466.1,335.175,463.54,338.475,399,1353,375,1391,1352,1778
5653996,466.02,334.8,463.78,338.025,398,1349,378,1387,1351,1775
5653998,466.34,335.325,464.1,338.175,402,1355,382,1388,1349,1776
5654000,465.78,335.7,463.86,337.95,398,1359,380,1386,1347,1776
5654002,466.1,335.175,463.7,338.1,400,1354,378,1388,1360,1776
5654004,465.94,334.875,463.7,337.875,399,1351,379,1386,1356,1776
5654006,465.94,335.7,463.7,338.7,400,1360,380,1395,1352,1776
5654008,466.74,335.7,463.46,338.625,410,1360,379,1395,1354,1779
5654010,466.66,335.85,463.94,338.175,409,1362,383,1389,1355,1776
5654012,466.1,335.85,464.26,338.325,404,1362,387,1391,1349,1772
5654014,466.5,335.775,464.26,338.1,409,1361,388,1388,1355,1773
5654016,466.66,335.625,464.1,338.25,412,1360,387,1391,1355,1776
5654018,465.94,335.175,463.78,338.475,403,1356,384,1394,1350,1772
5654020,466.74,335.325,464.18,338.1,412,1357,389,1390,1348,1775
5654022,466.42,335.7,463.94,337.95,409,1361,386,1388,1355,1776
5654024,466.1,335.475,463.38,337.95,407,1359,381,1389,1347,1775
5654026,465.86,335.55,464.02,337.8,404,1360,388,1386,1352,1775
5654028,465.62,335.7,463.62,337.575,403,1362,384,1385,1351,1775
5654030,465.62,334.875,463.78,337.125,402,1353,385,1380,1347,1773
5654032,465.62,334.95,463.14,336.825,403,1354,379,1377,1354,1777
5654034,466.26,334.725,463.62,336.825,409,1351,384,1376,1354,1777
5654036,466.02,334.275,463.62,337.2,407,1346,385,1381,1352,1776
5654038,465.78,334.425,463.38,336.825,405,1348,382,1377,1347,1776
5654040,465.86,333.75,463.7,336.375,405,1341,385,1372,1353,1777
5654042,465.46,335.025,463.38,336.975,402,1355,382,1378,1353,1776
5654044,464.98,334.425,463.46,336.975,397,1348,383,1378,1348,1778
5654046,465.54,333.225,463.14,337.5,402,1335,381,1384,1352,1776
5654048,465.46,333.975,463.06,337.05,401,1343,380,1379,1353,1778
5654050,464.9,334.5,463.14,337.275,396,1350,380,1381,1350,1777
5654052,465.22,334.725,463.06,337.5,400,1351,380,1384,1352,1776
5654054,464.66,334.575,462.9,337.5,393,1350,378,1383,1356,1776
5654056,465.22,334.8,462.74,337.425,400,1352,376,1383,1353,1779
5654058,465.06,334.5,462.74,337.05,397,1349,376,1379,1354,1781
5654060,464.34,335.25,462.9,337.8,390,1357,378,1387,1355,1778
5654062,464.02,334.8,462.26,337.575,386,1353,371,1385,1349,1778
5654064,463.62,335.1,462.74,337.425,382,1356,375,1383,1352,1776
5654066,463.94,335.175,461.86,338.4,385,1357,367,1394,1348,1779
5654068,463.62,334.425,462.34,338.1,381,1349,371,1390,1354,1782
5654070,463.38,334.95,462.02,337.725,379,1355,368,1387,1350,1780
5654072,463.86,335.1,461.86,337.95,384,1356,366,1389,1352,1782
5654074,463.3,334.5,462.18,337.875,377,1350,369,1388,1351,1781
5654076,463.22,334.65,461.78,338.025,376,1352,364,1390,1350,1781
5654078,463.46,333.9,461.22,337.575,378,1344,358,1386,1345,1781
5654080,463.62,334.5,461.7,337.275,379,1350,362,1382,1353,1781
5654082,463.14,334.8,461.62,337.425,375,1354,361,1383,1350,1782
5654084,463.46,333.975,461.54,338.325,376,1344,361,1394,1346,1779
5654086,463.7,334.725,461.78,337.725,380,1352,363,1386,1354,1776
5654088,463.78,335.025,461.86,337.65,380,1356,363,1386,1352,1778
5654090,463.38,334.575,461.7,337.875,376,1351,361,1389,1349,1781
5654092,463.22,334.5,461.7,337.95,373,1351,361,1390,1349,1781
5654094,463.54,334.875,462.18,337.8,377,1355,365,1387,1351,1780
5654096,463.62,334.425,461.94,338.475,377,1350,364,1396,1349,1777
5654098,463.7,334.725,461.86,338.175,378,1353,362,1392,1352,1777
5654100,463.78,335.325,461.78,338.025,379,1360,360,1391,1354,1780
5654102,463.78,335.1,461.54,338.175,378,1357,358,1393,1353,1778
5654104,464.26,335.175,461.78,337.875,383,1358,360,1390,1357,1779
5654106,463.86,335.25,462.42,338.175,379,1359,367,1392,1358,1781
5654108,464.26,335.4,461.7,338.025,383,1361,359,1392,1352,1778
5654110,464.18,336,461.94,337.875,383,1367,362,1391,1355,1778
5654112,463.86,335.1,462.26,338.1,378,1359,364,1393,1355,1777
5654114,464.1,335.25,461.86,338.475,381,1360,360,1398,1351,1777
5654116,464.02,335.625,462.18,338.25,380,1364,363,1395,1352,1776
5654118,463.62,335.1,462.26,338.1,376,1359,364,1393,1353,1777
5654120,463.78,334.875,461.94,338.1,376,1357,360,1394,1353,1779
5654122,464.02,335.1,462.1,337.65,379,1359,362,1389,1352,1779
5654124,464.1,335.4,462.1,337.875,380,1363,362,1392,1354,1775
5654126,464.66,335.175,462.1,338.4,385,1360,362,1398,1353,1778
5654128,463.86,334.575,461.54,338.4,377,1355,356,1399,1350,1777
5654130,464.58,335.475,462.02,338.325,385,1364,361,1398,1353,1778
5654132,464.66,334.5,462.18,338.25,385,1354,362,1397,1351,1778
5654134,464.42,335.25,462.02,338.025,383,1362,361,1394,1354,1775
5654136,464.66,334.125,462.5,338.625,384,1350,367,1401,1353,1779
5654138,464.1,334.725,462.66,338.025,379,1357,367,1395,1352,1775
5654140,464.02,335.25,462.42,338.325,379,1363,365,1398,1353,1776
5654142,464.34,334.95,462.82,338.25,382,1359,369,1397,1352,1774
5654144,464.34,335.4,462.26,338.025,382,1365,363,1395,1353,1774
5654146,464.9,334.8,462.58,338.25,388,1358,367,1398,1353,1773
5654148,465.06,335.1,462.58,338.475,389,1361,367,1400,1356,1773
5654150,464.5,335.1,462.98,337.875,383,1362,370,1393,1353,1774
5654152,464.66,335.325,462.66,338.25,385,1364,367,1398,1354,1773
5654154,465.22,334.8,463.06,337.95,390,1358,371,1394,1354,1773
5654156,465.14,335.025,462.82,338.175,390,1360,369,1397,1357,1770
5654158,465.22,334.875,462.98,338.475,391,1358,371,1400,1355,1771
5654160,464.58,334.65,462.98,338.325,383,1357,370,1398,1354,1771
5654162,464.9,335.4,462.74,338.1,388,1365,367,1396,1354,1769
5654164,465.38,335.025,462.42,338.55,392,1360,364,1402,1357,1767
5654166,464.66,335.55,463.14,338.925,385,1367,372,1405,1353,1766
5654168,464.98,335.325,462.58,338.475,388,1363,366,1400,1353,1766
5654170,464.5,334.65,462.66,338.475,382,1357,367,1401,1354,1763
5654172,464.42,334.875,462.82,338.55,382,1359,368,1400,1352,1763
5654174,465.38,334.125,462.58,338.625,391,1350,366,1402,1351,1764
5654176,464.9,333.975,462.66,338.325,386,1349,367,1398,1353,1758
5654178,464.9,334.8,462.42,338.025,387,1358,364,1395,1354,1761
5654180,465.3,334.125,462.5,338.325,391,1349,365,1398,1349,1756
5654182,465.06,333.9,462.66,337.725,388,1347,366,1391,1354,1757
5654184,465.14,334.125,462.02,338.025,389,1349,360,1395,1352,1754
5654186,465.3,334.125,462.74,338.025,390,1349,367,1393,1352,1751
5654188,465.06,334.125,462.82,338.7,388,1349,370,1401,1353,1756
5654190,465.06,334.2,462.5,337.575,388,1349,365,1389,1353,1752
5654192,465.14,333.975,462.98,338.325,390,1346,371,1396,1351,1752
5654194,465.14,333.975,462.98,337.875,389,1346,370,1391,1352,1747
5654196,464.74,334.2,462.26,338.1,385,1349,364,1393,1351,1746
5654198,465.38,333.75,462.82,338.025,392,1343,369,1392,1349,1748
5654200,465.06,334.275,463.06,337.875,389,1348,372,1389,1351,1745
5654202,464.58,333.825,462.74,338.55,384,1344,370,1397,1354,1746
5654204,465.54,333.75,462.74,339,394,1342,370,1402,1353,1745
5654206,465.14,333.975,462.98,337.725,390,1344,371,1388,1351,1744
5654208,464.74,334.5,462.66,338.325,386,1350,369,1394,1350,1739
5654210,464.9,333.9,462.66,338.775,387,1344,368,1399,1342,1742
5654212,464.74,334.725,463.14,338.025,387,1352,373,1390,1348,1739
5654214,465.38,334.275,462.9,338.625,393,1347,371,1397,1346,1738
5654216,465.22,333.675,463.38,338.925,390,1341,377,1399,1344,1732
5654218,465.38,333.975,463.54,338.4,392,1343,378,1393,1348,1734
5654220,465.06,334.95,463.3,338.625,390,1354,375,1396,1345,1734
5654222,464.9,334.35,463.06,339,388,1348,373,1400,1342,1730
5654224,465.7,333.825,463.22,338.85,395,1341,375,1398,1343,1731
5654226,465.22,334.125,462.82,338.85,390,1345,370,1398,1342,1732
5654228,465.22,334.05,463.22,339.3,390,1344,375,1402,1338,1726
5654230,465.22,335.025,463.06,339.15,391,1355,373,1401,1340,1728
5654232,465.14,334.95,463.3,339.75,390,1353,376,1408,1342,1724
5654234,465.14,334.65,463.38,339.6,390,1350,376,1406,1341,1727
5654236,465.14,334.725,463.06,339.6,390,1351,373,1406,1337,1722
5654238,465.06,334.5,463.3,339.075,389,1348,375,1401,1338,1721
5654240,465.46,334.8,463.7,340.35,393,1352,380,1413,1338,1715
5654242,465.86,334.65,463.14,340.65,397,1350,374,1418,1336,1716
5654244,465.78,334.8,463.62,340.5,396,1352,379,1416,1336,1715
5654246,465.14,335.325,463.78,340.725,390,1358,381,1418,1338,1713
5654248,465.78,334.65,463.7,341.025,396,1350,381,1421,1333,1710
5654250,466.02,334.875,463.86,340.8,399,1352,382,1419,1333,1711
5654252,466.02,335.4,463.94,341.025,399,1358,383,1421,1334,1707
5654254,466.34,335.325,464.02,340.725,402,1357,383,1418,1332,1707
5654256,467.3,334.275,464.42,340.275,411,1345,387,1413,1331,1709
5654258,467.94,335.1,464.58,340.2,419,1353,388,1412,1330,1704
5654260,468.58,334.65,465.22,339.675,425,1348,395,1406,1331,1699
5654262,468.1,334.875,464.98,340.125,420,1351,392,1411,1329,1698
5654264,468.74,334.725,465.06,339.975,426,1349,393,1410,1326,1698
5654266,468.26,334.5,464.9,339.225,421,1347,391,1402,1329,1693
5654268,467.7,334.35,464.74,339.3,415,1347,389,1403,1327,1693
5654270,467.22,334.575,464.5,340.125,410,1349,387,1413,1324,1693
5654272,467.7,334.425,464.02,339.6,415,1348,381,1408,1326,1691
5654274,467.78,334.65,464.02,339.45,416,1350,381,1406,1324,1691
5654276,467.38,334.425,464.1,339.075,412,1349,382,1402,1325,1688
5654278,467.7,333.9,464.5,339.15,414,1342,386,1403,1324,1686
5654280,467.38,334.425,463.94,339.825,411,1349,381,1411,1321,1682
5654282,467.54,333.6,464.26,338.85,412,1339,383,1400,1321,1684
5654284,467.3,334.2,464.02,339.3,411,1347,381,1406,1323,1681
5654286,467.62,334.425,464.1,339.075,414,1349,381,1403,1321,1675
5654288,467.54,334.425,464.1,338.7,413,1349,381,1400,1322,1676
5654290,467.7,333.9,463.78,338.175,415,1343,378,1394,1320,1674
5654292,467.38,334.95,464.02,338.775,412,1355,380,1401,1323,1674
5654294,467.7,334.2,463.62,338.475,414,1347,376,1398,1320,1670
5654296,467.22,334.425,463.62,338.925,410,1350,376,1403,1320,1672
5654298,467.38,334.35,463.62,338.925,411,1349,376,1402,1319,1668
5654300,467.46,333.675,463.54,339.075,411,1342,375,1404,1317,1667
5654302,467.86,334.35,463.14,338.925,416,1349,371,1403,1324,1667
5654304,467.38,334.2,463.7,339.225,411,1347,377,1406,1321,1663
5654306,467.22,334.275,463.06,339.525,409,1349,371,1410,1314,1663
5654308,467.14,333.975,462.9,339.375,407,1346,369,1409,1317,1666
5654310,467.14,334.2,462.82,340.05,408,1349,368,1417,1318,1660
5654312,467.46,333.375,463.38,339.675,410,1339,374,1412,1314,1658
5654314,466.98,333.225,463.06,339.3,405,1338,370,1408,1312,1661
5654316,466.66,333.6,463.38,339.525,402,1342,374,1410,1314,1657
5654318,466.5,333.15,462.9,339.975,400,1337,369,1415,1312,1654
5654320,466.58,333.525,463.3,339.675,401,1341,373,1412,1313,1651
5654322,466.34,333.675,462.74,339.525,398,1343,367,1411,1312,1650
5654324,466.42,333.3,462.9,340.05,399,1339,369,1416,1311,1651
5654326,466.02,333.075,462.82,339.075,394,1337,368,1406,1311,1655
5654328,466.5,333.15,463.06,341.025,400,1338,371,1426,1312,1645
5654330,466.1,333.075,462.5,340.125,395,1337,364,1417,1309,1646
5654332,466.02,333.375,462.66,340.5,395,1340,367,1421,1306,1643
5654334,466.26,332.85,462.98,340.65,397,1334,370,1422,1311,1642
5654336,466.18,333.15,462.9,340.425,395,1337,369,1420,1309,1642
5654338,466.34,333.45,462.66,340.575,398,1340,366,1422,1308,1636
5654340,466.02,333.375,463.3,341.1,394,1339,373,1426,1306,1638
5654342,466.26,333.6,462.74,340.95,397,1342,367,1426,1308,1638
5654344,466.1,333.225,462.74,340.8,395,1338,367,1423,1309,1638
5654346,466.18,333.3,462.82,340.725,395,1339,368,1423,1307,1636
5654348,466.18,333.6,462.98,341.4,396,1341,370,1429,1308,1636
5654350,466.26,333.9,462.42,341.475,396,1344,364,1431,1307,1632
5654352,466.58,333.45,462.58,341.4,399,1339,366,1430,1305,1630
5654354,466.34,333.9,462.98,342.075,397,1345,371,1436,1306,1632
5654356,466.42,334.125,462.5,341.85,399,1347,365,1435,1301,1630
5654358,466.1,334.35,463.14,341.85,395,1349,372,1434,1304,1634
5654360,466.34,333.75,462.66,342,397,1342,367,1436,1305,1628
5654362,465.86,333.825,462.42,341.85,392,1344,364,1434,1305,1630
5654364,466.1,333.9,462.82,342.15,394,1344,368,1437,1307,1629
5654366,466.18,334.2,462.9,341.925,395,1347,369,1435,1306,1628
5654368,466.1,334.425,463.14,342.825,395,1350,372,1444,1305,1622
5654370,466.42,333.75,462.9,342.675,398,1342,369,1442,1304,1625
5654372,466.42,333.75,463.3,342.375,398,1342,374,1439,1303,1625
5654374,466.58,333.975,462.9,341.775,399,1344,368,1433,1306,1625
5654376,466.18,334.425,462.98,341.775,395,1349,370,1432,1304,1622
5654378,466.9,334.275,462.74,342.225,403,1347,367,1437,1301,1629
5654380,466.18,333.525,462.5,342.675,395,1340,365,1443,1303,1618
5654382,466.18,334.35,462.74,342.975,395,1349,369,1446,1304,1618
5654384,465.62,334.725,462.98,342.6,391,1353,371,1442,1302,1616
5654386,466.42,334.05,462.74,342.225,398,1345,368,1438,1300,1614
5654388,466.58,333.525,462.98,341.7,400,1340,370,1432,1302,1616
5654390,466.34,334.05,462.58,341.85,398,1345,367,1434,1304,1614
5654392,466.02,333.75,462.66,341.775,395,1342,367,1434,1303,1615
5654394,466.18,334.35,462.42,342.375,397,1349,366,1440,1300,1614
5654396,466.5,333.75,462.66,341.85,400,1342,368,1434,1300,1614
5654398,465.78,333.75,462.58,342.525,392,1343,368,1442,1305,1610
5654400,466.58,334.35,462.42,342.225,402,1349,366,1439,1301,1615
5654402,465.94,333.675,462.9,342.225,394,1342,371,1438,1303,1610
5654404,466.42,333.6,462.74,342.825,400,1341,371,1445,1301,1612
5654406,466.66,334.425,462.74,341.4,403,1350,369,1429,1296,1611
5654408,466.66,334.65,462.82,342.9,404,1353,372,1446,1294,1613
5654410,466.82,333.975,462.66,342.75,405,1345,370,1445,1298,1613
5654412,466.58,334.65,462.58,342.675,404,1353,370,1445,1296,1608
5654414,466.18,334.575,462.82,343.125,399,1353,373,1449,1293,1609
5654416,466.58,335.25,462.5,343.575,405,1360,370,1454,1298,1606
5654418,466.74,334.95,462.42,343.275,407,1357,370,1451,1299,1608
5654420,466.5,335.025,462.66,344.175,404,1358,373,1462,1292,1608
5654422,466.9,335.25,462.66,343.125,409,1360,372,1450,1295,1609
5654424,466.98,334.95,462.74,343.725,410,1357,374,1457,1297,1611
5654426,466.34,335.85,462.66,343.95,404,1368,374,1459,1292,1609
5654428,466.18,335.625,462.82,344.1,402,1366,375,1461,1295,1605
5654430,466.66,334.8,462.58,343.65,407,1357,373,1456,1294,1606
5654432,466.1,335.625,462.9,343.2,402,1366,376,1452,1293,1604
5654434,466.82,335.55,462.66,343.875,409,1364,374,1459,1292,1601
5654436,466.58,335.475,462.42,343.875,407,1365,372,1461,1291,1604
5654438,467.06,335.85,462.18,342.825,413,1368,368,1449,1292,1603
5654440,466.42,336.45,462.42,343.05,406,1376,371,1452,1290,1598
5654442,466.82,334.65,461.78,342.975,409,1356,364,1452,1293,1603
5654444,466.66,334.575,462.42,342.9,407,1356,371,1451,1291,1599
5654446,466.5,335.175,461.78,342.975,406,1362,365,1452,1291,1598
5654448,466.5,334.575,461.94,342.3,406,1356,366,1445,1297,1598
5654450,466.82,334.125,462.5,342.375,408,1351,372,1445,1291,1597
5654452,466.82,334.8,462.1,342.225,410,1358,368,1444,1287,1594
5654454,466.34,334.8,462.1,341.7,405,1359,367,1438,1294,1599
5654456,467.14,334.5,461.78,342.3,413,1356,365,1446,1292,1597
5654458,466.9,335.025,462.02,342.825,411,1361,368,1451,1291,1599
5654460,466.5,334.875,461.78,342.675,407,1360,365,1450,1291,1595
5654462,466.58,335.325,461.7,342.975,408,1365,364,1454,1292,1597
5654464,466.66,334.575,462.18,342.75,409,1356,370,1450,1293,1595
5654466,466.58,334.575,462.18,342.15,408,1357,370,1444,1294,1589
5654468,466.42,335.1,462.02,341.925,407,1363,368,1441,1291,1594
5654470,466.9,334.5,461.94,342.075,411,1356,367,1443,1291,1596
5654472,467.06,334.875,462.18,342.3,414,1359,370,1445,1292,1596
5654474,466.42,335.175,462.02,342.3,407,1364,368,1445,1296,1589
5654476,466.74,335.1,461.38,341.925,411,1362,361,1442,1290,1593
5654478,466.66,334.875,461.78,342,410,1360,366,1442,1292,1591
5654480,466.5,335.1,461.3,342,408,1362,361,1443,1289,1589
5654482,466.58,334.425,461.22,342.15,409,1355,360,1444,1293,1592
5654484,466.34,335.325,462.58,342,408,1365,374,1441,1292,1587
5654486,466.18,334.425,461.22,342.975,405,1355,361,1453,1293,1586
5654488,466.66,335.175,461.38,343.875,411,1363,364,1463,1290,1592
5654490,467.06,335.4,461.78,342.45,415,1365,367,1446,1290,1587
5654492,467.46,335.025,462.66,342,419,1360,376,1441,1289,1585
5654494,467.86,334.275,463.06,341.475,423,1351,380,1434,1292,1584
5654496,468.58,333.6,463.46,340.2,430,1343,382,1420,1287,1583
5654498,469.94,331.5,464.18,338.475,442,1319,388,1401,1291,1584
5654500,470.34,330.225,464.66,338.55,445,1304,393,1400,1287,1579
5654502,471.3,329.55,465.62,336.975,454,1296,402,1383,1290,1581
5654504,471.46,327.825,465.22,336,454,1277,398,1372,1286,1580
5654506,472.34,326.925,465.62,335.025,463,1266,401,1361,1284,1580
5654508,472.5,325.95,465.54,334.725,463,1255,399,1358,1283,1586
5654510,473.7,324.525,465.86,334.05,475,1239,402,1350,1283,1585
5654512,474.18,323.85,465.38,333.75,479,1230,397,1347,1285,1583
5654514,474.26,324.45,465.46,333.075,481,1237,398,1340,1285,1585
5654516,473.54,323.775,465.22,332.475,473,1231,394,1334,1286,1587
5654518,473.46,324.225,464.74,334.275,472,1235,391,1354,1290,1580
5654520,473.14,324.675,465.06,335.1,470,1241,396,1363,1285,1577
5654522,473.14,324.375,465.22,334.725,470,1237,397,1358,1286,1580
5654524,473.62,324.9,465.62,335.625,475,1242,402,1367,1290,1578
5654526,473.38,324.9,465.38,334.875,473,1243,399,1360,1285,1581
5654528,473.14,325.875,465.22,335.475,471,1253,398,1366,1284,1577
5654530,473.3,324.6,465.46,334.35,472,1240,399,1354,1286,1583
5654532,473.62,324.225,465.86,335.025,475,1235,405,1360,1289,1580
5654534,473.06,325.65,466.1,335.025,470,1251,407,1360,1286,1579
5654536,473.22,324.45,465.22,334.05,472,1238,397,1350,1286,1583
5654538,473.86,323.775,465.22,333.75,477,1230,397,1347,1288,1583
5654540,473.38,324.75,465.06,334.275,473,1241,396,1353,1283,1582
5654542,473.94,323.175,465.3,332.775,478,1223,397,1336,1286,1587
5654544,473.86,322.875,465.14,333.525,477,1220,397,1344,1289,1584
5654546,474.02,322.875,465.14,332.475,479,1219,396,1333,1288,1587
5654548,474.02,323.1,465.78,332.625,479,1222,402,1334,1285,1588
5654550,474.26,323.1,465.3,333.225,481,1221,398,1341,1286,1585
5654552,474.18,322.35,465.86,332.625,480,1213,403,1334,1284,1588
5654554,474.02,322.8,465.62,332.325,479,1218,401,1331,1286,1588
5654556,474.34,322.2,465.62,333.75,482,1212,402,1346,1287,1582
5654558,473.94,322.8,465.54,334.05,478,1218,401,1349,1286,1582
5654560,474.26,323.25,465.7,334.125,482,1223,404,1350,1288,1583
5654562,473.86,323.7,466.34,332.625,478,1228,409,1333,1288,1585
5654564,473.78,323.175,466.18,333.675,477,1222,408,1344,1286,1584
5654566,473.86,323.775,466.02,334.125,479,1229,407,1349,1289,1583
5654568,473.62,324.6,465.7,334.35,477,1238,404,1352,1288,1583
5654570,473.7,324.45,465.22,334.8,477,1236,399,1357,1287,1582
5654572,474.1,324,465.62,335.55,481,1231,404,1365,1289,1580
5654574,472.66,324.825,465.78,336,467,1241,406,1369,1285,1580
5654576,473.3,325.2,465.86,336.075,474,1245,407,1370,1287,1579
5654578,473.14,325.05,465.86,335.775,472,1243,406,1367,1291,1579
5654580,472.58,326.4,466.26,336.075,467,1258,411,1370,1289,1579
5654582,472.74,326.1,465.78,335.775,469,1255,405,1368,1290,1580
5654584,472.66,325.5,465.78,336.75,467,1249,407,1378,1286,1579
5654586,472.5,326.1,465.7,336.975,466,1255,406,1381,1290,1577
5654588,473.14,324.75,465.7,336.45,471,1240,405,1375,1292,1580
5654590,472.5,325.5,465.62,336.525,465,1249,404,1376,1289,1579
5654592,471.7,327.225,465.78,336.675,458,1269,405,1378,1289,1578
5654594,472.42,326.625,465.22,335.925,465,1262,399,1370,1289,1579
5654596,472.58,325.8,466.18,336.525,465,1253,409,1376,1290,1580
5654598,472.34,325.425,465.86,335.925,463,1249,406,1370,1290,1580
5654600,472.34,325.575,465.7,336.375,463,1251,404,1375,1287,1578
5654602,472.5,325.8,466.26,336.225,464,1253,410,1373,1288,1581
5654604,472.02,326.55,465.54,336.675,460,1262,402,1378,1291,1579
5654606,472.26,326.25,465.86,336.075,462,1258,405,1372,1288,1581
5654608,472.1,326.25,466.1,336.6,460,1259,408,1377,1292,1579
5654610,471.78,326.25,466.34,336.45,456,1259,409,1376,1290,1580
5654612,472.26,326.175,465.86,336.075,461,1258,403,1372,1289,1579
5654614,471.22,326.7,466.02,336.375,450,1264,405,1376,1290,1581
5654616,471.7,326.7,465.94,336.375,454,1265,404,1375,1289,1579
5654618,471.22,326.1,465.54,336.525,449,1259,400,1378,1289,1580
5654620,471.46,326.175,465.46,336.3,450,1259,398,1375,1290,1582
5654622,470.58,326.625,465.54,336.975,442,1265,400,1382,1290,1580
5654624,470.98,326.85,465.3,336.375,445,1266,395,1376,1284,1584
5654626,470.66,325.125,465.14,336.675,440,1248,394,1379,1287,1584
5654628,470.18,326.1,465.06,336.75,435,1259,392,1380,1287,1583
5654630,469.94,325.725,465.14,336.9,432,1255,394,1382,1288,1583
5654632,469.94,325.575,464.98,336.6,431,1253,390,1378,1290,1587
5654634,469.38,326.1,464.82,336.525,425,1260,389,1378,1289,1583
5654636,468.98,325.725,465.22,336.45,420,1256,391,1376,1290,1588
5654638,469.7,324.3,464.74,336.375,426,1239,386,1375,1295,1588
5654640,469.62,326.1,464.26,336.375,425,1259,380,1375,1294,1587
5654642,469.54,325.425,464.5,336.15,424,1251,383,1373,1292,1588
5654644,469.46,325.95,464.98,336.75,423,1256,387,1378,1293,1587
5654646,469.78,324.75,464.82,336.6,425,1243,385,1377,1298,1589
5654648,469.38,325.275,464.74,336.375,420,1249,383,1374,1292,1591
5654650,469.22,325.35,464.82,336.75,419,1250,384,1378,1296,1589
5654652,469.3,324.375,464.9,336.45,417,1238,383,1374,1298,1588
5654654,469.22,324.75,464.9,336.3,416,1243,383,1372,1293,1590
5654656,468.66,324.75,464.66,336.975,409,1242,380,1380,1297,1590
5654658,469.38,324.75,465.06,336.375,417,1242,384,1373,1294,1591
5654660,469.62,324.375,464.9,336.6,418,1237,381,1374,1297,1591
5654662,469.54,324.75,464.9,336.375,418,1241,381,1372,1296,1592
5654664,469.54,325.35,464.9,336.6,418,1246,380,1374,1295,1593
5654666,469.7,324.3,465.06,336.825,418,1235,382,1376,1296,1592
5654668,469.86,324.375,465.06,336.75,419,1235,381,1375,1293,1592
5654670,469.14,324.9,465.22,337.125,412,1242,383,1379,1294,1593
5654672,469.86,324.6,465.06,336.675,418,1238,380,1373,1295,1593
5654674,469.62,324.45,464.66,336.15,416,1236,375,1368,1293,1596
5654676,470.82,324.6,465.06,337.125,428,1236,380,1378,1292,1593
5654678,470.26,324.75,465.46,336.975,422,1238,384,1376,1297,1594
5654680,470.82,325.275,465.46,337.425,428,1243,384,1380,1297,1591
5654682,470.74,325.725,465.78,336.975,428,1248,387,1375,1297,1592
5654684,470.26,324.825,465.62,336.825,421,1239,384,1373,1299,1592
5654686,470.66,326.25,465.3,337.125,427,1253,381,1377,1300,1593
5654688,471.06,326.025,465.54,336.975,430,1250,384,1375,1301,1594
5654690,470.66,326.775,465.78,337.35,427,1259,387,1379,1304,1596
5654692,471.62,326.25,466.66,337.5,437,1252,395,1379,1301,1596
5654694,471.46,325.95,466.74,337.275,435,1249,397,1377,1301,1592
5654696,472.66,325.875,466.98,337.125,447,1247,399,1375,1299,1594
5654698,472.82,326.1,467.38,337.275,448,1249,403,1376,1299,1601
5654700,473.3,325.2,467.62,337.5,453,1239,406,1378,1300,1602
5654702,473.46,325.2,467.94,337.425,455,1238,410,1377,1302,1601
5654704,473.54,325.275,468.26,337.65,456,1239,413,1379,1304,1598
5654706,473.94,325.05,467.62,337.95,460,1236,407,1383,1302,1598
5654708,474.18,325.5,467.7,338.25,463,1241,408,1386,1301,1601
5654710,474.34,325.875,467.86,337.2,465,1245,409,1374,1301,1599
5654712,474.26,326.25,468.26,337.5,465,1249,414,1378,1303,1601
5654714,474.1,326.775,467.86,337.35,465,1255,410,1376,1304,1605
5654716,474.42,326.25,468.34,337.575,467,1249,415,1378,1304,1600
5654718,474.58,325.725,469.14,336.9,469,1243,423,1370,1304,1600
5654720,474.26,325.875,468.9,337.05,466,1246,421,1372,1299,1601
5654722,474.5,325.875,468.5,337.65,469,1245,418,1379,1302,1604
5654724,474.74,325.5,468.9,338.025,472,1241,423,1383,1300,1601
5654726,474.58,326.25,468.58,337.575,471,1250,419,1379,1301,1603
5654728,474.18,326.85,468.18,338.025,468,1257,417,1384,1304,1605
5654730,474.1,327.15,468.74,337.875,468,1260,422,1382,1306,1605
5654732,474.34,326.025,468.66,337.8,470,1248,422,1382,1303,1600
5654734,474.1,326.925,468.34,337.575,468,1258,419,1379,1305,1605
5654736,474.18,327.6,468.66,337.575,471,1266,423,1380,1307,1605
5654738,474.1,325.95,468.74,338.475,468,1248,424,1389,1303,1603
5654740,474.34,327.15,468.9,337.95,472,1262,426,1384,1305,1609
5654742,474.34,327.225,469.14,337.725,473,1262,428,1382,1306,1606
5654744,473.86,326.625,468.5,338.4,468,1257,424,1390,1306,1606
5654746,474.34,327.225,468.34,337.875,473,1262,421,1384,1306,1611
5654748,473.86,327,468.82,337.875,469,1261,427,1385,1308,1609
5654750,474.18,326.625,468.42,338.85,472,1257,424,1395,1306,1608
5654752,474.18,327.9,468.02,338.775,474,1271,420,1395,1307,1612
5654754,473.54,327.825,468.58,338.475,467,1271,426,1392,1314,1610
5654756,473.78,327.75,468.26,338.25,470,1270,423,1390,1310,1612
5654758,473.94,326.7,468.58,338.85,471,1259,427,1396,1309,1612
5654760,473.78,327.675,468.5,338.7,471,1269,426,1395,1307,1610
5654762,473.86,327.975,468.58,338.475,472,1273,427,1392,1309,1616
5654764,473.94,327.525,468.34,338.7,473,1269,426,1395,1307,1613
5654766,473.46,327.6,468.66,338.475,468,1270,429,1392,1305,1616
5654768,473.62,327.6,468.1,337.95,470,1269,423,1388,1309,1617
5654770,473.38,327.15,467.54,338.025,467,1265,417,1389,1308,1621
5654772,473.94,327,468.26,336.975,474,1263,424,1378,1309,1616
5654774,473.46,327.45,467.94,336.6,469,1268,420,1374,1311,1619
5654776,473.38,326.925,467.62,337.425,468,1263,418,1383,1309,1619
5654778,473.38,326.25,467.54,336.45,467,1256,416,1372,1305,1617
5654780,473.46,326.925,467.06,336.075,469,1263,411,1370,1311,1618
5654782,473.62,326.475,466.98,336.375,470,1258,410,1373,1309,1616
5654784,473.62,325.8,466.58,336.15,469,1251,407,1371,1306,1619
5654786,472.98,327.375,466.34,335.25,465,1268,403,1361,1311,1621
5654788,473.46,326.625,466.42,334.875,469,1260,403,1357,1310,1624
5654790,472.98,326.55,466.1,334.425,464,1259,400,1353,1311,1623
5654792,472.98,327.3,466.42,333.9,465,1268,403,1346,1313,1625
5654794,473.14,327,466.5,335.85,466,1265,405,1367,1309,1622
5654796,472.18,326.4,466.02,335.55,456,1259,400,1365,1314,1622
5654798,472.42,327.3,466.02,334.575,459,1268,400,1354,1316,1628
5654800,472.26,327.9,466.18,336.675,458,1275,403,1377,1317,1623
5654802,472.5,327.825,465.94,336,460,1274,400,1369,1315,1619
5654804,472.18,328.425,466.34,335.7,458,1281,403,1366,1318,1624
5654806,471.78,328.425,466.18,336.6,453,1281,403,1376,1316,1623
5654808,471.7,327.825,465.78,336.075,452,1275,398,1371,1316,1620
5654810,471.54,328.425,465.78,335.85,451,1281,398,1368,1318,1631
5654812,471.78,328.425,466.26,336.9,453,1282,403,1379,1317,1625
5654814,471.86,327.525,465.38,336.3,453,1272,393,1374,1319,1625
5654816,471.86,328.575,465.62,334.725,454,1283,395,1357,1319,1629
5654818,471.3,328.65,465.78,337.2,448,1285,399,1383,1320,1628
5654820,471.54,328.275,465.46,336.825,449,1280,395,1380,1315,1627
5654822,471.38,328.5,465.86,336.075,448,1283,398,1372,1324,1632
5654824,470.82,327.675,465.94,337.575,441,1275,400,1387,1326,1628
5654826,471.78,328.05,465.78,336.75,452,1278,397,1379,1322,1630
5654828,470.9,328.875,465.22,335.4,443,1289,389,1365,1318,1629
5654830,471.38,328.425,465.46,335.1,447,1283,392,1362,1325,1630
5654832,471.38,328.05,465.78,336.75,447,1280,397,1380,1322,1631
5654834,471.46,328.05,465.54,336.825,447,1279,395,1381,1318,1631
5654836,472.02,327.9,465.7,336.075,452,1277,395,1373,1321,1634
5654838,471.62,327.525,465.54,336.15,448,1273,393,1374,1323,1635
5654840,471.46,328.05,465.78,336,447,1280,395,1372,1321,1631
5654842,471.54,329.025,465.86,335.325,448,1291,396,1365,1323,1636
5654844,471.62,328.275,465.46,335.925,448,1282,391,1373,1323,1637
5654846,471.3,327.75,465.94,336.3,444,1277,396,1376,1319,1633
5654848,471.22,329.325,465.46,335.475,445,1295,390,1367,1324,1638
5654850,471.78,328.35,465.7,335.1,449,1284,393,1363,1325,1637
5654852,471.78,327.375,465.62,335.25,448,1273,391,1365,1323,1636
5654854,471.46,328.8,466.02,334.875,446,1289,396,1361,1324,1635
5654856,471.94,328.125,465.3,335.85,451,1282,389,1373,1324,1640
5654858,471.46,328.275,465.7,334.95,446,1284,392,1363,1324,1637
5654860,471.78,327.75,466.02,335.325,448,1279,395,1367,1321,1639
5654862,471.86,328.275,465.22,334.35,449,1284,386,1357,1320,1640
5654864,472.18,328.95,466.02,334.875,454,1292,395,1362,1322,1642
5654866,471.38,328.5,465.94,336.3,445,1288,396,1378,1320,1637
5654868,472.26,328.2,465.54,335.25,454,1283,390,1367,1318,1639
5654870,472.1,327.9,465.78,335.325,452,1280,393,1367,1322,1643
5654872,472.42,328.575,465.86,335.85,456,1287,395,1374,1321,1641
5654874,472.34,328.5,465.78,336.3,455,1287,394,1379,1317,1637
5654876,472.5,329.625,466.02,336,458,1299,397,1375,1316,1636
5654878,472.42,328.35,466.82,336.225,456,1285,404,1376,1322,1640
5654880,472.5,328.8,466.02,335.325,457,1290,396,1368,1316,1641
5654882,472.74,328.725,466.42,335.325,459,1289,400,1368,1319,1640
5654884,472.42,328.125,466.66,336.3,455,1283,403,1378,1320,1638
5654886,472.58,329.55,466.74,336.075,459,1298,404,1375,1315,1640
5654888,473.22,329.1,466.34,335.775,465,1293,400,1373,1314,1638
5654890,472.98,328.65,466.5,336.075,462,1288,402,1375,1316,1639
5654892,473.3,328.35,466.82,335.85,465,1284,405,1373,1315,1637
5654894,473.22,328.875,466.42,335.1,465,1290,400,1365,1317,1638
5654896,473.14,329.1,466.58,335.475,464,1293,402,1369,1317,1636
5654898,473.54,328.95,466.34,334.875,468,1290,399,1363,1313,1643
5654900,473.14,328.575,466.34,334.875,464,1287,399,1362,1314,1641
5654902,473.22,328.125,466.58,336.45,465,1282,403,1379,1314,1636
5654904,473.14,329.175,465.94,335.925,465,1294,396,1375,1316,1639
5654906,473.38,327.9,466.58,335.325,466,1279,402,1368,1315,1643
5654908,473.7,327.825,466.5,335.85,469,1278,402,1373,1314,1638
5654910,473.3,328.2,466.34,335.025,465,1283,400,1364,1314,1643
5654912,473.62,327.75,466.58,334.95,468,1277,402,1363,1312,1638
5654914,473.62,327.75,466.26,335.925,469,1277,399,1374,1314,1636
5654916,473.38,327.975,466.5,335.1,466,1280,401,1364,1315,1642
5654918,473.62,327.375,465.62,334.2,468,1273,391,1355,1314,1638
5654920,473.38,327.825,466.58,335.025,466,1278,402,1363,1312,1639
5654922,473.38,327.3,465.46,333.975,466,1272,389,1353,1310,1637
5654924,473.7,327.9,466.18,333.975,470,1278,397,1352,1314,1639
5654926,473.54,327.15,466.26,333.75,467,1270,397,1349,1312,1642
5654928,473.62,327.45,466.5,334.65,468,1273,401,1359,1312,1639
5654930,473.94,325.95,466.02,334.35,470,1256,395,1356,1308,1638
5654932,473.94,327.075,465.7,333.6,471,1268,392,1348,1310,1637
5654934,473.38,327.375,465.7,333.6,465,1271,392,1347,1314,1639
5654936,473.7,326.025,465.7,333.9,468,1256,392,1350,1306,1637
5654938,473.54,327.15,466.18,333.375,467,1269,396,1344,1308,1639
5654940,474.02,326.55,466.02,333.75,472,1261,395,1348,1312,1640
5654942,474.18,325.5,466.1,333.45,472,1250,395,1344,1305,1640
5654944,474.1,326.625,466.18,333.3,473,1262,396,1342,1308,1636
5654946,474.5,325.425,466.18,333.45,476,1248,396,1344,1306,1637
5654948,473.86,325.425,466.1,333.9,469,1249,396,1349,1307,1634
5654950,473.86,327.15,465.78,333.3,470,1267,392,1342,1308,1638
5654952,474.42,325.65,466.34,334.5,475,1250,399,1355,1305,1638
5654954,474.18,325.05,466.58,333.6,472,1243,401,1344,1300,1641
5654956,474.42,325.575,466.42,334.05,474,1249,399,1349,1302,1640
5654958,475.06,324,466.26,333.6,479,1231,397,1345,1296,1639
5654960,474.26,326.325,466.42,334.275,474,1257,399,1352,1303,1636
5654962,474.18,326.625,466.34,334.05,473,1260,398,1349,1304,1637
5654964,474.58,325.275,466.5,333.9,475,1245,399,1347,1302,1637
5654966,474.1,326.925,465.54,333.45,472,1263,389,1343,1305,1636
5654968,474.18,326.25,466.5,334.35,472,1255,400,1351,1300,1639
5654970,474.42,325.8,465.94,333.3,474,1250,392,1341,1300,1634
5654972,474.26,326.1,466.18,333.6,472,1253,395,1344,1296,1636
5654974,474.82,325.575,466.5,333.975,478,1247,399,1347,1300,1637
5654976,475.22,325.725,465.86,334.125,481,1248,392,1350,1293,1630
5654978,474.98,325.8,466.18,333.975,480,1250,395,1348,1296,1632
5654980,474.98,325.95,466.82,334.95,479,1251,403,1358,1299,1631
5654982,474.5,327,466.02,334.8,475,1263,394,1356,1292,1629
5654984,473.3,328.95,465.38,334.8,464,1286,387,1357,1299,1630
5654986,471.7,330.3,463.46,336.675,449,1302,369,1380,1291,1633
5654988,470.82,331.35,462.42,339.3,441,1315,360,1410,1294,1631
5654990,468.42,333,461.06,340.425,417,1335,347,1423,1298,1632
5654992,466.74,333.3,460.5,340.875,400,1340,342,1429,1297,1626
5654994,466.18,333.375,459.06,340.95,394,1341,327,1432,1301,1630
5654996,465.94,334.575,459.14,341.325,392,1355,328,1436,1296,1625
5654998,466.1,334.275,458.74,339.75,394,1352,322,1419,1299,1632
5655000,466.98,334.575,459.38,340.275,403,1354,330,1424,1297,1621
5655002,467.3,334.35,459.78,339.375,407,1351,333,1414,1297,1630
5655004,467.86,334.2,459.78,339.3,412,1349,333,1413,1294,1625
5655006,467.94,334.5,460.26,339.975,414,1353,338,1420,1294,1621
5655008,468.74,333.825,460.58,339.75,422,1345,342,1418,1290,1630
5655010,468.74,334.425,460.9,340.2,422,1351,346,1422,1293,1629
5655012,468.9,333,460.82,340.425,422,1336,345,1425,1290,1624
5655014,468.74,333.825,460.98,340.05,422,1345,346,1421,1290,1622
5655016,469.06,333.75,460.42,339.825,425,1345,341,1420,1289,1623
5655018,469.22,333.075,460.02,339.825,426,1337,336,1421,1289,1622
5655020,468.82,333.525,460.5,340.2,422,1343,342,1424,1289,1622
5655022,468.82,333.525,460.18,339.375,422,1342,337,1416,1290,1623
5655024,469.14,333.225,460.34,339.6,426,1340,340,1419,1290,1621
5655026,468.5,333.225,459.78,339.15,419,1340,333,1414,1289,1621
5655028,468.98,333.225,460.42,339.975,424,1340,341,1423,1286,1622
5655030,468.58,333.825,460.02,339.675,420,1347,336,1420,1285,1624
5655032,468.98,334.5,460.26,339.3,425,1354,338,1416,1282,1619
5655034,469.14,333.15,460.18,340.275,426,1340,339,1427,1282,1617
5655036,468.82,333.45,459.86,339.525,423,1343,335,1419,1289,1619
5655038,468.82,333.225,459.94,339.675,422,1341,335,1420,1288,1614
5655040,468.66,332.325,459.94,339.075,420,1332,334,1415,1284,1616
5655042,468.9,332.475,460.1,339.6,422,1333,337,1420,1284,1618
5655044,468.58,331.425,459.62,339.675,418,1322,332,1421,1281,1616
5655046,468.9,332.025,459.78,338.775,422,1329,333,1411,1283,1615
5655048,468.66,332.4,459.94,338.025,419,1333,333,1404,1279,1616
5655050,468.66,332.775,459.46,339.45,419,1337,330,1419,1277,1614
5655052,468.98,332.325,459.62,338.85,422,1332,331,1413,1284,1610
5655054,468.58,331.8,459.38,339.15,417,1326,328,1416,1281,1615
5655056,468.58,331.575,459.3,338.775,417,1325,327,1413,1278,1612
5655058,468.66,331.95,459.46,338.7,418,1329,328,1412,1280,1616
5655060,468.18,331.875,459.7,339.075,413,1327,331,1415,1275,1612
5655062,468.58,332.1,459.38,338.175,417,1330,326,1406,1280,1611
5655064,468.58,331.8,459.78,338.7,416,1326,331,1411,1278,1613
5655066,468.26,331.275,459.22,339.3,413,1321,326,1418,1277,1612
5655068,468.34,331.875,459.14,339,414,1328,325,1415,1281,1611
5655070,468.1,331.575,459.78,338.4,411,1324,331,1407,1276,1611
5655072,468.42,331.2,459.22,338.475,414,1320,324,1409,1273,1606
5655074,468.66,330.9,459.46,338.1,415,1316,326,1404,1279,1610
5655076,468.82,331.5,459.62,339.225,417,1323,328,1416,1274,1609
5655078,468.82,331.2,459.54,337.575,417,1319,326,1399,1274,1612
5655080,468.42,331.725,459.22,338.175,413,1325,323,1405,1276,1611
5655082,468.74,330.75,459.54,338.175,415,1314,326,1405,1276,1611
5655084,468.34,331.725,458.82,338.55,412,1325,319,1410,1276,1607
5655086,468.5,330.525,459.62,338.175,412,1312,327,1404,1272,1610
5655088,468.26,330.6,459.86,338.325,410,1313,329,1406,1275,1608
5655090,468.58,330.675,459.78,338.55,414,1313,329,1408,1276,1609
5655092,468.58,331.575,459.7,338.175,414,1322,328,1404,1274,1610
5655094,468.66,330.3,459.94,338.475,414,1309,330,1407,1273,1608
5655096,469.22,330.675,459.7,338.625,420,1312,328,1409,1272,1606
5655098,468.98,331.05,459.7,338.1,418,1316,328,1403,1272,1609
5655100,469.06,330.9,460.02,338.325,418,1314,331,1404,1271,1609
5655102,469.14,330.45,459.54,338.175,419,1309,326,1403,1270,1605
5655104,468.9,330.75,459.78,338.175,417,1312,329,1403,1272,1609
5655106,468.66,330.375,459.86,337.875,414,1309,329,1400,1267,1609
5655108,469.06,330.075,459.38,338.4,418,1304,325,1405,1268,1606
5655110,469.14,328.725,459.62,338.25,418,1290,328,1404,1266,1608
5655112,468.98,330.45,459.62,338.25,418,1309,328,1404,1270,1606
5655114,469.38,329.85,459.7,338.25,422,1302,329,1404,1268,1606
5655116,469.06,330.6,459.94,338.7,420,1311,332,1409,1267,1606
5655118,469.38,329.7,459.94,337.875,422,1300,331,1399,1264,1609
5655120,469.78,329.325,459.62,338.7,426,1296,329,1408,1265,1602
5655122,468.9,329.7,459.7,338.1,417,1301,330,1402,1266,1609
5655124,469.38,329.55,459.94,338.1,423,1299,333,1402,1267,1606
5655126,469.06,330.375,459.86,338.25,420,1308,332,1403,1266,1606
5655128,469.22,330.525,459.38,338.4,423,1309,327,1405,1267,1604
5655130,469.14,330.15,460.1,337.5,422,1305,334,1395,1267,1606
5655132,468.18,330.525,459.54,337.95,413,1309,329,1399,1267,1604
5655134,469.54,329.475,459.54,337.875,426,1297,329,1399,1266,1605
5655136,468.82,329.775,459.86,338.55,419,1301,334,1406,1264,1601
5655138,469.06,329.4,459.7,337.575,421,1297,332,1396,1264,1608
5655140,469.62,329.475,459.7,338.55,427,1297,333,1406,1262,1601
5655142,468.9,330.075,459.78,337.8,421,1304,332,1398,1264,1606
5655144,468.66,330.75,460.34,338.1,419,1312,339,1400,1267,1603
5655146,468.9,329.925,460.1,338.1,421,1303,337,1401,1260,1605
5655148,468.9,330.3,460.1,337.575,421,1306,337,1395,1265,1606
5655150,469.06,330,460.18,338.25,423,1304,338,1402,1262,1603
5655152,469.22,330.225,460.18,338.775,426,1306,339,1408,1263,1600
5655154,468.9,329.85,460.18,337.95,422,1302,338,1399,1265,1599
5655156,469.62,329.4,460.02,338.625,429,1296,338,1407,1262,1601
5655158,469.14,329.775,460.34,339.225,425,1301,342,1413,1263,1598
5655160,468.98,329.775,459.94,338.775,424,1301,338,1409,1265,1601
5655162,469.06,329.775,460.5,339,424,1301,343,1410,1264,1600
5655164,468.58,330.975,460.26,338.7,421,1315,342,1407,1263,1598
5655166,468.58,330.225,460.34,338.85,420,1306,343,1409,1263,1600
5655168,469.22,329.925,460.18,338.7,427,1303,341,1408,1261,1599
5655170,468.42,330,460.42,339.15,419,1304,344,1412,1264,1599
5655172,468.66,330.825,460.42,339.225,422,1313,344,1414,1263,1600
5655174,469.38,330.675,460.5,338.55,429,1310,345,1406,1263,1599
5655176,468.74,330.9,460.66,339.15,424,1314,347,1413,1267,1596
5655178,468.58,331.275,460.82,338.775,422,1318,348,1408,1267,1599
5655180,469.3,330.3,460.02,339.15,429,1307,341,1414,1263,1598
5655182,468.74,329.85,460.02,339.3,422,1303,341,1415,1262,1600
5655184,468.42,330.3,460.66,339,420,1308,347,1411,1265,1598
5655186,469.14,329.325,460.1,338.7,426,1297,341,1408,1264,1597
5655188,468.5,330,460.58,338.55,421,1305,346,1407,1261,1597
5655190,468.66,329.925,460.02,338.325,422,1304,340,1405,1264,1603
5655192,468.74,329.925,460.26,338.4,423,1304,343,1405,1264,1598
5655194,468.34,331.05,459.86,337.95,420,1317,338,1401,1263,1603
5655196,468.5,329.7,460.1,337.65,420,1302,340,1397,1266,1603
5655198,468.5,329.55,460.1,338.475,420,1300,341,1406,1264,1599
5655200,468.26,330.225,460.5,338.025,418,1308,345,1401,1263,1600
5655202,468.42,329.625,460.26,337.275,420,1302,341,1393,1268,1605
5655204,468.34,329.625,460.66,337.575,418,1302,346,1396,1263,1600
5655206,468.18,329.25,460.26,337.8,417,1298,342,1399,1263,1600
5655208,468.5,329.475,459.7,337.425,420,1300,335,1396,1264,1606
5655210,468.58,329.4,459.7,337.35,421,1299,336,1395,1265,1604
5655212,468.26,329.325,460.18,338.25,417,1298,342,1404,1264,1597
5655214,468.34,330.3,460.1,337.95,419,1309,340,1401,1270,1603
5655216,468.18,330.225,459.78,337.65,417,1309,337,1398,1264,1604
5655218,467.94,329.475,459.78,338.25,414,1300,337,1405,1264,1605
5655220,467.86,330.75,459.78,337.875,414,1314,336,1400,1265,1605
5655222,468.42,329.925,459.78,338.55,419,1304,337,1408,1263,1605
5655224,468.02,330.15,460.02,338.325,415,1307,339,1405,1266,1600
5655226,468.1,330,459.62,337.875,416,1306,334,1400,1263,1605
5655228,467.54,330.975,459.7,337.575,411,1316,334,1396,1268,1608
5655230,467.86,330.075,459.62,338.25,413,1306,335,1404,1264,1604
5655232,467.78,330.375,459.78,338.1,412,1310,336,1402,1268,1605
5655234,468.1,330.6,460.1,336.9,416,1311,338,1389,1266,1607
5655236,467.78,329.4,459.7,338.175,411,1299,335,1402,1270,1604
5655238,467.94,329.625,460.02,337.35,413,1300,337,1393,1265,1607
5655240,468.1,330.225,459.46,337.35,414,1306,331,1393,1267,1607
5655242,467.78,329.025,459.86,337.875,411,1294,336,1398,1267,1607
5655244,468.26,330,459.3,337.5,416,1304,330,1395,1266,1608
5655246,467.86,330.075,459.86,336.825,412,1305,335,1387,1265,1611
5655248,468.02,329.925,459.46,337.725,413,1303,331,1397,1264,1609
5655250,467.54,330.675,459.78,336.75,409,1311,334,1386,1269,1611
5655252,467.7,330.975,459.3,337.725,411,1315,330,1397,1274,1610
5655254,467.14,330.45,459.62,337.95,405,1309,333,1399,1267,1611
5655256,467.22,330.525,459.38,337.05,405,1310,329,1389,1271,1613
5655258,467.38,330.75,459.3,337.275,407,1312,328,1392,1268,1613
5655260,467.62,330.525,459.46,336.9,409,1309,330,1388,1270,1614
5655262,467.46,330.45,459.46,337.275,407,1309,331,1391,1269,1614
5655264,467.78,329.85,459.62,336.6,410,1301,331,1384,1270,1613
5655266,467.46,330.3,459.46,336.75,407,1307,329,1385,1270,1616
5655268,467.54,331.725,459.62,337.2,409,1322,331,1390,1270,1613
5655270,467.94,330.975,460.02,337.65,412,1313,336,1394,1272,1613
5655272,467.7,331.575,459.7,338.25,411,1320,333,1401,1270,1611
5655274,467.86,331.35,460.1,337.65,411,1317,337,1394,1273,1616
5655276,467.7,331.65,460.34,337.5,410,1320,339,1392,1269,1615
5655278,467.62,332.025,460.42,337.275,410,1325,339,1389,1272,1616
5655280,467.7,331.5,460.26,338.025,410,1318,339,1397,1271,1614
5655282,467.22,331.575,460.18,337.875,405,1320,338,1396,1273,1618
5655284,467.46,331.575,460.5,338.1,408,1320,341,1398,1272,1615
5655286,467.46,331.5,460.5,337.2,408,1319,340,1388,1276,1620
5655288,468.18,331.2,460.74,337.125,414,1315,343,1387,1272,1619
5655290,467.38,331.275,460.42,337.05,407,1316,339,1386,1275,1620
5655292,467.78,331.65,460.34,336.825,411,1320,338,1384,1278,1620
5655294,467.62,330.75,460.58,336.825,408,1310,340,1384,1271,1622
5655296,467.86,329.625,460.1,335.925,410,1297,335,1374,1272,1623
5655298,468.18,329.1,460.1,336.375,413,1291,335,1379,1270,1622
5655300,468.5,328.575,460.58,336.075,415,1285,340,1375,1267,1623
5655302,467.7,329.1,460.42,334.875,408,1291,337,1362,1272,1629
5655304,468.58,328.05,460.82,335.55,416,1279,342,1369,1271,1625
5655306,468.74,327.6,460.9,335.25,418,1274,342,1365,1269,1627
5655308,469.06,327,460.34,334.05,420,1267,336,1353,1268,1632
5655310,468.42,328.125,460.74,334.875,415,1280,341,1361,1271,1628
5655312,468.58,327.825,460.74,334.95,416,1276,341,1362,1270,1631
5655314,468.9,327.15,460.9,334.425,419,1269,342,1356,1269,1633
5655316,468.58,327.9,460.82,336.45,417,1277,344,1378,1270,1624
5655318,468.58,327.9,460.98,335.325,417,1277,344,1365,1270,1632
5655320,468.42,328.5,461.54,335.325,416,1283,351,1365,1272,1635
5655322,468.34,328.65,461.54,335.925,416,1284,351,1371,1273,1632
5655324,468.1,329.475,461.54,336.3,414,1294,352,1375,1274,1633
5655326,468.26,328.875,461.06,336.9,415,1287,348,1382,1274,1631
5655328,468.18,329.475,461.38,336.975,415,1293,351,1382,1276,1631
5655330,468.18,329.85,461.38,336.975,416,1298,351,1382,1274,1631
5655332,468.42,330,461.62,337.425,418,1299,354,1387,1273,1635
5655334,467.94,330.825,462.26,336.075,414,1308,360,1372,1275,1639
5655336,468.02,330.525,461.94,337.5,415,1305,358,1388,1274,1638
5655338,468.34,331.425,461.86,337.5,419,1315,357,1388,1276,1636
5655340,468.1,332.1,461.62,337.725,418,1323,355,1391,1279,1632
5655342,468.1,332.25,461.94,338.025,418,1324,359,1393,1278,1634
5655344,468.1,331.575,462.1,338.175,417,1317,361,1395,1275,1635
5655346,468.18,332.025,462.42,338.55,419,1321,364,1398,1279,1637
5655348,468.1,332.475,462.34,338.325,418,1327,364,1396,1280,1640
5655350,468.34,332.025,462.66,338.925,421,1322,368,1402,1277,1643
5655352,468.42,333,462.9,339.15,422,1332,370,1405,1280,1643
5655354,468.5,332.1,462.5,338.625,422,1323,366,1400,1284,1643
5655356,468.26,332.775,462.74,338.625,420,1330,368,1400,1280,1647
5655358,467.7,333.9,462.74,339.3,416,1343,369,1407,1284,1645
5655360,468.18,333.825,462.9,339.45,420,1342,371,1409,1288,1641
5655362,468.1,333.075,462.26,339,419,1334,364,1404,1278,1647
5655364,467.78,333.3,462.82,338.775,416,1337,369,1401,1281,1649
5655366,468.02,331.95,462.18,339.15,416,1322,362,1406,1281,1645
5655368,468.18,330.975,462.5,337.8,416,1311,364,1392,1279,1650
5655370,467.86,332.175,462.82,338.7,414,1324,368,1401,1282,1651
5655372,467.78,331.575,462.26,338.1,413,1318,361,1395,1282,1648
5655374,467.54,330.6,462.34,337.425,409,1308,361,1388,1280,1649
5655376,466.98,331.95,462.66,338.25,405,1322,365,1396,1284,1647
5655378,466.98,331.125,462.34,336.75,404,1313,360,1379,1282,1649
5655380,467.7,330.675,462.58,337.575,410,1307,364,1388,1282,1654
5655382,466.98,331.125,462.82,338.175,403,1313,367,1394,1286,1652
5655384,466.82,330.225,461.78,337.35,400,1303,354,1386,1283,1654
5655386,466.18,330.45,462.02,336.6,393,1306,356,1378,1289,1654
5655388,466.18,330.975,461.86,337.5,393,1311,354,1387,1290,1655
5655390,465.94,329.925,461.22,336.525,389,1300,347,1376,1288,1656
5655392,465.86,330.3,460.98,336.45,388,1304,343,1375,1289,1661
5655394,466.26,330.375,461.46,336,393,1304,348,1370,1289,1659
5655396,465.94,330.075,461.46,335.775,388,1300,347,1367,1287,1661
5655398,466.18,329.325,461.46,335.25,390,1292,347,1361,1285,1662
5655400,465.78,330.525,461.46,336.075,386,1304,346,1369,1288,1661
5655402,465.86,329.85,461.06,335.1,386,1296,341,1359,1288,1661
5655404,465.54,330.3,460.82,335.55,383,1301,338,1363,1289,1664
5655406,465.78,330.3,460.98,335.625,385,1301,340,1364,1288,1666
5655408,465.38,330.225,461.14,335.475,379,1299,341,1361,1289,1663
5655410,465.7,329.4,461.14,335.25,382,1290,340,1359,1290,1664
5655412,465.46,330.3,461.14,336.375,380,1298,340,1369,1291,1669
5655414,465.7,330.225,460.66,335.925,382,1297,335,1365,1290,1662
5655416,465.3,330.675,460.82,335.85,377,1301,336,1363,1290,1667
5655418,465.3,330.825,461.06,335.925,377,1304,338,1363,1291,1666
5655420,465.22,330.6,461.06,336.6,376,1300,338,1370,1292,1672
5655422,465.22,331.2,461.22,336.3,376,1306,340,1366,1290,1667
5655424,465.54,331.2,461.22,336.225,379,1305,338,1364,1291,1670
5655426,465.14,331.725,461.3,336.975,374,1311,340,1372,1292,1669
5655428,465.14,331.725,461.3,336.825,374,1310,339,1370,1294,1669
5655430,465.14,331.5,461.62,337.125,374,1308,343,1373,1293,1674
5655432,465.3,331.125,461.3,337.8,375,1302,340,1380,1293,1674
5655434,465.22,331.5,461.54,337.35,374,1307,341,1375,1293,1673
5655436,465.22,331.875,461.46,337.275,374,1311,340,1373,1292,1670
5655438,465.06,331.875,461.62,337.5,373,1311,342,1376,1294,1674
5655440,465.3,332.025,461.38,337.125,374,1312,338,1371,1295,1673
5655442,465.46,332.25,461.62,337.275,376,1314,341,1373,1293,1672
5655444,465.14,332.1,461.86,338.025,372,1312,343,1380,1295,1670
5655446,465.38,332.475,461.78,337.575,375,1316,343,1375,1296,1676
5655448,465.54,332.1,462.02,337.875,376,1311,345,1378,1292,1674
5655450,465.46,332.475,462.18,337.95,375,1316,346,1378,1296,1673
5655452,466.02,332.25,461.94,337.425,381,1312,343,1373,1296,1675
5655454,466.02,331.725,462.5,337.8,380,1306,349,1376,1298,1678
5655456,466.1,332.025,462.18,337.725,381,1310,346,1375,1297,1680
5655458,466.18,331.95,462.26,337.65,382,1309,347,1375,1298,1673
5655460,466.1,332.55,463.06,337.725,382,1316,355,1375,1299,1677
5655462,466.1,332.55,463.46,337.875,382,1316,360,1376,1299,1679
5655464,466.26,332.25,462.66,337.8,384,1312,352,1376,1297,1678
5655466,465.94,333.225,463.94,338.1,381,1323,365,1378,1300,1676
5655468,466.1,332.25,463.7,338.025,383,1313,364,1378,1296,1679
5655470,466.34,332.625,463.94,338.025,386,1317,366,1377,1302,1679
5655472,466.02,332.85,464.58,337.575,383,1320,373,1372,1301,1680
5655474,466.5,332.775,464.74,337.95,388,1319,374,1377,1299,1677
5655476,466.42,332.475,464.82,337.725,387,1315,376,1374,1298,1681
5655478,466.66,332.55,465.38,338.4,390,1316,383,1381,1300,1678
5655480,466.34,333.225,464.74,337.65,388,1324,375,1374,1303,1683
5655482,466.98,333.15,465.46,338.25,394,1323,384,1380,1304,1688
5655484,466.42,333.6,465.86,338.925,390,1329,389,1387,1302,1684
5655486,466.5,333.6,465.3,338.85,391,1329,384,1386,1305,1684
5655488,466.74,333.75,465.62,339.075,395,1330,389,1390,1305,1690
5655490,466.26,333.15,465.86,339.15,389,1324,391,1390,1301,1684
5655492,466.42,333.75,465.3,339.75,393,1332,387,1397,1302,1681
5655494,466.58,333.825,465.62,338.7,395,1332,390,1386,1305,1682
5655496,466.9,332.925,465.94,339,398,1322,395,1389,1303,1682
5655498,467.14,333.375,465.94,338.775,402,1327,394,1387,1301,1687
5655500,467.06,333.45,466.26,339,401,1329,399,1389,1305,1687
5655502,466.74,333.375,466.02,338.475,398,1328,396,1384,1305,1684
5655504,466.34,333.15,466.02,338.7,395,1327,397,1387,1305,1684
5655506,466.5,333.45,465.7,338.625,397,1329,394,1387,1305,1686
5655508,466.82,333.3,465.62,338.7,401,1328,395,1388,1306,1687
5655510,466.26,333.075,465.62,338.175,396,1327,394,1382,1304,1687
5655512,466.5,332.7,465.62,338.325,399,1322,395,1384,1306,1689
5655514,466.74,333.6,465.54,338.7,402,1332,395,1388,1305,1690
5655516,465.62,333.225,465.54,338.625,391,1329,396,1388,1307,1686
5655518,466.1,333.45,465.3,338.1,396,1331,393,1382,1307,1688
5655520,465.94,332.85,465.3,339.075,395,1325,394,1394,1309,1684
5655522,465.86,333.15,465.38,337.8,394,1328,394,1379,1304,1688
5655524,465.94,331.95,465.46,336.75,394,1316,395,1368,1299,1692
5655526,465.78,333.15,465.14,337.125,395,1329,391,1372,1305,1688
5655528,465.78,332.325,465.22,337.05,394,1320,393,1371,1301,1692
5655530,465.86,331.425,465.3,336.75,394,1310,393,1368,1299,1690
5655532,465.46,332.025,464.98,336.825,392,1316,391,1369,1304,1691
5655534,465.62,331.35,465.38,336.675,392,1309,396,1367,1301,1689
5655536,465.78,331.275,464.82,336.45,395,1308,390,1365,1301,1688
5655538,465.38,331.575,464.98,336.375,391,1312,391,1364,1304,1692
5655540,465.54,330.9,464.42,336.225,392,1304,385,1363,1304,1694
5655542,465.14,331.35,464.18,335.7,388,1309,382,1358,1303,1693
5655544,465.46,331.05,464.1,335.4,391,1305,381,1354,1307,1695
5655546,465.3,331.275,464.42,335.775,390,1308,385,1358,1302,1693
5655548,465.14,330.675,464.18,335.775,388,1301,383,1358,1304,1693
5655550,464.9,330.675,463.86,335.4,385,1301,379,1354,1304,1698
5655552,465.14,331.275,463.46,335.775,388,1307,375,1358,1301,1695
5655554,464.5,330.975,463.46,335.775,381,1304,375,1357,1303,1697
5655556,464.82,330.75,463.46,335.475,384,1302,375,1354,1304,1692
5655558,464.98,331.05,463.46,335.25,386,1304,374,1351,1300,1701
5655560,464.66,330.9,463.54,335.25,382,1302,375,1351,1302,1699
5655562,464.66,330.975,463.3,336.15,383,1303,373,1361,1305,1696
5655564,464.1,331.575,463.14,335.925,377,1310,371,1358,1305,1696
5655566,464.66,330.75,463.14,335.925,382,1300,371,1358,1304,1695
5655568,463.94,331.725,462.66,336.3,375,1312,366,1362,1308,1694
5655570,464.18,331.05,462.74,336.225,377,1304,367,1362,1306,1695
5655572,464.42,331.125,463.3,335.85,379,1304,372,1357,1304,1694
5655574,463.86,331.5,462.9,336.6,374,1309,369,1365,1309,1691
5655576,464.26,331.05,462.58,336.75,377,1303,365,1367,1306,1690
5655578,463.78,331.5,462.82,335.7,372,1309,366,1355,1308,1698
5655580,464.02,331.575,462.74,336.225,374,1309,365,1361,1309,1695
5655582,464.18,331.875,462.9,336,376,1312,367,1358,1307,1696
5655584,464.1,332.25,463.22,336.45,375,1316,370,1363,1308,1696
5655586,463.7,331.725,462.74,336.3,370,1311,365,1362,1310,1691
5655588,464.02,332.25,462.82,336.75,373,1316,365,1366,1310,1691
5655590,463.62,331.5,463.14,336.525,368,1309,369,1363,1311,1695
5655592,463.62,332.025,463.06,336.525,369,1315,367,1365,1308,1694
5655594,463.54,332.325,462.66,336.675,368,1318,363,1366,1307,1694
5655596,463.7,331.95,463.22,336.675,369,1314,368,1366,1310,1693
5655598,464.02,332.1,463.38,336.525,373,1316,371,1364,1308,1694
5655600,464.1,332.1,462.9,336.975,373,1316,366,1370,1308,1695
5655602,463.62,331.575,463.06,336.375,367,1311,366,1363,1312,1697
5655604,463.7,331.575,463.14,336.45,368,1311,367,1365,1310,1695
5655606,463.7,331.275,463.06,336.3,368,1308,366,1363,1311,1697
5655608,463.62,330.9,463.06,335.925,366,1304,365,1359,1312,1699
5655610,463.22,331.875,463.62,336.3,363,1315,372,1363,1311,1699
5655612,463.38,332.025,462.98,336.525,365,1317,365,1366,1312,1694
5655614,463.14,331.125,462.42,336,361,1308,358,1361,1315,1697
5655616,462.98,332.1,462.98,336.375,361,1318,365,1365,1311,1698
5655618,463.22,331.875,462.42,337.05,362,1316,360,1373,1313,1697
5655620,463.06,331.575,462.9,336.075,361,1313,363,1362,1313,1699
5655622,463.14,332.1,462.58,336.75,362,1318,361,1369,1312,1694
5655624,462.9,331.5,462.74,336.75,359,1313,363,1370,1313,1692
5655626,463.38,331.425,462.98,336.825,364,1311,365,1371,1312,1693
5655628,463.3,331.35,463.14,336.15,363,1311,366,1363,1315,1695
5655630,463.3,331.725,462.74,336.45,363,1315,362,1367,1314,1690
5655632,463.14,331.95,462.66,336.975,361,1317,362,1372,1313,1694
5655634,463.46,331.575,463.46,336.6,364,1313,369,1368,1314,1698
5655636,463.06,331.35,463.06,336.525,359,1311,365,1368,1314,1694
5655638,463.62,332.1,463.06,336.75,366,1319,365,1370,1313,1693
5655640,463.14,332.1,463.22,336.3,361,1319,366,1365,1311,1694
5655642,463.38,331.275,462.82,336.9,363,1310,363,1371,1316,1694
5655644,463.14,331.8,463.22,337.425,360,1316,367,1377,1314,1695
5655646,463.06,331.5,463.54,336.45,360,1313,369,1366,1315,1700
5655648,462.98,331.875,463.22,336.525,359,1317,366,1367,1316,1694
5655650,462.9,331.8,462.82,336.675,358,1316,362,1370,1316,1694
5655652,463.38,331.35,462.9,335.925,362,1311,362,1362,1315,1697
5655654,462.98,331.05,463.54,336,358,1309,369,1362,1317,1697
5655656,462.74,331.65,462.98,336.375,356,1315,363,1366,1319,1700
5655658,462.74,330.975,463.14,336.225,356,1307,365,1364,1313,1695
5655660,462.98,331.05,462.66,337.05,358,1308,361,1373,1317,1699
5655662,463.22,331.2,462.98,336,360,1310,363,1362,1315,1702
5655664,462.74,330.9,463.38,336.375,355,1306,367,1365,1317,1700
5655666,462.9,330.825,462.98,336.525,357,1306,363,1367,1318,1694
5655668,462.66,331.35,463.06,336.3,354,1311,363,1364,1318,1700
5655670,462.82,330.375,463.14,335.85,355,1300,364,1359,1319,1692
5655672,463.14,330.6,462.74,336.3,358,1302,360,1364,1316,1694
5655674,462.82,330.15,463.22,335.55,354,1297,364,1356,1320,1697
5655676,463.62,328.875,463.3,335.325,361,1282,365,1353,1323,1698
5655678,463.14,330.3,462.82,335.475,357,1298,360,1355,1322,1700
5655680,462.66,328.65,463.3,335.25,351,1280,365,1351,1324,1703
5655682,463.22,329.325,463.3,335.325,357,1287,365,1351,1324,1696
5655684,462.98,329.55,463.3,335.85,356,1289,366,1357,1322,1700
5655686,463.38,329.55,463.06,335.7,360,1288,363,1356,1324,1700
5655688,463.38,328.65,463.3,336.15,359,1278,366,1360,1324,1702
5655690,463.06,329.55,463.38,336.45,357,1288,367,1363,1321,1703
5655692,463.22,328.65,463.62,335.925,358,1278,369,1356,1324,1702
5655694,463.22,328.875,463.46,336.375,358,1280,368,1361,1328,1701
5655696,463.06,329.475,463.46,335.775,356,1286,367,1354,1322,1705
5655698,463.38,329.7,463.38,335.55,360,1288,367,1351,1327,1704
5655700,463.38,329.7,463.54,335.925,360,1287,368,1355,1324,1702
5655702,463.3,329.025,463.54,336.15,359,1280,369,1357,1326,1703
5655704,463.06,329.4,463.78,336.375,357,1284,371,1359,1325,1702
5655706,463.22,329.25,463.62,336.3,358,1282,369,1358,1327,1701
5655708,463.46,329.025,463.94,335.925,360,1279,373,1353,1330,1703
5655710,463.46,329.7,463.46,335.925,361,1286,367,1354,1331,1703
5655712,463.38,329.25,463.78,336.525,360,1281,371,1359,1329,1702
5655714,463.38,329.625,463.7,336.15,360,1285,370,1356,1326,1705
5655716,463.38,329.325,463.46,336.375,360,1281,368,1358,1329,1706
5655718,463.3,328.425,463.62,336.6,358,1272,370,1360,1330,1706
5655720,463.38,328.425,463.62,336.3,359,1271,370,1356,1327,1705
5655722,463.7,329.1,463.7,336.15,363,1278,371,1355,1333,1704
5655724,463.54,328.65,463.3,336.225,362,1274,367,1356,1332,1706
5655726,462.74,329.1,463.3,336.45,354,1279,367,1358,1332,1709
5655728,462.98,329.325,463.86,336.525,357,1281,373,1358,1330,1707
5655730,463.3,329.4,463.54,336.45,360,1282,370,1358,1332,1705
5655732,462.74,329.1,463.38,336.15,354,1279,368,1354,1333,1707
5655734,463.78,328.425,463.54,336.3,364,1271,370,1356,1334,1705
5655736,463.38,329.025,463.62,336.525,360,1277,371,1358,1333,1707
5655738,463.86,328.875,463.54,336.675,366,1275,370,1360,1336,1706
5655740,462.98,328.65,463.38,336,356,1273,367,1353,1331,1707
5655742,463.06,328.8,463.14,335.775,357,1275,365,1351,1336,1710
5655744,462.82,329.1,463.38,335.85,354,1278,367,1351,1339,1707
5655746,463.38,327.825,463.38,336,359,1264,368,1353,1337,1710
5655748,463.46,328.35,463.3,336.3,360,1270,367,1356,1338,1710
5655750,463.22,327.825,463.62,336.15,358,1264,370,1354,1341,1710
5655752,463.54,327.375,463.62,336.15,360,1259,370,1354,1337,1712
5655754,463.46,328.5,462.98,336.45,361,1272,364,1358,1339,1712
5655756,463.22,328.875,463.46,336.225,358,1276,369,1355,1333,1711
5655758,463.06,328.125,463.14,336.825,356,1268,366,1362,1341,1713
5655760,463.06,330.075,462.98,336.3,358,1289,363,1357,1334,1711
5655762,462.42,328.95,463.3,337.125,350,1278,367,1365,1337,1716
5655764,463.86,328.725,463.3,336.3,365,1274,366,1356,1339,1711
5655766,462.26,328.725,463.14,336.75,348,1275,365,1361,1341,1717
5655768,461.7,328.575,463.3,336,341,1274,366,1353,1343,1710
5655770,462.74,329.175,463.06,336.75,353,1279,364,1362,1341,1714
5655772,461.94,328.575,463.54,336.675,343,1274,369,1360,1339,1711
5655774,461.86,328.425,462.98,336.6,343,1273,362,1360,1345,1712
5655776,462.5,328.35,462.9,336,349,1271,361,1353,1344,1712
5655778,461.7,329.325,462.9,336.6,341,1282,362,1360,1342,1716
5655780,462.1,327.975,462.82,337.2,344,1268,361,1367,1347,1720
5655782,461.86,328.8,462.82,336.225,343,1277,360,1357,1343,1718
5655784,461.86,329.025,462.58,338.1,342,1280,359,1377,1342,1721
5655786,462.18,327.975,462.5,337.575,345,1268,357,1372,1342,1722
5655788,461.38,329.025,462.66,336.525,337,1281,358,1360,1343,1719
5655790,462.18,329.325,462.66,337.425,345,1282,359,1369,1343,1723
5655792,461.62,329.1,462.42,337.8,339,1281,356,1374,1341,1722
5655794,462.42,328.05,462.26,336.825,346,1269,354,1364,1347,1721
5655796,461.78,329.025,462.66,337.2,340,1280,358,1367,1348,1721
5655798,461.94,328.5,462.58,337.95,341,1274,357,1376,1342,1723
5655800,462.34,328.125,462.34,337.125,345,1270,354,1367,1346,1723
5655802,462.02,328.575,462.5,337.2,341,1275,355,1368,1346,1722
5655804,462.1,328.575,462.26,337.125,342,1276,352,1368,1343,1724
5655806,462.42,328.125,462.1,336.825,345,1270,350,1365,1346,1724
5655808,461.78,328.125,462.5,336.75,337,1271,354,1364,1344,1723
5655810,462.18,328.2,462.5,336.975,342,1272,354,1366,1344,1724
5655812,462.02,328.05,462.18,336.9,340,1270,351,1366,1346,1723
5655814,462.02,327.075,462.98,336.3,339,1259,358,1359,1350,1723
5655816,462.34,327.075,462.66,337.125,342,1259,356,1368,1348,1725
5655818,462.34,326.85,462.42,336.525,341,1257,353,1362,1347,1724
5655820,462.58,327.225,462.18,336.6,345,1261,350,1363,1347,1727
5655822,462.66,326.85,462.34,336.9,345,1257,352,1366,1349,1728
5655824,462.9,326.775,462.5,336.975,348,1256,353,1367,1347,1727
5655826,462.1,327.825,462.66,336.525,340,1268,355,1361,1351,1722
5655828,462.58,327.15,462.58,336.975,344,1260,354,1367,1349,1722
5655830,462.5,326.325,462.66,336.525,343,1251,355,1361,1351,1724
5655832,462.9,326.775,462.5,336.525,347,1256,352,1362,1354,1725
5655834,462.42,326.775,462.58,336.9,342,1256,354,1366,1354,1726
5655836,462.1,326.775,462.5,336.75,338,1257,353,1364,1354,1725
5655838,462.5,327.075,462.74,336.975,343,1259,355,1366,1353,1727
5655840,462.42,327.3,462.58,336.975,342,1262,354,1366,1354,1725
5655842,462.9,326.25,462.58,336.75,346,1250,353,1364,1352,1726
5655844,462.74,326.85,462.58,336.975,345,1256,354,1366,1351,1726
5655846,462.9,327,462.18,336.975,346,1258,349,1366,1358,1736
5655848,462.58,326.775,462.58,336.75,343,1256,353,1364,1351,1737
5655850,462.98,327.75,462.82,336.75,349,1266,356,1364,1354,1737
5655852,462.82,327,462.58,337.35,346,1258,354,1370,1356,1739
5655854,462.66,326.925,462.42,337.125,344,1257,352,1368,1353,1734
5655856,462.18,326.625,462.5,337.125,339,1254,353,1367,1353,1734
5655858,462.66,326.25,462.26,336.9,344,1249,351,1365,1354,1738
5655860,463.14,327.3,462.5,337.425,350,1260,353,1371,1354,1737
5655862,463.14,326.1,462.5,337.35,349,1247,353,1370,1357,1742
5655864,462.98,327,462.82,336.75,348,1258,356,1363,1352,1736
5655866,463.38,326.7,462.74,337.2,352,1254,356,1368,1359,1743
5655868,462.98,326.775,463.3,337.875,348,1255,362,1375,1356,1743
5655870,462.58,327.075,462.18,336.975,344,1258,350,1366,1352,1741
5655872,462.98,327,462.5,337.425,348,1257,354,1371,1357,1742
5655874,462.98,326.925,462.58,337.2,348,1256,354,1368,1357,1744
5655876,462.98,326.55,462.1,337.125,347,1253,349,1368,1352,1740
5655878,462.82,326.925,462.66,337.05,346,1257,355,1367,1359,1743
5655880,462.34,327.525,462.98,337.275,342,1264,358,1369,1358,1746
5655882,462.34,327.9,462.1,337.425,342,1268,349,1371,1352,1745
5655884,462.74,327,462.26,336.975,345,1258,351,1366,1358,1747
5655886,462.58,327.525,462.1,337.5,344,1264,349,1372,1356,1744
5655888,462.82,327,462.66,337.05,346,1258,355,1367,1358,1744
5655890,462.34,327.975,462.02,337.05,342,1269,348,1367,1352,1747
5655892,462.26,327.75,462.5,337.425,341,1266,353,1371,1358,1746
5655894,462.34,327.15,462.18,336.975,342,1260,350,1366,1355,1745
5655896,462.18,327.9,462.66,336.975,341,1269,355,1366,1356,1746
5655898,462.58,328.125,462.18,336.6,345,1270,350,1363,1359,1751
5655900,462.42,326.925,462.58,337.125,343,1258,355,1368,1358,1749
5655902,462.18,328.35,462.34,337.35,342,1273,352,1371,1355,1748
5655904,462.58,327.825,462.5,337.2,345,1268,354,1369,1357,1752
5655906,462.58,327,462.5,337.5,344,1259,354,1373,1358,1754
5655908,462.26,328.2,462.1,337.275,342,1273,350,1371,1358,1755
5655910,462.42,329.025,462.26,337.425,344,1281,351,1372,1356,1755
5655912,462.5,327.675,462.18,337.875,344,1267,351,1378,1359,1750
5655914,461.86,327.45,461.78,337.125,338,1265,346,1370,1357,1755
5655916,462.02,328.575,462.26,336.9,340,1277,351,1367,1357,1754
5655918,462.34,328.05,462.18,337.575,343,1271,352,1374,1357,1751
5655920,462.26,327,461.94,336.825,342,1260,348,1367,1359,1758
5655922,462.5,327.3,462.1,337.35,345,1263,351,1372,1362,1757
5655924,462.9,327.075,461.7,337.65,349,1260,347,1375,1361,1756
5655926,462.74,327.075,462.02,337.5,347,1260,350,1374,1364,1754
5655928,462.1,327.9,461.7,337.5,341,1270,347,1374,1358,1756
5655930,462.34,328.2,461.38,337.05,344,1273,343,1369,1360,1757
5655932,462.1,327.6,461.22,337.2,341,1267,342,1372,1361,1761
5655934,462.18,327.6,461.62,336.525,342,1267,345,1364,1360,1764
5655936,462.02,327.75,461.22,337.125,341,1269,341,1371,1360,1761
5655938,462.5,326.925,461.46,337.2,345,1259,344,1372,1364,1763
5655940,462.5,326.325,462.18,336.675,345,1253,352,1365,1362,1760
5655942,462.26,327.9,461.22,337.125,344,1270,342,1371,1366,1765
5655944,462.1,327,461.06,337.35,341,1260,341,1374,1362,1761
5655946,461.94,327,461.54,337.05,340,1261,346,1370,1362,1769
5655948,462.66,326.85,461.06,336.45,347,1258,340,1364,1365,1764
5655950,461.78,327.15,460.98,337.2,338,1262,340,1372,1362,1767
5655952,462.26,327.225,461.06,336.6,343,1262,341,1366,1364,1769
5655954,462.02,327.675,460.66,336.525,341,1268,336,1365,1361,1763
5655956,461.86,326.85,460.66,337.05,339,1259,337,1371,1364,1765
5655958,461.78,327.825,461.22,337.275,339,1270,343,1373,1365,1770
5655960,462.34,327.15,461.3,337.5,345,1262,344,1376,1369,1768
5655962,462.1,327.75,461.14,337.275,343,1269,342,1373,1367,1770
5655964,462.02,327.675,461.54,337.35,342,1268,346,1373,1364,1767
5655966,462.1,327.9,461.54,336.9,343,1271,346,1369,1368,1772
5655968,462.82,328.425,461.62,336.45,351,1275,346,1364,1370,1773
5655970,462.66,327.9,461.3,336.375,349,1270,343,1364,1369,1768
5655972,462.5,327.525,461.7,336.825,347,1266,348,1368,1367,1772
5655974,462.66,327.375,461.46,336.75,348,1264,345,1368,1375,1773
5655976,461.94,328.275,460.82,337.2,342,1275,339,1373,1369,1770
5655978,462.66,327.225,461.3,337.2,348,1263,344,1372,1374,1774
5655980,462.74,327.15,461.06,337.05,349,1262,342,1372,1371,1774
5655982,462.42,328.275,461.3,336.9,347,1275,344,1369,1370,1771
5655984,462.5,327.525,461.62,337.275,347,1267,348,1374,1373,1774
5655986,462.82,326.55,461.14,336.825,350,1256,343,1369,1375,1777
5655988,462.26,327.675,461.62,336.675,345,1269,347,1367,1376,1776
5655990,462.34,326.925,461.14,337.05,345,1261,343,1372,1377,1774
5655992,461.78,326.325,461.78,336.45,339,1255,349,1365,1382,1779
5655994,461.14,327.6,461.46,336.975,333,1269,347,1371,1379,1775
5655996,461.94,326.1,461.14,337.2,341,1253,344,1373,1376,1775
5655998,462.1,326.775,461.14,336.75,343,1259,343,1368,1381,1777
5656000,461.7,326.925,460.74,336.825,339,1262,339,1370,1376,1774
5656002,461.54,326.4,461.06,336.525,336,1256,342,1367,1379,1776
5656004,461.86,326.7,460.58,336.675,341,1259,337,1369,1380,1777
5656006,461.86,328.2,461.38,336.825,342,1276,345,1369,1377,1777
5656008,461.22,327.9,461.06,337.05,336,1274,343,1372,1378,1775
5656010,461.46,327.525,460.9,336.525,337,1269,341,1367,1382,1775
5656012,461.7,327.525,461.14,336.9,340,1269,344,1372,1385,1777
5656014,461.62,326.925,461.06,336.975,339,1262,343,1372,1387,1775
5656016,462.02,327.675,461.06,336.375,344,1271,343,1366,1379,1779
5656018,462.26,326.85,461.46,336.825,346,1261,347,1370,1385,1779
5656020,461.7,327.525,461.54,336.825,341,1269,348,1370,1383,1777
5656022,461.86,327.75,461.22,336.75,343,1271,345,1370,1383,1778
5656024,462.42,327.375,460.74,336.675,348,1267,340,1370,1384,1780
5656026,462.1,327.225,461.46,336.675,344,1265,348,1369,1385,1777
5656028,462.1,326.775,461.3,336.75,344,1261,346,1370,1387,1776
5656030,461.54,326.475,461.06,336.45,338,1258,343,1367,1387,1781
5656032,461.86,327.075,460.98,336.825,342,1265,342,1371,1386,1780
5656034,461.3,326.625,461.22,336.825,335,1260,345,1370,1389,1777
5656036,461.94,326.7,461.54,336.75,342,1260,348,1369,1390,1780
5656038,461.46,326.775,461.14,336,337,1261,343,1362,1387,1783
5656040,461.62,326.175,461.22,336,338,1255,344,1362,1390,1782
5656042,461.38,326.7,461.3,336,336,1261,344,1361,1388,1782
5656044,461.94,325.425,460.66,335.775,340,1246,338,1360,1392,1779
5656046,462.1,325.125,460.66,335.475,342,1243,337,1357,1391,1780
5656048,461.3,325.8,461.22,335.625,334,1251,343,1358,1390,1779
5656050,462.02,325.35,460.5,335.4,341,1245,335,1356,1391,1779
5656052,461.78,325.2,460.5,335.325,338,1244,335,1355,1392,1778
5656054,461.46,325.125,460.82,335.1,334,1243,338,1352,1394,1779
5656056,462.1,324.9,461.06,335.325,341,1240,340,1354,1391,1783
5656058,461.78,324.6,461.14,335.4,338,1237,341,1355,1389,1781
5656060,462.1,324.75,460.66,335.625,341,1239,336,1358,1393,1780
5656062,462.18,325.2,461.22,335.7,342,1243,343,1358,1394,1783
5656064,461.62,326.25,460.98,335.775,337,1256,341,1359,1395,1783
5656066,461.06,326.55,460.74,336.525,331,1259,338,1367,1397,1779
5656068,462.02,325.8,461.06,336.45,340,1250,341,1367,1397,1778
5656070,461.7,326.625,461.06,337.05,338,1259,342,1373,1397,1781
5656072,461.54,327.075,460.98,336.6,336,1265,341,1368,1397,1780
5656074,460.98,327.525,461.06,336.75,331,1270,342,1370,1398,1781
5656076,461.38,327.375,461.06,336.9,335,1269,342,1372,1398,1783
5656078,461.06,328.35,461.14,336.975,333,1280,342,1373,1397,1779
5656080,461.54,327.6,461.14,337.875,337,1272,343,1383,1395,1781
5656082,460.74,327.825,461.38,337.725,329,1275,346,1382,1401,1782
5656084,461.22,327.9,460.98,337.2,334,1275,341,1377,1397,1783
5656086,461.14,328.2,460.74,337.65,333,1280,339,1382,1398,1780
5656088,460.58,329.1,461.38,337.725,328,1290,345,1383,1404,1780
5656090,460.42,329.175,461.7,337.5,327,1291,348,1380,1400,1782
5656092,461.38,328.575,461.38,337.425,336,1284,344,1380,1403,1781
5656094,460.98,328.575,460.82,337.65,332,1284,339,1383,1404,1781
5656096,460.9,330,461.38,336.9,332,1301,344,1375,1407,1778
5656098,461.62,328.35,461.22,337.575,337,1282,343,1383,1404,1777
5656100,461.14,329.175,461.7,337.575,333,1292,348,1382,1405,1783
5656102,460.82,329.025,461.3,336.825,330,1291,343,1375,1406,1782
5656104,461.78,328.425,460.98,337.275,339,1284,340,1380,1408,1779
5656106,460.34,328.875,461.06,336.675,325,1290,340,1374,1406,1782
5656108,461.22,328.2,461.54,336.975,333,1283,345,1377,1408,1781
5656110,461.3,327.15,461.54,337.2,333,1271,346,1380,1414,1779
5656112,460.98,328.125,461.14,337.275,330,1282,341,1381,1408,1778
5656114,460.98,327,461.06,336.375,329,1270,339,1371,1408,1781
5656116,461.06,327.075,461.3,337.125,330,1271,343,1379,1412,1781
5656118,460.58,327.225,461.3,336.45,325,1273,342,1373,1413,1783
5656120,461.14,326.1,461.14,336.45,330,1260,340,1372,1411,1781
5656122,460.58,325.875,460.82,336.3,324,1258,337,1371,1415,1781
5656124,459.62,325.95,461.06,336,313,1260,339,1367,1416,1780
5656126,460.02,325.275,460.66,336.525,317,1252,335,1373,1414,1779
5656128,460.34,326.475,460.26,336.15,321,1264,330,1369,1416,1779
5656130,459.62,325.725,460.9,336,313,1257,337,1367,1412,1778
5656132,460.1,327.225,460.5,336.375,319,1272,332,1371,1416,1779
5656134,459.54,326.4,460.34,335.925,312,1264,330,1366,1415,1776
5656136,459.7,325.05,459.94,336.225,312,1248,325,1369,1415,1776
5656138,458.98,325.95,459.86,335.55,305,1258,323,1362,1415,1776
5656140,459.7,326.175,459.86,335.775,312,1260,323,1363,1419,1776
5656142,459.46,325.95,460.26,336.15,309,1257,328,1367,1417,1774
5656144,459.62,325.725,460.26,335.775,310,1254,326,1362,1420,1777
5656146,459.38,324.15,459.7,335.775,305,1237,321,1362,1419,1775
5656148,459.78,325.35,459.86,335.325,310,1249,322,1357,1416,1775
5656150,459.22,324.45,459.46,334.875,303,1240,317,1352,1417,1776
5656152,459.86,325.95,459.94,336,311,1254,322,1363,1418,1776
5656154,459.54,324.975,459.86,335.325,306,1244,321,1356,1415,1772
5656156,459.54,325.575,460.02,335.7,307,1249,322,1359,1419,1776
5656158,459.3,325.2,459.78,336,303,1246,320,1363,1415,1774
5656160,459.3,326.175,459.7,335.925,303,1255,318,1360,1420,1774
5656162,459.38,326.175,460.1,335.775,305,1256,321,1358,1424,1775
5656164,459.06,325.5,460.42,336.75,300,1247,325,1368,1419,1769
5656166,459.7,325.725,460.26,336.45,306,1249,323,1365,1418,1774
5656168,459.06,326.25,460.02,336.525,299,1256,320,1365,1418,1773
5656170,459.7,326.25,459.94,337.425,306,1255,320,1375,1422,1771
5656172,459.3,327.225,460.1,336.825,302,1265,320,1368,1426,1776
5656174,459.7,325.8,460.02,336.675,305,1249,319,1367,1420,1774
5656176,459.54,326.325,459.86,337.425,303,1255,317,1374,1422,1772
5656178,459.38,326.925,460.34,337.2,302,1262,322,1372,1426,1773
5656180,459.62,326.325,460.18,337.2,304,1254,321,1372,1424,1773
5656182,459.62,325.5,460.02,337.425,302,1246,319,1375,1420,1773
5656184,459.7,327.375,460.02,337.275,305,1265,319,1373,1427,1773
5656186,459.86,327.15,460.58,337.35,307,1263,325,1373,1424,1772
5656188,459.62,326.925,460.82,337.275,304,1262,327,1372,1422,1772
5656190,460.18,327.15,460.9,337.875,310,1263,328,1378,1424,1774
5656192,460.5,326.475,460.9,337.65,313,1255,328,1376,1423,1772
5656194,460.58,326.775,460.66,337.575,313,1259,325,1376,1425,1772
5656196,460.82,327.825,461.14,337.35,317,1270,331,1373,1429,1775
5656198,461.54,327.225,461.38,337.275,324,1263,333,1372,1427,1774
5656200,461.06,326.625,461.22,337.875,319,1257,332,1379,1422,1774
5656202,460.82,327.45,461.62,337.5,317,1266,336,1375,1426,1771
5656204,461.3,327.75,461.54,337.65,323,1270,335,1377,1429,1774
5656206,461.14,328.125,461.86,337.5,321,1274,339,1375,1428,1771
5656208,461.14,327.525,461.78,337.425,321,1268,338,1375,1427,1770
5656210,461.62,327.15,461.14,337.8,326,1264,332,1380,1426,1772
5656212,461.78,328.35,462.02,337.875,329,1277,342,1380,1425,1768
5656214,461.38,327.6,461.78,337.5,325,1270,339,1376,1428,1770
5656216,461.94,327.6,461.46,338.1,331,1269,337,1383,1426,1771
5656218,461.62,327.75,461.94,337.8,328,1272,342,1380,1427,1771
5656220,461.86,328.575,461.78,337.65,332,1281,341,1379,1427,1767
5656222,461.3,328.35,461.78,337.275,327,1279,340,1375,1428,1773
5656224,461.86,327.6,461.7,337.875,333,1271,342,1383,1426,1770
5656226,461.3,327.6,461.62,337.35,327,1272,340,1377,1426,1769
5656228,461.78,328.125,462.18,337.2,333,1277,346,1376,1429,1770
5656230,461.62,328.725,461.38,338.175,333,1284,339,1387,1431,1767
5656232,461.54,328.8,461.78,338.175,332,1286,344,1387,1431,1764
5656234,461.3,328.8,462.1,337.875,329,1286,347,1383,1433,1771
5656236,461.86,327.9,461.7,337.875,336,1277,344,1385,1423,1765
5656238,461.06,328.425,461.3,337.65,328,1283,339,1383,1427,1772
5656240,461.7,328.275,461.7,338.1,335,1281,345,1388,1426,1767
5656242,461.38,328.05,461.54,337.35,331,1280,343,1380,1428,1767
5656244,461.62,327.9,461.7,337.725,334,1278,345,1385,1429,1768
5656246,461.54,328.425,461.54,338.025,334,1284,344,1388,1427,1767
5656248,461.38,327.975,461.62,337.725,333,1279,345,1385,1429,1766
5656250,461.3,327.375,461.7,337.35,332,1274,346,1381,1426,1766
5656252,461.54,327.975,461.14,337.875,335,1280,341,1388,1428,1764
5656254,461.62,328.05,461.06,337.5,337,1281,340,1384,1428,1766
5656256,461.38,327.9,461.3,337.275,334,1279,343,1382,1426,1767
5656258,461.3,328.65,461.14,337.125,334,1288,341,1380,1428,1766
5656260,461.06,327.075,461.06,337.5,330,1271,341,1385,1426,1765
5656262,461.06,328.125,460.98,337.575,332,1282,340,1385,1426,1764
5656264,461.06,327.3,460.66,337.125,331,1274,337,1381,1427,1767
5656266,461.14,327.075,461.38,337.125,331,1271,344,1380,1424,1766
5656268,461.06,327.075,460.98,336.525,331,1272,340,1375,1428,1766
5656270,461.14,327.825,460.74,336.75,333,1280,337,1377,1430,1767
5656272,460.74,326.625,460.74,336.9,328,1268,338,1378,1426,1766
5656274,460.58,326.25,460.02,336.225,326,1263,330,1372,1426,1766
5656276,460.98,326.175,459.86,336.525,330,1262,329,1375,1421,1767
5656278,461.06,325.65,460.02,336.3,331,1256,331,1373,1421,1768
5656280,460.5,325.425,460.02,336.75,326,1255,331,1377,1426,1763
5656282,460.9,324.525,459.7,336.3,328,1244,328,1373,1421,1763
5656284,460.5,325.5,459.62,335.925,326,1255,326,1369,1426,1767
5656286,460.5,325.2,459.78,335.85,325,1252,329,1368,1423,1765
5656288,460.18,325.65,459.14,335.925,322,1258,322,1370,1424,1762
5656290,460.02,325.125,459.7,335.475,320,1251,327,1364,1421,1763
5656292,459.86,326.1,459.06,335.925,320,1262,321,1369,1425,1765
5656294,460.34,324.525,459.14,336.15,323,1244,322,1372,1421,1764
5656296,459.3,325.575,458.98,336.375,313,1257,321,1375,1424,1760
5656298,459.7,325.125,458.98,335.925,317,1252,320,1369,1425,1761
5656300,459.46,325.575,459.3,336.75,315,1257,324,1378,1429,1762
5656302,459.94,325.2,458.98,336.45,319,1252,321,1376,1422,1759
5656304,459.78,325.5,458.82,336.375,318,1256,319,1374,1427,1761
5656306,459.86,325.875,458.82,336.15,319,1260,319,1372,1423,1763
5656308,458.98,325.725,458.66,336.15,310,1259,317,1372,1422,1759
5656310,459.06,326.625,458.5,336.3,312,1269,316,1374,1427,1760
5656312,458.98,325.575,458.34,336,309,1257,314,1371,1425,1760
5656314,458.82,325.5,458.5,336.375,308,1257,315,1375,1423,1758
5656316,458.34,326.025,458.5,336.6,303,1263,316,1377,1428,1757
5656318,458.98,325.05,458.26,336.6,309,1252,313,1378,1423,1759
5656320,458.66,325.95,458.5,336.15,306,1263,315,1373,1424,1758
5656322,459.38,325.2,458.42,336.3,313,1253,314,1375,1424,1761
5656324,458.66,326.025,458.26,336,306,1263,312,1372,1424,1757
5656326,458.66,325.5,458.1,336.075,305,1258,310,1373,1423,1757
5656328,459.06,325.8,458.74,336.225,310,1261,317,1374,1422,1757
5656330,459.38,325.875,458.42,336.15,313,1261,313,1374,1425,1755
5656332,458.98,325.5,458.34,336.3,308,1258,312,1376,1421,1754
5656334,458.9,325.8,458.42,336.075,307,1261,313,1373,1420,1757
5656336,459.22,326.85,458.9,336.3,312,1272,318,1375,1425,1754
5656338,458.18,325.95,458.82,336.15,301,1264,318,1373,1425,1757
5656340,458.58,325.5,458.66,336.15,304,1259,315,1374,1422,1756
5656342,458.5,326.625,458.66,336.075,305,1272,315,1374,1423,1756
5656344,458.82,326.025,458.18,336.3,307,1265,311,1377,1423,1754
5656346,458.18,325.575,458.5,336.225,300,1261,314,1376,1421,1757
5656348,458.26,326.925,458.58,335.7,301,1276,314,1371,1415,1757
5656350,458.42,327.525,458.82,336.3,304,1282,317,1377,1421,1759
5656352,458.1,326.325,458.58,336.15,299,1270,314,1376,1415,1757
5656354,458.42,326.175,458.34,336.525,303,1268,312,1380,1420,1754
5656356,458.58,325.425,458.66,336.525,303,1260,316,1381,1416,1757
5656358,458.02,327.375,459.06,336.525,300,1282,320,1380,1423,1753
5656360,458.5,326.7,458.66,337.125,304,1275,316,1388,1420,1752
5656362,457.94,326.775,458.58,336.225,298,1276,314,1378,1417,1755
5656364,458.74,326.85,458.82,335.85,307,1276,317,1374,1416,1756
5656366,458.1,327.375,458.26,336.525,301,1283,311,1382,1420,1753
5656368,458.1,326.925,458.66,336.675,300,1278,315,1384,1417,1751
5656370,458.42,327.15,458.5,337.05,303,1281,314,1388,1418,1750
5656372,458.02,327.075,458.5,336.75,299,1281,314,1385,1419,1751
5656374,458.18,327,458.74,337.05,301,1280,317,1388,1417,1749
5656376,459.06,327.15,458.58,336.525,310,1282,315,1383,1417,1752
5656378,458.02,327.45,458.34,336.75,299,1285,312,1386,1417,1749
5656380,458.18,327,458.5,336.825,301,1281,314,1388,1416,1750
5656382,458.42,326.325,459.62,336.9,302,1274,326,1387,1413,1749
5656384,458.5,327,458.66,337.125,304,1281,316,1391,1420,1751
5656386,457.7,327.6,458.98,337.275,297,1289,320,1392,1416,1749
5656388,458.02,327.6,458.98,336.75,300,1289,319,1387,1415,1748
5656390,458.26,326.925,458.66,337.275,301,1281,317,1393,1411,1749
5656392,457.54,327.45,458.82,336.9,294,1288,318,1389,1412,1746
5656394,457.94,326.025,459.06,336.675,297,1273,320,1387,1411,1750
5656396,457.7,327.15,458.98,337.05,295,1285,319,1391,1408,1747
5656398,457.62,326.925,458.74,336.525,295,1283,316,1385,1413,1746
5656400,458.26,326.55,459.22,336.375,301,1278,321,1384,1414,1743
5656402,458.42,326.925,458.9,336.675,303,1282,318,1387,1414,1746
5656404,457.46,326.625,458.58,336.3,292,1280,314,1384,1408,1744
5656406,457.78,326.025,459.38,336.3,295,1273,322,1383,1408,1742
5656408,458.02,326.25,459.54,336.6,298,1276,324,1386,1413,1743
5656410,457.78,326.1,459.46,336.3,295,1275,323,1383,1406,1742
5656412,457.7,326.175,459.22,336.3,294,1275,321,1383,1405,1741
5656414,458.1,326.55,459.06,336.6,298,1279,319,1386,1409,1740
5656416,457.86,325.875,459.38,336.225,296,1272,322,1382,1407,1738
5656418,457.54,325.2,459.7,335.85,292,1264,325,1378,1409,1738
5656420,457.62,325.575,459.38,336.375,293,1268,323,1383,1409,1735
5656422,458.34,325.275,459.38,335.925,300,1264,322,1378,1407,1736
5656424,458.34,325.5,459.54,335.7,301,1266,324,1376,1406,1735
5656426,458.74,324.6,459.62,335.025,303,1256,323,1368,1407,1734
5656428,458.1,325.875,460.18,335.55,299,1270,330,1373,1404,1733
5656430,459.7,325.35,459.78,335.55,314,1263,325,1373,1402,1729
5656432,458.82,325.65,459.94,335.7,305,1267,327,1374,1405,1733
5656434,458.98,324.975,460.34,335.475,307,1259,332,1371,1403,1731
5656436,459.7,324.525,460.42,335.925,313,1254,332,1376,1399,1730
5656438,459.22,324.75,460.02,334.725,309,1256,327,1363,1400,1730
5656440,459.46,324.525,460.18,335.25,311,1253,329,1368,1399,1731
5656442,459.62,325.725,460.1,335.475,313,1266,329,1370,1398,1729
5656444,459.62,325.05,460.18,334.875,313,1258,329,1364,1398,1727
5656446,460.42,325.2,460.1,335.625,321,1259,328,1372,1396,1722
5656448,460.98,325.275,460.26,335.25,327,1258,330,1367,1392,1725
5656450,460.9,325.725,460.66,335.025,327,1263,334,1365,1391,1726
5656452,460.58,326.175,460.66,336.15,324,1268,334,1376,1397,1726
5656454,461.38,326.85,461.06,335.85,333,1275,339,1372,1395,1725
5656456,461.78,326.55,461.62,336.6,337,1271,346,1380,1398,1724
5656458,462.82,326.4,462.74,337.35,348,1268,358,1386,1398,1721
5656460,464.98,326.625,464.1,336.75,371,1267,372,1378,1396,1721
5656462,466.58,327.75,465.54,336.675,389,1278,387,1376,1396,1718
5656464,467.38,328.425,466.58,337.275,398,1284,399,1381,1394,1714
5656466,468.82,327.675,468.26,336.15,412,1275,415,1367,1394,1711
5656468,468.66,328.275,468.18,336.6,411,1281,414,1372,1394,1710
5656470,469.06,327.975,467.94,337.65,415,1278,413,1383,1395,1712
5656472,468.58,328.05,468.02,336.675,410,1279,413,1373,1392,1711
5656474,468.34,327.375,467.54,336.75,407,1272,408,1374,1393,1705
5656476,467.22,328.125,466.58,336.975,396,1281,398,1377,1392,1710
5656478,467.14,328.875,466.34,336.45,396,1289,395,1372,1390,1708
5656480,466.66,327.675,465.78,336.3,390,1276,389,1371,1390,1711
5656482,466.58,327.75,465.3,336.45,389,1278,384,1374,1388,1703
5656484,466.34,328.125,465.22,335.625,387,1282,383,1365,1390,1702
5656486,466.34,327.975,465.38,336.075,387,1280,385,1369,1391,1707
5656488,466.1,327.225,464.66,336.525,384,1273,379,1375,1388,1703
5656490,466.1,327.525,464.9,335.625,385,1276,380,1365,1391,1699
5656492,466.34,327.15,464.18,336.075,387,1272,373,1371,1389,1698
5656494,466.42,326.775,464.26,335.25,387,1268,373,1362,1388,1702
5656496,466.42,326.925,464.98,335.625,388,1270,381,1365,1391,1698
5656498,466.34,326.625,464.18,335.85,386,1266,373,1368,1387,1697
5656500,466.5,326.325,464.58,335.85,388,1263,377,1369,1385,1697
5656502,466.66,327.45,464.66,336.525,391,1276,379,1376,1384,1697
5656504,466.18,327.75,465.06,336.375,386,1280,383,1374,1389,1693
5656506,466.18,327.15,464.5,336.075,386,1273,377,1372,1386,1695
5656508,466.5,328.5,464.98,335.625,390,1287,382,1367,1382,1692
5656510,466.74,327.45,464.82,335.7,392,1276,380,1368,1383,1689
5656512,466.1,327.525,464.26,335.85,385,1278,374,1370,1383,1689
5656514,466.74,327.675,464.9,336,392,1279,381,1371,1385,1687
5656516,466.42,328.725,464.5,336.225,390,1291,377,1374,1384,1687
5656518,466.26,327.675,464.26,336.45,387,1279,375,1377,1381,1692
5656520,466.66,327.75,464.9,336.3,391,1280,381,1374,1380,1686
5656522,466.18,328.2,464.5,335.925,387,1285,377,1371,1385,1684
5656524,466.5,327.225,464.9,335.4,388,1275,380,1365,1382,1683
5656526,466.34,327.225,463.7,335.85,387,1275,368,1371,1381,1681
5656528,466.42,328.275,464.82,335.625,389,1286,379,1368,1380,1683
5656530,466.74,327,464.74,335.55,390,1273,378,1367,1380,1679
5656532,466.26,327.6,463.94,335.25,386,1279,369,1365,1383,1674
5656534,466.42,328.65,464.5,335.4,389,1291,376,1366,1377,1682
5656536,466.34,327.825,464.02,335.55,387,1282,370,1368,1380,1676
5656538,466.66,327.15,464.34,336.225,389,1274,375,1375,1380,1680
5656540,466.02,328.05,464.1,335.175,384,1285,371,1364,1377,1680
5656542,466.42,326.775,464.34,334.8,386,1271,373,1360,1378,1672
5656544,466.9,326.7,464.18,335.55,391,1269,371,1368,1380,1678
5656546,466.26,327.3,464.1,334.95,385,1277,370,1362,1376,1673
5656548,466.26,327.825,464.34,335.7,385,1282,373,1370,1380,1670
5656550,466.18,327.45,464.18,335.325,384,1278,371,1365,1379,1672
5656552,466.26,328.35,464.26,334.875,385,1288,371,1361,1376,1670
5656554,466.1,327.45,463.94,335.475,383,1278,368,1367,1375,1669
5656556,466.1,329.025,463.86,334.95,384,1295,367,1362,1372,1664
5656558,466.66,328.35,464.5,335.25,389,1287,373,1364,1378,1664
5656560,466.34,327.75,464.34,335.1,385,1281,371,1362,1376,1663
5656562,466.02,328.425,463.86,334.8,382,1289,366,1360,1372,1663
5656564,466.26,328.5,464.58,335.325,384,1289,373,1364,1376,1664
5656566,466.1,329.25,464.26,334.575,383,1297,369,1357,1371,1664
5656568,466.26,329.7,464.18,334.875,384,1302,368,1360,1373,1663
5656570,466.18,328.8,464.18,334.875,383,1292,368,1360,1373,1664
5656572,465.78,329.775,463.94,334.65,379,1303,365,1358,1367,1664
5656574,466.1,328.65,464.02,334.575,382,1291,366,1357,1373,1662
5656576,466.5,328.35,464.58,335.25,385,1287,372,1363,1373,1662
5656578,465.86,328.65,464.58,334.5,379,1290,371,1356,1372,1660
5656580,466.34,329.25,464.42,334.8,384,1297,370,1359,1373,1659
5656582,466.02,329.7,464.26,334.725,381,1302,368,1358,1371,1660
5656584,466.18,329.025,464.18,334.35,382,1294,367,1354,1370,1656
5656586,466.1,329.325,464.1,334.875,382,1297,367,1360,1369,1656
5656588,466.02,330.15,464.58,335.4,382,1307,372,1365,1371,1658
5656590,465.62,329.55,464.34,334.875,377,1301,369,1360,1367,1657
5656592,465.86,330.825,463.54,334.875,381,1314,360,1361,1371,1652
5656594,465.62,329.85,464.1,335.325,377,1304,367,1365,1368,1653
5656596,465.62,329.175,464.1,335.175,376,1297,366,1364,1370,1654
5656598,465.94,329.775,464.1,334.2,380,1303,365,1353,1369,1652
5656600,465.78,330,464.1,335.625,379,1305,367,1368,1366,1648
5656602,465.54,330.525,464.58,335.4,376,1311,371,1365,1367,1652
5656604,465.46,330.525,464.1,334.95,375,1312,366,1361,1366,1647
5656606,465.86,330.825,464.42,335.625,380,1314,370,1368,1366,1651
5656608,465.94,329.775,463.78,335.1,380,1303,362,1363,1366,1647
5656610,466.02,329.7,464.02,335.25,380,1302,365,1364,1367,1648
5656612,466.1,330.075,463.86,335.775,382,1306,364,1370,1368,1642
5656614,465.62,329.925,463.94,335.55,377,1305,364,1368,1367,1645
5656616,465.54,329.85,463.94,335.775,376,1305,365,1370,1366,1643
5656618,465.78,330.15,463.94,336,378,1307,365,1372,1367,1644
5656620,465.86,330.825,463.86,335.325,380,1315,364,1366,1367,1646
5656622,465.54,329.1,463.94,335.325,375,1296,364,1365,1370,1642
5656624,466.02,329.025,464.1,335.025,379,1295,366,1363,1364,1644
5656626,465.94,329.175,463.86,335.925,379,1297,364,1372,1367,1641
5656628,465.7,329.85,464.26,335.7,377,1305,368,1370,1365,1644
5656630,466.1,330.225,463.78,335.175,382,1308,362,1364,1363,1640
5656632,466.18,330.6,463.62,336.075,383,1312,362,1374,1364,1640
5656634,466.34,330.225,463.78,335.7,384,1308,363,1370,1364,1642
5656636,465.54,331.05,464.02,336.375,377,1318,366,1377,1361,1637
5656638,466.02,330.825,463.78,336.825,382,1314,365,1382,1367,1636
5656640,465.86,331.2,464.26,335.7,381,1319,369,1369,1362,1641
5656642,465.86,331.2,464.34,336.15,381,1319,370,1374,1362,1639
5656644,465.7,331.725,464.26,336.6,380,1325,369,1379,1363,1637
5656646,466.58,330.9,464.26,336.45,388,1315,370,1378,1364,1634
5656648,465.78,330.825,464.02,335.55,380,1315,366,1368,1358,1635
5656650,466.02,330.825,463.86,336,382,1315,365,1373,1363,1635
5656652,465.94,331.05,464.18,336,382,1318,369,1373,1364,1636
5656654,466.02,330.9,464.1,336.225,383,1316,369,1375,1362,1634
5656656,466.26,330.825,463.94,336.375,386,1315,367,1377,1364,1633
5656658,466.02,330.9,464.34,335.925,384,1316,371,1372,1362,1634
5656660,465.78,331.2,464.1,337.35,382,1319,370,1388,1362,1631
5656662,465.7,331.125,464.34,336.9,381,1318,372,1383,1360,1631
5656664,465.62,331.2,463.86,335.625,381,1320,367,1370,1358,1635
5656666,465.78,331.05,464.1,336.075,383,1318,370,1374,1361,1633
5656668,465.78,331.05,464.58,336.15,383,1318,376,1375,1359,1631
5656670,465.94,331.2,464.34,335.475,385,1319,372,1367,1361,1633
5656672,465.3,330.975,464.26,336.525,378,1317,373,1379,1360,1629
5656674,465.86,330.975,464.42,336.225,384,1317,374,1376,1361,1626
5656676,465.94,331.275,464.34,335.25,386,1320,373,1365,1357,1627
5656678,465.7,330.525,464.42,336.375,383,1313,375,1377,1360,1627
5656680,465.94,330.375,464.34,336.3,386,1311,375,1377,1360,1621
5656682,465.94,331.05,464.58,334.875,386,1318,376,1361,1356,1627
5656684,465.62,331.125,464.82,335.925,384,1319,380,1372,1361,1627
5656686,465.86,331.725,464.34,335.475,387,1326,375,1368,1358,1624
5656688,465.54,330.9,464.9,336.075,383,1317,382,1374,1356,1619
5656690,466.02,330.45,464.5,335.7,388,1311,377,1370,1362,1622
5656692,465.94,330.825,464.98,335.85,388,1316,383,1371,1359,1619
5656694,465.54,331.125,465.14,335.625,384,1319,384,1369,1356,1617
5656696,465.7,330.9,465.3,336,386,1317,387,1373,1359,1616
5656698,465.86,330.075,464.5,336,387,1308,379,1373,1363,1616
5656700,466.02,330.6,464.74,336.525,389,1313,383,1379,1360,1615
5656702,465.54,330.75,464.5,336.6,385,1315,379,1379,1359,1616
5656704,466.02,330.75,464.82,335.85,390,1315,383,1371,1359,1615
5656706,466.02,330.3,464.82,336.075,389,1310,383,1374,1355,1618
5656708,465.54,331.8,465.06,336.6,387,1327,387,1379,1358,1612
5656710,465.78,330.9,465.14,336,388,1317,387,1373,1360,1614
5656712,465.62,331.125,464.58,335.4,387,1319,381,1367,1356,1614
5656714,465.78,330.675,464.98,336.675,388,1314,386,1380,1361,1610
5656716,465.62,331.35,464.74,336.15,387,1321,384,1375,1358,1612
5656718,465.78,331.575,465.14,336.15,390,1324,388,1374,1356,1615
5656720,465.38,330.975,464.74,336.375,385,1317,384,1377,1355,1612
5656722,465.06,331.35,464.66,335.85,382,1322,382,1371,1356,1610
5656724,465.3,331.35,464.58,335.85,385,1322,382,1371,1360,1613
5656726,466.1,330.975,464.5,335.475,393,1317,381,1367,1355,1615
5656728,465.78,330.9,464.58,335.475,390,1316,382,1367,1359,1614
5656730,465.62,330.15,464.58,335.025,387,1309,381,1362,1361,1613
5656732,465.54,330.975,464.1,335.775,388,1317,377,1371,1357,1612
5656734,465.94,329.25,464.02,335.025,390,1298,375,1363,1358,1612
5656736,465.86,330,464.34,334.875,390,1306,378,1361,1357,1611
5656738,465.94,329.475,464.5,333.6,390,1301,379,1347,1357,1621
5656740,465.46,331.125,464.34,334.5,387,1319,378,1356,1356,1619
5656742,465.06,330.375,463.94,334.95,382,1311,374,1362,1355,1613
5656744,465.22,330.6,464.02,334.875,383,1313,375,1360,1353,1613
5656746,465.46,330.375,463.86,334.875,386,1311,374,1361,1356,1615
5656748,465.38,330.375,463.78,334.2,385,1310,371,1354,1355,1615
5656750,464.82,330.75,463.62,334.275,379,1315,370,1354,1353,1616
5656752,464.9,330.9,464.1,334.725,380,1316,375,1359,1353,1615
5656754,464.66,330.675,463.7,334.05,377,1314,370,1352,1351,1618
5656756,464.18,331.425,463.38,334.425,372,1323,367,1356,1356,1615
5656758,464.9,331.65,463.86,335.25,380,1324,373,1365,1354,1612
5656760,464.9,332.025,464.1,335.325,381,1329,375,1365,1350,1613
5656762,464.74,331.35,463.46,335.925,378,1322,369,1372,1353,1610
5656764,464.58,332.85,463.94,335.325,378,1338,373,1365,1350,1615
5656766,464.74,332.4,464.02,336.15,378,1333,375,1374,1349,1616
5656768,464.74,331.95,463.7,335.775,378,1328,371,1371,1355,1612
5656770,464.98,332.4,464.5,336.075,381,1333,380,1373,1351,1611
5656772,464.58,332.175,464.18,335.925,376,1331,376,1371,1352,1613
5656774,464.02,332.175,464.02,335.775,370,1331,374,1370,1353,1607
5656776,464.9,332.1,464.34,335.475,379,1329,376,1366,1352,1614
5656778,464.98,331.8,464.42,335.625,379,1326,378,1368,1354,1612
5656780,464.58,332.4,464.18,335.85,375,1332,375,1370,1349,1611
5656782,464.74,331.725,463.86,334.95,377,1325,370,1361,1350,1612
5656784,464.66,331.575,464.42,335.025,375,1324,377,1362,1346,1615
5656786,465.3,330.825,463.3,334.8,381,1315,365,1360,1350,1611
5656788,465.06,330.225,463.62,333.675,378,1309,366,1348,1353,1615
5656790,465.14,330.675,463.86,332.925,379,1313,368,1339,1352,1617
5656792,465.54,330,464.1,334.05,383,1306,372,1352,1353,1614
5656794,465.78,329.325,464.02,333.6,384,1298,370,1346,1350,1616
5656796,466.42,329.625,463.78,333.225,391,1301,367,1342,1352,1619
5656798,466.34,329.175,464.02,333.6,390,1296,371,1347,1354,1615
5656800,466.34,329.25,463.7,333.975,390,1297,367,1351,1350,1615
5656802,466.26,329.175,464.1,332.85,389,1296,370,1338,1351,1620
5656804,466.26,329.55,463.94,333.6,389,1300,369,1347,1351,1618
5656806,466.5,328.95,464.5,333.975,392,1294,375,1350,1352,1612
5656808,466.66,329.925,464.66,333.6,394,1304,376,1346,1353,1614
5656810,466.26,329.625,464.34,334.125,389,1301,374,1351,1350,1614
5656812,466.42,329.475,464.74,334.5,391,1299,379,1355,1350,1612
5656814,466.98,329.7,464.74,334.275,397,1301,379,1352,1349,1615
5656816,466.02,331.275,465.06,335.325,389,1319,383,1363,1347,1609
5656818,466.82,330.6,464.9,335.025,396,1310,381,1360,1348,1614
5656820,466.58,331.65,465.06,335.4,396,1322,383,1365,1346,1612
5656822,466.34,331.425,465.14,335.775,392,1320,384,1368,1351,1607
5656824,466.82,331.125,464.98,335.4,398,1316,382,1365,1349,1608
5656826,466.26,331.575,465.46,336,393,1322,388,1370,1347,1608
5656828,466.74,331.875,465.46,335.775,397,1325,388,1368,1347,1607
5656830,466.74,331.65,465.38,335.4,397,1322,387,1365,1343,1613
5656832,466.74,331.875,465.38,335.4,397,1324,386,1364,1345,1611
5656834,466.9,332.1,466.26,336.075,399,1327,397,1371,1346,1613
5656836,466.74,332.25,466.1,336.525,398,1329,395,1376,1343,1612
5656838,466.66,332.55,465.86,336.075,398,1333,392,1372,1343,1609
5656840,466.9,332.025,466.34,336.375,399,1327,398,1374,1346,1611
5656842,467.38,331.65,465.94,336.225,404,1322,393,1373,1344,1610
5656844,467.06,332.55,465.94,336.075,401,1332,393,1372,1346,1610
5656846,467.14,332.1,465.78,335.85,402,1327,392,1370,1342,1611
5656848,467.06,331.5,466.66,336,401,1321,401,1370,1344,1610
5656850,467.06,332.1,466.26,336.15,401,1328,397,1373,1344,1612
5656852,467.3,331.8,466.34,335.025,403,1324,397,1361,1345,1613
5656854,466.9,332.25,466.42,335.4,400,1330,398,1364,1344,1612
5656856,467.14,331.65,466.34,336,401,1324,398,1372,1343,1611
5656858,466.74,332.175,466.18,336,398,1330,396,1372,1343,1608
5656860,466.98,332.1,466.34,336,400,1329,398,1371,1345,1607
5656862,466.66,331.8,466.82,336.375,397,1326,402,1375,1342,1611
5656864,467.06,331.875,466.42,336.525,401,1326,399,1377,1346,1609
5656866,467.14,331.95,466.26,336.675,402,1327,397,1379,1340,1607
5656868,466.42,332.325,466.18,336.825,394,1332,396,1381,1339,1609
5656870,466.5,332.1,465.94,336.45,395,1329,393,1377,1342,1610
5656872,466.58,332.175,465.86,336.6,396,1329,393,1379,1338,1606
5656874,466.1,332.4,465.78,336.525,391,1333,391,1378,1340,1606
5656876,466.18,332.475,465.78,336.15,391,1333,391,1374,1340,1604
5656878,466.1,332.25,465.86,336.225,390,1331,392,1374,1336,1609
5656880,465.94,332.175,466.02,336.075,388,1329,393,1372,1338,1609
5656882,466.18,332.4,465.38,336.15,391,1331,386,1374,1340,1602
5656884,465.7,332.7,464.9,335.85,386,1335,380,1370,1337,1605
5656886,466.02,332.4,465.14,335.625,389,1332,383,1368,1339,1608
5656888,465.7,332.775,464.82,335.85,386,1335,379,1370,1337,1604
5656890,465.46,332.55,464.9,335.925,383,1333,380,1371,1335,1605
5656892,465.54,331.575,464.58,335.775,382,1322,377,1368,1332,1602
5656894,465.62,331.65,465.14,335.925,383,1323,382,1369,1333,1604
5656896,465.3,332.4,464.66,336.075,380,1330,376,1371,1331,1603
5656898,465.3,332.85,464.58,335.475,380,1335,375,1365,1332,1605
5656900,465.22,332.025,464.5,336.45,378,1326,375,1374,1331,1602
5656902,465.54,332.55,464.34,335.7,381,1331,372,1366,1333,1602
5656904,465.62,332.475,464.74,335.7,381,1329,375,1365,1330,1605
5656906,465.14,332.775,464.66,336.075,377,1333,375,1369,1331,1602
5656908,465.46,331.65,464.82,335.925,378,1320,376,1367,1330,1605
5656910,464.98,332.175,464.5,335.7,373,1326,372,1365,1330,1603
5656912,465.14,331.575,464.74,336.825,374,1319,375,1376,1328,1601
5656914,464.66,331.95,464.34,336.15,369,1323,370,1369,1325,1601
5656916,465.06,332.4,464.5,336.3,373,1327,371,1370,1327,1602
5656918,464.66,332.4,465.06,336.6,369,1327,377,1373,1328,1599
5656920,464.82,331.875,464.9,336.825,369,1320,375,1374,1324,1597
5656922,465.46,332.55,464.9,336.675,376,1328,375,1372,1325,1599
5656924,465.06,331.95,464.98,336.75,371,1321,375,1372,1326,1599
5656926,465.46,332.325,465.22,336.825,375,1324,377,1374,1326,1598
5656928,464.98,333.15,465.3,336.75,370,1333,377,1372,1324,1599
5656930,465.14,332.925,465.06,336.75,372,1330,375,1372,1325,1599
5656932,465.3,332.775,465.14,337.05,373,1328,375,1374,1323,1601
5656934,465.3,333,465.38,337.275,373,1330,378,1377,1322,1597
5656936,465.7,333.15,465.7,337.425,377,1332,381,1378,1324,1595
5656938,466.34,333.225,465.78,336.6,383,1331,381,1369,1322,1594
5656940,465.46,333,465.62,337.2,374,1329,380,1375,1320,1593
5656942,466.02,332.775,465.86,337.35,380,1326,383,1376,1325,1594
5656944,466.58,332.55,466.34,337.125,386,1323,387,1373,1321,1594
5656946,466.26,333.825,466.5,336.75,383,1338,389,1369,1319,1592
5656948,467.14,333.9,466.9,337.125,393,1337,394,1372,1319,1594
5656950,467.22,333.9,466.9,337.575,394,1337,394,1377,1317,1594
5656952,467.38,333.75,466.9,337.875,395,1335,395,1381,1314,1589
5656954,467.62,334.5,467.14,337.275,399,1343,397,1374,1316,1592
5656956,467.78,333.975,467.14,337.425,400,1337,397,1375,1314,1592
5656958,468.18,334.125,467.54,338.1,404,1338,402,1382,1316,1591
5656960,468.34,333.75,467.06,338.025,406,1334,397,1381,1317,1592
5656962,468.66,333.675,466.98,338.25,409,1333,396,1384,1313,1589
5656964,468.66,334.2,467.54,337.05,411,1339,402,1371,1314,1591
5656966,468.66,334.425,467.38,338.175,411,1341,402,1383,1317,1591
5656968,468.66,334.8,467.54,338.325,412,1345,404,1385,1315,1590
5656970,468.5,334.5,468.26,338.625,410,1342,412,1387,1313,1591
5656972,469.06,334.425,467.86,338.1,417,1341,408,1382,1313,1588
5656974,468.98,334.875,467.86,338.7,417,1346,409,1388,1315,1587
5656976,468.9,334.8,467.94,338.475,417,1346,410,1386,1312,1591
5656978,468.58,334.95,468.1,338.475,413,1347,412,1387,1311,1586
5656980,468.98,335.55,468.5,339.15,419,1354,418,1394,1312,1588
5656982,468.9,335.25,468.34,338.775,418,1351,416,1389,1315,1589
5656984,469.06,334.725,468.1,338.775,420,1345,414,1390,1312,1586
5656986,468.82,335.1,468.42,338.925,418,1350,417,1392,1310,1586
5656988,468.42,335.25,468.34,338.55,415,1352,417,1388,1309,1588
5656990,468.82,335.175,468.58,338.85,419,1351,420,1391,1311,1585
5656992,468.02,335.175,468.74,339.15,411,1352,423,1395,1309,1587
5656994,468.66,335.175,468.5,338.55,419,1352,420,1388,1311,1586
5656996,468.66,335.25,468.42,338.625,420,1353,420,1390,1311,1584
5656998,468.74,335.1,468.58,338.7,420,1351,422,1391,1309,1587
5657000,468.9,334.725,468.74,339.075,423,1347,425,1394,1310,1588
5657002,468.66,335.7,468.42,338.85,421,1358,422,1393,1312,1584
5657004,468.34,335.55,468.74,338.625,419,1357,426,1390,1310,1584
5657006,468.66,335.1,468.26,338.25,421,1352,420,1387,1306,1588
5657008,468.26,334.8,468.74,338.775,418,1349,427,1392,1310,1587
5657010,468.66,335.25,468.18,338.55,423,1354,421,1390,1305,1583
5657012,467.94,334.275,468.42,338.4,415,1344,425,1389,1306,1585
5657014,468.26,334.95,468.34,338.625,419,1352,424,1391,1308,1584
5657016,467.86,334.275,468.66,338.775,415,1345,428,1393,1304,1584
5657018,468.5,334.2,468.66,338.625,422,1343,428,1391,1304,1588
5657020,468.02,334.425,468.34,338.175,417,1347,424,1387,1305,1586
5657022,467.62,333.6,468.1,338.1,412,1338,422,1387,1299,1583
5657024,466.98,333.825,467.7,337.95,407,1341,418,1385,1302,1581
5657026,468.5,333.45,467.78,337.725,422,1336,419,1383,1302,1587
5657028,467.78,333.15,467.38,338.175,415,1333,416,1387,1301,1586
5657030,468.1,333.075,467.06,337.425,418,1332,412,1380,1295,1587
5657032,467.78,333.45,466.9,337.65,416,1336,411,1382,1301,1585
5657034,467.62,333.075,466.74,336.975,414,1332,409,1375,1303,1586
5657036,467.78,332.4,467.06,337.2,416,1324,412,1377,1294,1584
5657038,467.3,332.85,467.38,336.525,411,1329,415,1369,1300,1586
5657040,467.14,333.225,466.98,336.825,410,1334,412,1373,1299,1586
5657042,467.54,333.3,466.66,337.425,414,1334,409,1380,1298,1585
5657044,466.98,333.3,466.74,336.675,408,1334,409,1371,1298,1587
5657046,466.82,333,466.9,337.275,406,1331,411,1378,1299,1589
5657048,467.38,332.925,466.74,337.575,411,1329,409,1380,1297,1589
5657050,467.38,332.625,466.9,337.2,411,1327,411,1376,1297,1588
5657052,466.82,333.3,466.66,336.975,406,1334,407,1374,1299,1589
5657054,466.9,333.525,466.58,337.575,406,1336,408,1381,1299,1588
5657056,466.5,333.675,466.42,337.05,402,1339,405,1375,1299,1592
5657058,467.14,333.3,466.26,337.875,408,1333,404,1384,1298,1588
5657060,466.66,333.525,465.94,338.1,403,1336,401,1387,1297,1591
5657062,466.74,333.975,466.26,337.8,404,1341,404,1383,1299,1592
5657064,466.34,333.975,466.34,338.1,400,1342,404,1386,1299,1589
5657066,466.66,333.375,466.1,337.5,403,1335,401,1380,1300,1595
5657068,466.66,334.05,466.34,337.875,403,1342,403,1384,1300,1590
5657070,466.5,333.6,466.42,337.725,401,1337,404,1382,1297,1592
5657072,466.1,333.675,466.34,338.475,396,1339,403,1391,1296,1593
5657074,466.42,333.675,466.02,337.725,399,1339,400,1383,1299,1594
5657076,466.82,333.45,466.58,338.25,402,1336,405,1388,1298,1591
5657078,466.34,333.75,466.26,338.475,398,1340,402,1391,1300,1597
5657080,466.42,333.9,466.18,338.1,398,1341,400,1387,1300,1591
5657082,466.58,333.675,466.34,338.025,400,1339,402,1386,1298,1591
5657084,466.26,333.9,466.9,338.325,396,1342,407,1389,1299,1595
5657086,466.42,333.45,466.34,337.875,398,1337,401,1385,1297,1591
5657088,466.66,333.6,466.58,338.025,400,1339,404,1387,1298,1592
5657090,466.58,333.525,466.34,338.325,399,1338,402,1391,1298,1597
5657092,466.34,333.6,466.5,338.475,396,1339,403,1392,1298,1594
5657094,466.5,333.45,466.82,338.1,398,1338,406,1388,1297,1595
5657096,466.34,333.6,466.82,338.025,396,1339,405,1387,1298,1600
5657098,466.58,333.525,466.66,338.1,398,1339,404,1388,1299,1594
5657100,466.74,333.525,466.82,338.1,400,1339,406,1389,1298,1591
5657102,466.34,333.825,466.58,338.4,396,1343,403,1392,1299,1596
5657104,466.26,333.675,466.34,338.025,395,1342,400,1389,1297,1597
5657106,466.34,333.525,466.5,337.5,396,1340,402,1383,1298,1592
5657108,466.42,333.9,466.66,338.625,396,1344,404,1395,1298,1598
5657110,466.5,333.225,466.42,338.1,396,1337,401,1390,1297,1598
5657112,466.18,333.9,467.06,338.1,394,1345,407,1390,1296,1594
5657114,466.5,333.225,467.14,338.625,397,1338,408,1395,1297,1596
5657116,466.66,333.525,467.06,338.4,398,1341,407,1393,1296,1596
5657118,466.74,333.525,466.82,338.325,400,1341,405,1393,1296,1595
5657120,466.42,333.45,467.06,338.625,396,1340,408,1396,1298,1598
5657122,466.82,333.3,467.22,338.025,400,1338,408,1389,1295,1601
5657124,466.58,333.15,467.14,337.425,397,1338,408,1383,1297,1598
5657126,466.58,333.675,467.54,338.025,397,1344,412,1389,1298,1598
5657128,466.5,333.375,466.9,338.55,396,1340,406,1396,1298,1601
5657130,466.82,333.525,467.14,338.325,400,1341,407,1393,1297,1601
5657132,466.42,333.975,467.62,338.325,396,1347,413,1393,1297,1599
5657134,466.82,333.75,467.22,338.55,399,1345,409,1396,1299,1603
5657136,466.66,333.75,467.38,338.625,398,1345,410,1397,1300,1597
5657138,466.66,333.75,467.38,338.025,398,1345,409,1391,1300,1602
5657140,466.5,333.6,467.78,338.7,396,1344,415,1398,1299,1599
5657142,466.66,333.15,468.18,338.475,397,1339,419,1395,1297,1603
5657144,466.42,333.6,467.7,338.325,394,1344,413,1394,1297,1601
5657146,466.82,332.925,467.7,337.875,398,1336,413,1389,1296,1603
5657148,466.58,333.3,468.18,338.475,396,1341,418,1395,1298,1596
5657150,466.74,333.15,468.02,337.65,398,1339,416,1387,1297,1604
5657152,466.74,333.15,468.1,338.85,398,1339,417,1399,1297,1601
5657154,466.98,333.375,467.94,338.625,401,1341,416,1397,1296,1604
5657156,466.82,333.225,467.62,338.25,399,1340,412,1393,1296,1605
5657158,466.74,333.15,468.02,338.4,398,1339,417,1395,1297,1604
5657160,467.06,333.15,468.1,337.8,401,1339,417,1388,1295,1606
5657162,466.9,333.15,468.1,337.125,399,1338,416,1380,1296,1605
5657164,466.82,332.925,468.18,337.8,398,1336,417,1388,1296,1606
5657166,467.54,332.625,468.82,337.725,405,1332,425,1386,1298,1606
5657168,467.06,331.95,468.42,337.05,400,1325,420,1379,1294,1605
5657170,467.22,332.1,468.58,336.825,402,1327,421,1376,1292,1609
5657172,467.22,331.8,468.74,337.35,402,1323,423,1381,1293,1605
5657174,467.38,331.95,468.98,336.075,404,1324,425,1367,1292,1610
5657176,467.22,331.725,468.98,336.3,402,1322,425,1369,1290,1610
5657178,467.7,331.275,469.22,335.925,406,1316,427,1365,1289,1610
5657180,467.3,330.9,468.98,335.775,401,1312,424,1364,1290,1613
5657182,467.46,331.275,469.62,335.7,404,1317,431,1362,1292,1611
5657184,467.3,330.45,468.98,335.7,401,1307,425,1362,1288,1612
5657186,467.62,331.425,469.54,336.075,406,1317,430,1365,1291,1613
5657188,467.7,330.975,469.54,335.625,406,1312,430,1360,1290,1613
5657190,467.86,330.975,468.9,335.775,408,1312,424,1362,1289,1615
5657192,468.1,331.275,469.14,335.7,411,1314,426,1360,1291,1613
5657194,467.54,330.45,469.7,336.375,404,1305,433,1367,1286,1611
5657196,467.38,331.05,469.38,335.925,403,1312,429,1363,1288,1615
5657198,467.78,331.65,469.62,335.625,407,1318,431,1359,1292,1614
5657200,467.46,331.725,469.38,336.3,404,1318,429,1366,1290,1612
5657202,467.62,330.675,469.38,336,405,1307,429,1363,1284,1612
5657204,467.86,331.2,469.22,336,408,1312,427,1363,1289,1615
5657206,467.54,331.05,469.62,335.475,405,1311,431,1357,1290,1616
5657208,468.26,330.825,469.7,336.45,412,1308,433,1367,1285,1617
5657210,468.1,332.175,470.02,335.625,412,1322,436,1357,1293,1616
5657212,467.46,331.725,469.78,336,405,1317,433,1362,1290,1613
5657214,467.38,330.9,469.7,336.3,404,1309,433,1365,1288,1615
5657216,467.78,331.725,469.46,335.475,408,1317,429,1356,1290,1619
5657218,466.9,332.025,469.78,336.6,399,1321,434,1368,1289,1613
5657220,467.46,331.65,469.54,337.125,405,1317,432,1373,1289,1613
5657222,468.02,331.35,469.62,336.45,411,1313,433,1366,1291,1616
5657224,467.7,330.75,469.94,336.15,406,1307,435,1362,1288,1620
5657226,467.7,332.175,470.34,336.075,408,1322,439,1361,1291,1619
5657228,467.86,330.825,469.78,336.3,408,1307,434,1365,1287,1620
5657230,467.7,331.5,470.02,335.85,407,1314,436,1359,1292,1623
5657232,467.38,332.025,470.18,336.15,404,1321,438,1362,1291,1620
5657234,467.22,331.275,470.26,336.225,401,1312,439,1363,1289,1622
5657236,467.78,330.9,470.34,335.175,407,1308,438,1352,1288,1621
5657238,467.38,330.975,470.66,335.85,403,1310,443,1359,1288,1617
5657240,467.54,331.2,470.42,335.775,405,1312,440,1358,1289,1621
5657242,467.3,330.9,470.9,335.475,402,1309,444,1355,1290,1620
5657244,467.94,330.525,470.02,335.475,408,1304,436,1356,1287,1621
5657246,467.22,330.9,470.18,336.15,402,1309,438,1363,1289,1619
5657248,467.94,330.525,470.5,336,409,1305,441,1361,1286,1620
5657250,467.22,330.375,470.18,335.625,401,1304,437,1357,1287,1620
5657252,467.54,330.075,470.58,335.925,404,1300,442,1360,1284,1622
5657254,467.46,330.6,470.66,335.7,403,1307,442,1358,1291,1623
5657256,467.94,330.15,470.58,334.725,408,1301,440,1348,1285,1630
5657258,467.06,331.05,470.26,334.275,399,1312,436,1343,1291,1627
5657260,467.3,331.125,470.34,335.25,402,1312,438,1353,1288,1626
5657262,468.18,328.875,470.58,335.325,409,1287,440,1354,1280,1627
5657264,467.7,329.775,470.26,335.475,404,1298,437,1356,1286,1624
5657266,467.22,329.475,470.5,335.1,399,1294,440,1352,1285,1625
5657268,467.3,329.925,470.5,335.325,400,1299,440,1354,1284,1625
5657270,467.14,329.55,470.5,333.975,398,1295,438,1340,1288,1634
5657272,466.98,329.55,470.74,334.35,397,1296,441,1344,1286,1629
5657274,467.14,329.175,470.18,333.825,398,1292,435,1338,1289,1630
5657276,467.3,328.725,470.18,334.05,400,1286,435,1341,1282,1631
5657278,467.14,328.65,470.58,333.975,398,1286,440,1340,1281,1630
5657280,467.3,328.95,470.42,333.825,400,1289,438,1338,1283,1630
5657282,467.3,328.65,470.02,333.225,400,1286,433,1332,1282,1636
5657284,467.3,328.35,470.18,333.75,399,1282,435,1337,1282,1629
5657286,467.22,328.35,469.94,333.15,398,1283,432,1332,1283,1633
5657288,467.22,329.325,469.94,333.225,399,1292,432,1332,1287,1633
5657290,467.62,327.825,470.1,333.6,402,1277,434,1336,1281,1626
5657292,466.9,328.725,470.18,333.525,395,1286,434,1335,1284,1635
5657294,466.98,328.125,470.34,333.6,395,1280,436,1336,1286,1634
5657296,466.9,328.425,470.42,333.45,395,1283,437,1334,1283,1635
5657298,467.06,328.425,470.18,333.375,397,1283,434,1333,1285,1635
5657300,467.14,327.6,470.18,333,396,1274,433,1329,1283,1633
5657302,467.78,327.75,470.42,333.3,403,1275,436,1332,1285,1632
5657304,467.06,328.2,470.66,333.3,396,1280,439,1331,1282,1633
5657306,467.14,327.975,470.18,332.775,397,1277,433,1326,1284,1635
5657308,467.06,328.2,470.18,333.225,396,1280,434,1331,1285,1634
5657310,466.9,327.9,470.18,333.225,395,1277,434,1331,1283,1636
5657312,467.3,327.375,470.18,332.475,398,1271,433,1323,1283,1634
5657314,466.82,327.675,470.02,332.55,393,1274,432,1324,1285,1632
5657316,467.14,327.6,470.1,333.15,396,1273,433,1331,1284,1633
5657318,466.82,327.3,469.86,331.8,393,1270,429,1316,1287,1638
5657320,467.46,327.3,470.42,333.075,399,1270,436,1329,1285,1636
5657322,467.22,327.225,470.1,332.4,397,1269,432,1322,1285,1639
5657324,467.3,326.85,469.94,332.175,396,1265,430,1320,1284,1642
5657326,466.9,326.625,470.1,331.95,392,1263,431,1317,1284,1642
5657328,466.66,326.55,469.86,331.575,390,1262,428,1313,1286,1643
5657330,467.14,327.3,470.34,331.725,396,1270,434,1314,1286,1644
5657332,466.82,326.85,469.86,331.875,392,1265,429,1316,1285,1646
5657334,466.9,326.475,469.78,331.575,393,1261,428,1313,1287,1639
5657336,466.9,327.075,470.18,332.1,393,1267,433,1319,1285,1635
5657338,467.06,326.7,470.42,331.425,394,1263,435,1311,1285,1641
5657340,466.58,326.7,469.7,331.35,389,1264,426,1311,1287,1642
5657342,466.66,326.175,470.18,331.725,389,1258,432,1315,1286,1643
5657344,466.42,326.775,469.7,330.45,387,1265,426,1301,1288,1643
5657346,467.3,326.1,469.54,330.6,396,1257,424,1303,1286,1642
5657348,466.42,327,469.54,330.825,388,1267,424,1306,1287,1644
5657350,466.5,325.5,469.3,330.825,387,1251,422,1306,1288,1654
5657352,466.9,326.25,469.7,330.9,392,1259,426,1306,1288,1647
5657354,465.86,325.875,469.46,330.225,381,1256,423,1299,1290,1647
5657356,466.58,326.025,468.98,330.675,389,1257,419,1305,1287,1647
5657358,466.74,325.875,469.3,330.6,390,1255,422,1303,1289,1651
5657360,465.86,325.875,469.62,331.05,381,1256,426,1308,1288,1653
5657362,466.34,325.725,469.38,330.3,386,1254,423,1300,1288,1650
5657364,467.06,326.1,469.3,330.6,394,1257,422,1304,1287,1653
5657366,467.06,325.8,469.7,331.125,394,1254,427,1309,1290,1651
5657368,466.98,326.475,469.7,330.75,394,1261,426,1305,1291,1649
5657370,467.06,327.3,470.82,331.65,395,1270,439,1313,1292,1651
5657372,467.86,329.025,471.38,331.95,406,1288,446,1316,1295,1652
5657374,468.26,329.625,471.38,333.15,410,1294,447,1329,1299,1654
5657376,469.3,330.3,471.94,332.85,422,1300,452,1326,1303,1648
5657378,469.06,331.725,471.78,333.9,421,1316,451,1337,1305,1656
5657380,469.06,332.775,471.7,334.5,422,1328,451,1343,1306,1650
5657382,468.82,333,470.98,334.95,419,1330,445,1349,1305,1656
5657384,468.34,333.225,470.74,334.875,416,1333,442,1349,1305,1654
5657386,468.34,333.075,470.42,335.925,415,1332,440,1361,1308,1655
5657388,467.94,332.7,469.94,335.325,411,1328,435,1354,1304,1654
5657390,467.7,332.775,470.5,334.65,408,1330,440,1347,1309,1659
5657392,467.7,332.925,470.66,335.325,408,1331,442,1354,1306,1658
5657394,467.94,331.95,470.66,335.25,410,1321,442,1353,1308,1658
5657396,468.02,332.175,470.58,335.1,411,1323,441,1352,1308,1656
5657398,467.94,332.4,471.06,334.425,410,1326,446,1344,1307,1659
5657400,468.1,332.25,470.74,334.95,413,1324,443,1351,1308,1655
5657402,468.02,332.4,470.58,334.2,412,1326,440,1343,1309,1659
5657404,467.46,332.775,470.58,334.95,406,1330,442,1351,1308,1658
5657406,467.46,332.4,470.26,334.875,406,1327,438,1350,1307,1657
5657408,468.74,331.725,470.34,334.575,419,1318,439,1347,1308,1658
5657410,467.86,332.25,470.26,334.65,411,1325,438,1348,1309,1660
5657412,467.86,331.65,470.18,334.65,410,1319,437,1348,1307,1657
5657414,468.5,331.65,470.1,334.725,416,1318,437,1349,1309,1661
5657416,467.86,331.95,470.74,335.55,410,1322,444,1358,1308,1660
5657418,467.94,332.775,470.42,334.425,412,1331,440,1346,1312,1660
5657420,467.78,332.325,470.42,334.575,411,1326,440,1348,1313,1661
5657422,467.62,332.325,470.42,335.325,408,1327,441,1356,1310,1658
5657424,467.78,332.025,470.26,334.5,410,1323,439,1347,1314,1660
5657426,467.7,332.025,470.34,334.425,409,1323,439,1346,1309,1662
5657428,467.14,332.25,470.26,334.05,404,1326,439,1343,1312,1665
5657430,467.7,331.875,469.46,333.825,409,1322,430,1341,1312,1667
5657432,467.54,332.1,470.02,333.975,408,1324,436,1342,1312,1666
5657434,467.94,331.875,469.94,333.75,412,1322,435,1340,1313,1667
5657436,467.7,332.325,469.78,334.725,410,1327,435,1351,1316,1663
5657438,467.3,331.2,470.5,334.8,405,1315,442,1350,1312,1664
5657440,467.38,332.4,470.74,334.35,407,1328,445,1346,1315,1663
5657442,467.94,331.95,470.02,334.95,413,1323,438,1353,1314,1662
5657444,467.86,331.2,470.5,334.8,412,1315,443,1350,1309,1661
5657446,467.78,332.1,469.54,334.2,411,1324,432,1345,1314,1663
5657448,467.78,332.175,469.54,333.825,412,1325,432,1341,1315,1665
5657450,467.3,331.725,470.5,334.65,406,1321,443,1349,1316,1669
5657452,467.62,332.25,469.7,335.25,410,1326,435,1356,1316,1673
5657454,467.62,331.725,469.86,334.8,410,1321,436,1352,1317,1670
5657456,468.02,332.85,469.3,334.575,415,1333,430,1349,1320,1670
5657458,467.38,332.625,469.94,334.875,408,1331,437,1352,1320,1672
5657460,467.54,332.625,469.62,334.275,410,1331,433,1346,1320,1670
5657462,467.14,332.625,470.34,334.875,405,1331,441,1351,1321,1665
5657464,467.78,332.85,469.62,335.025,412,1333,434,1354,1316,1670
5657466,466.98,332.325,470.1,334.65,403,1328,439,1349,1321,1671
5657468,467.38,331.575,469.54,334.2,406,1319,432,1345,1315,1669
5657470,467.3,332.325,469.94,333.675,407,1327,435,1339,1320,1672
5657472,466.42,332.4,470.1,334.725,397,1329,437,1350,1324,1670
5657474,467.06,332.7,469.7,333.825,404,1332,433,1341,1320,1674
5657476,467.06,332.7,469.14,334.8,403,1331,428,1352,1321,1672
5657478,467.38,333.225,469.62,334.95,407,1337,433,1353,1323,1672
5657480,467.7,333.075,469.06,334.5,410,1335,426,1349,1326,1673
5657482,466.66,333,469.46,334.95,400,1335,431,1353,1329,1672
5657484,466.42,332.925,469.14,335.1,397,1335,427,1356,1325,1675
5657486,466.82,332.175,468.58,334.65,400,1327,421,1352,1323,1672
5657488,465.94,332.625,469.14,335.025,391,1332,427,1355,1329,1675
5657490,466.26,332.775,468.98,334.8,395,1333,425,1353,1324,1674
5657492,465.86,332.925,468.58,335.625,390,1336,422,1362,1327,1677
5657494,466.5,332.775,468.18,335.625,397,1334,418,1362,1328,1679
5657496,465.86,332.625,468.66,335.7,390,1333,423,1363,1325,1676
5657498,465.78,332.85,468.42,334.875,389,1335,419,1354,1331,1677
5657500,465.54,331.425,468.66,335.85,385,1320,423,1365,1326,1674
5657502,465.3,331.875,468.9,335.55,383,1325,424,1361,1330,1678
5657504,465.46,332.25,468.26,335.7,385,1329,417,1364,1329,1678
5657506,466.26,332.55,468.18,336.15,393,1331,417,1368,1330,1677
5657508,465.62,333.675,468.42,336.375,388,1344,420,1371,1329,1678
5657510,465.78,333.075,468.1,336.075,389,1338,416,1367,1331,1678
5657512,466.1,332.55,468.42,336.75,391,1332,420,1375,1334,1680
5657514,465.94,333.375,468.58,336.75,390,1341,422,1375,1330,1675
5657516,466.02,333.225,468.66,336.675,391,1340,422,1374,1333,1676
5657518,466.1,333.45,468.5,337.35,392,1342,421,1382,1331,1679
5657520,465.7,333.375,469.22,337.2,387,1342,428,1379,1331,1675
5657522,466.02,333.3,468.66,336.3,390,1340,422,1370,1330,1682
5657524,465.7,333,468.5,336.6,386,1337,420,1373,1332,1680
5657526,466.34,333,468.82,336.075,393,1337,423,1368,1332,1681
5657528,465.86,333.15,469.3,336.225,388,1339,427,1369,1333,1681
5657530,465.94,332.85,469.14,336.3,388,1336,426,1369,1332,1683
5657532,466.18,332.025,468.66,335.55,389,1326,419,1362,1334,1679
5657534,465.86,332.025,469.46,335.625,386,1326,428,1362,1336,1679
5657536,466.34,331.575,468.82,335.175,390,1321,420,1358,1337,1681
5657538,466.1,331.5,468.74,334.725,388,1321,419,1353,1333,1679
5657540,466.1,331.95,468.9,335.475,388,1326,422,1361,1333,1675
5657542,466.26,330.9,469.7,334.65,389,1314,429,1351,1333,1680
5657544,466.18,331.5,469.3,334.725,388,1320,424,1353,1334,1674
5657546,465.94,331.5,469.46,334.875,385,1321,426,1354,1335,1682
5657548,466.42,331.425,469.54,334.575,391,1319,427,1350,1338,1677
5657550,466.42,330.9,469.62,334.65,390,1314,428,1351,1336,1678
5657552,466.82,331.2,470.42,334.65,395,1317,435,1350,1335,1683
5657554,466.9,331.725,470.9,335.55,396,1322,442,1360,1340,1684
5657556,466.82,331.875,470.98,335.775,395,1324,442,1361,1339,1684
5657558,466.9,331.5,471.22,334.875,396,1320,444,1351,1341,1684
5657560,467.14,331.875,470.9,335.1,399,1324,442,1354,1338,1684
5657562,466.66,332.1,471.62,335.85,393,1327,450,1362,1338,1684
5657564,467.06,332.25,470.58,335.475,398,1327,438,1359,1341,1683
5657566,466.42,332.4,471.14,335.7,392,1330,444,1361,1334,1689
5657568,466.9,332.025,471.22,336.525,396,1325,447,1370,1341,1682
5657570,466.74,332.1,471.22,336.15,395,1327,446,1366,1338,1686
5657572,466.42,332.475,470.42,337.05,391,1331,439,1376,1338,1683
5657574,466.82,332.475,471.38,336.525,396,1330,448,1370,1339,1684
5657576,466.9,333.075,470.9,336.675,398,1337,444,1372,1335,1686
5657578,466.58,333,470.42,336.675,394,1336,439,1372,1339,1686
5657580,467.14,332.55,470.9,337.05,400,1332,445,1376,1342,1688
5657582,467.3,333.3,471.46,335.775,403,1339,449,1362,1338,1692
5657584,466.82,333.15,471.3,336.975,398,1339,448,1375,1339,1689
5657586,467.7,333.075,471.46,336.3,406,1337,450,1368,1339,1685
5657588,466.82,333.15,471.54,337.05,398,1339,452,1376,1338,1690
5657590,467.62,333.225,471.38,337.8,406,1339,450,1384,1341,1685
5657592,467.22,333.3,471.62,337.5,402,1341,453,1381,1336,1686
5657594,466.9,333.675,471.54,337.2,399,1345,451,1378,1337,1687
5657596,467.54,333.45,471.14,336.975,406,1342,447,1377,1339,1687
5657598,467.46,334.35,470.9,337.275,405,1352,445,1380,1339,1690
5657600,466.9,333.825,470.5,337.125,399,1347,441,1379,1338,1690
5657602,466.98,332.7,470.98,337.575,399,1335,446,1383,1340,1690
5657604,466.66,333.3,469.46,337.875,396,1342,431,1388,1337,1691
5657606,465.86,333.15,468.9,337.275,388,1342,424,1383,1339,1690
5657608,465.3,332.925,468.1,337.05,381,1340,415,1381,1339,1685
5657610,464.74,332.85,467.62,336.075,375,1339,409,1371,1338,1684
5657612,464.34,332.55,467.14,335.55,370,1337,403,1367,1339,1686
5657614,464.34,332.025,467.38,335.175,370,1331,405,1362,1341,1683
5657616,464.18,332.175,467.38,334.875,368,1333,405,1359,1336,1689
5657618,464.34,331.575,467.38,334.65,369,1326,404,1357,1335,1684
5657620,465.22,331.5,467.62,334.35,378,1324,406,1353,1335,1687
5657622,465.54,331.8,467.06,334.5,382,1327,400,1355,1339,1687
5657624,465.3,331.125,466.58,334.05,378,1320,395,1350,1338,1687
5657626,465.86,331.725,467.3,334.2,384,1326,402,1351,1338,1690
5657628,466.18,330.6,467.06,334.2,386,1312,399,1351,1338,1689
5657630,465.78,330.975,467.14,334.2,382,1317,400,1351,1333,1690
5657632,465.54,331.425,467.22,334.65,380,1322,401,1355,1340,1686
5657634,465.14,330.975,466.74,334.35,375,1317,395,1352,1343,1693
5657636,464.42,331.8,467.06,335.1,368,1327,399,1359,1337,1692
5657638,464.82,331.725,466.9,334.125,372,1325,396,1349,1344,1690
5657640,464.26,331.05,466.66,334.8,364,1318,394,1355,1342,1690
5657642,464.5,330.075,466.58,334.65,366,1307,392,1354,1341,1689
5657644,464.58,330.975,466.34,333.975,367,1316,389,1346,1341,1695
5657646,464.9,330.375,466.66,334.5,370,1309,392,1351,1345,1694
5657648,464.34,330.525,466.58,334.575,363,1310,391,1352,1339,1693
5657650,464.58,331.875,466.42,334.5,367,1325,389,1351,1343,1696
5657652,465.62,331.575,465.78,334.425,377,1320,381,1350,1342,1693
5657654,464.74,331.425,465.62,334.95,367,1319,380,1356,1340,1698
5657656,464.5,331.725,465.94,335.625,364,1322,383,1363,1343,1697
5657658,463.7,331.725,465.78,334.95,355,1323,381,1355,1343,1699
5657660,464.34,331.725,466.1,334.725,361,1321,383,1352,1341,1698
5657662,464.26,331.725,465.78,334.575,361,1321,380,1351,1340,1694
5657664,464.34,331.875,465.86,335.1,360,1322,380,1355,1342,1693
5657666,464.34,332.4,466.02,335.025,361,1328,382,1354,1340,1698
5657668,464.34,331.425,465.7,335.85,359,1316,378,1363,1340,1695
5657670,464.5,332.325,465.7,335.775,362,1325,378,1362,1344,1698
5657672,464.82,332.55,466.1,335.475,365,1327,381,1358,1341,1699
5657674,464.34,332.1,465.78,335.55,359,1323,378,1358,1341,1694
5657676,464.74,332.475,465.62,335.85,363,1326,376,1361,1341,1700
5657678,464.82,332.775,466.1,334.95,364,1329,380,1351,1342,1699
5657680,465.14,332.775,466.1,335.325,367,1328,380,1355,1343,1699
5657682,465.3,333.075,466.34,336,369,1331,383,1362,1340,1700
5657684,466.18,333.15,466.26,335.25,378,1331,381,1354,1340,1699
5657686,465.22,333.225,466.5,335.85,368,1332,384,1360,1343,1701
5657688,465.46,332.7,467.14,336,369,1327,390,1360,1339,1699
5657690,465.86,333.3,466.5,335.7,374,1333,384,1358,1341,1700
5657692,466.26,333.45,466.82,335.775,378,1334,387,1358,1345,1696
5657694,466.1,333.15,467.46,335.475,376,1330,393,1354,1340,1700
5657696,466.18,333.3,467.06,336.675,378,1332,390,1367,1342,1705
5657698,466.9,332.85,467.62,336.15,385,1327,396,1361,1343,1699
5657700,467.06,333.3,467.22,336.225,387,1331,391,1363,1341,1703
5657702,466.82,333.225,467.22,336,384,1331,392,1360,1342,1703
5657704,466.9,333.9,467.78,337.05,387,1338,398,1371,1341,1699
5657706,466.34,333.3,467.94,336.375,380,1332,400,1363,1345,1704
5657708,467.62,332.925,467.94,336.525,393,1327,400,1365,1344,1704
5657710,467.54,333.225,467.78,336.3,393,1331,399,1363,1343,1700
5657712,467.38,333.15,467.94,336.525,391,1330,401,1366,1343,1701
5657714,467.62,332.7,467.86,336.975,393,1325,400,1371,1343,1699
5657716,467.62,333.675,468.18,336.825,395,1336,404,1369,1344,1697
5657718,467.78,333.975,468.5,337.2,398,1339,409,1373,1345,1704
5657720,467.54,333.525,468.42,337.275,395,1335,408,1374,1344,1698
5657722,467.86,333.75,468.74,337.425,399,1337,412,1376,1346,1699
5657724,468.26,333.3,468.58,336.975,404,1332,411,1372,1343,1701
5657726,468.02,333.75,468.58,336.9,402,1338,411,1371,1351,1703
5657728,468.18,332.475,468.26,337.05,402,1324,408,1374,1347,1700
5657730,468.26,333.075,468.74,337.2,404,1330,414,1374,1347,1700
5657732,468.26,332.85,468.58,336.675,405,1329,412,1369,1347,1703
5657734,467.78,332.85,469.06,336.3,400,1329,417,1365,1350,1702
5657736,468.34,332.625,468.98,336.675,406,1327,417,1370,1346,1701
5657738,468.18,333.075,468.74,337.275,405,1332,415,1377,1345,1701
5657740,468.42,332.775,469.14,336.75,408,1329,420,1371,1347,1701
5657742,469.06,332.925,469.06,336.9,415,1330,419,1373,1346,1701
5657744,468.18,333.6,468.66,336.825,408,1339,416,1374,1347,1703
5657746,468.18,332.4,469.06,336.9,407,1326,421,1374,1346,1702
5657748,468.1,333.45,468.9,336.75,408,1338,420,1373,1346,1701
5657750,468.1,333.525,468.98,336.45,408,1339,420,1370,1347,1705
5657752,468.5,332.85,469.06,336.75,413,1332,423,1373,1347,1703
5657754,468.5,334.05,469.3,336.75,414,1345,425,1373,1350,1707
5657756,467.94,333.15,469.62,336.3,408,1336,429,1369,1351,1707
5657758,468.02,333.675,469.3,336.675,410,1342,426,1373,1351,1704
5657760,467.62,334.275,468.98,336.075,407,1349,423,1368,1351,1703
5657762,468.18,332.325,469.46,336,410,1327,427,1366,1351,1705
5657764,467.7,333.075,468.74,336,407,1336,421,1367,1346,1703
5657766,468.26,332.55,469.38,335.625,412,1330,427,1363,1348,1707
5657768,467.78,332.475,469.06,335.325,408,1331,425,1360,1346,1708
5657770,467.54,332.25,469.54,334.95,405,1328,429,1355,1349,1708
5657772,467.86,331.35,469.54,334.8,408,1318,429,1354,1350,1705
5657774,467.86,331.8,469.3,334.35,409,1323,426,1349,1349,1707
5657776,467.7,332.025,468.74,334.725,408,1326,422,1354,1350,1705
5657778,467.94,331.5,468.82,334.8,410,1320,423,1355,1350,1704
5657780,467.38,331.275,468.58,334.275,404,1318,421,1349,1346,1707
5657782,467.46,331.125,468.82,333.75,405,1316,422,1344,1350,1707
5657784,467.78,330.525,468.26,333.9,408,1310,417,1346,1352,1710
5657786,467.54,330.225,468.74,333.9,405,1307,422,1345,1346,1709
5657788,467.3,330.675,468.74,333.975,404,1312,422,1346,1348,1706
5657790,467.22,330.675,468.42,334.05,403,1311,419,1347,1347,1709
5657792,467.14,330.75,468.34,333.9,403,1312,419,1346,1346,1709
5657794,467.14,330.9,467.86,333.675,402,1314,414,1344,1349,1708
5657796,467.22,330.225,468.18,333.975,403,1307,417,1346,1349,1705
5657798,467.22,330.825,467.54,334.125,403,1313,410,1349,1349,1705
5657800,466.66,330.375,467.78,333.9,397,1309,413,1346,1350,1706
5657802,466.74,330.225,467.46,334.125,398,1307,410,1348,1348,1707
5657804,467.22,330.6,467.62,334.05,403,1310,411,1347,1350,1704
5657806,466.5,330.6,467.3,333.675,395,1311,407,1343,1345,1707
5657808,466.26,330.525,466.74,334.5,393,1310,403,1353,1346,1706
5657810,466.5,330.6,467.46,333.825,395,1311,409,1344,1351,1704
5657812,465.46,331.5,467.78,333.75,386,1321,413,1343,1347,1706
5657814,465.14,331.425,466.98,334.125,382,1321,405,1348,1348,1708
5657816,465.94,332.1,467.38,334.65,391,1327,409,1353,1346,1706
5657818,465.86,331.575,467.06,334.05,390,1321,405,1347,1349,1705
5657820,465.54,332.475,466.5,334.35,387,1331,399,1350,1346,1708
5657822,465.94,331.65,466.98,334.575,390,1322,405,1352,1348,1710
5657824,465.3,332.4,467.38,334.95,385,1331,409,1356,1344,1706
5657826,465.54,331.275,466.58,334.95,386,1319,401,1357,1348,1711
5657828,465.54,331.2,467.06,334.725,386,1318,405,1355,1348,1709
5657830,465.78,331.875,466.98,334.875,389,1325,404,1356,1350,1709
5657832,465.86,331.35,466.9,334.5,389,1319,403,1352,1347,1709
5657834,465.46,331.2,466.98,334.725,384,1318,404,1355,1349,1710
5657836,465.54,331.95,467.3,334.05,385,1326,406,1347,1344,1709
5657838,465.3,331.35,467.22,334.275,383,1320,406,1349,1346,1714
5657840,465.46,331.125,467.14,334.125,383,1317,404,1348,1349,1708
5657842,465.46,331.425,467.22,333.675,384,1321,405,1343,1346,1713
5657844,466.18,330.9,467.06,333.825,390,1314,402,1345,1350,1711
5657846,465.46,330.45,467.3,334.125,382,1310,405,1348,1352,1715
5657848,464.66,330.825,467.06,333.825,374,1315,402,1345,1347,1715
5657850,465.62,329.625,467.94,332.925,382,1301,410,1334,1354,1715
5657852,465.22,330.825,467.54,333.3,379,1315,406,1339,1352,1716
5657854,465.86,330.675,467.78,332.925,385,1312,408,1335,1350,1711
5657856,465.7,329.925,467.62,333.525,383,1304,407,1341,1353,1714
5657858,466.66,330.075,467.3,333.675,394,1305,404,1344,1354,1713
5657860,465.46,329.7,468.1,333.375,380,1303,412,1340,1354,1716
5657862,465.46,330.45,467.62,333.675,381,1311,407,1344,1351,1717
5657864,465.38,330.825,467.3,333.9,380,1315,403,1346,1347,1715
5657866,465.62,330.525,467.94,332.925,382,1311,409,1335,1354,1718
5657868,465.86,330.15,468.02,333,384,1307,410,1336,1352,1719
5657870,465.7,329.4,468.18,333.3,382,1299,412,1339,1354,1720
5657872,466.02,330.3,468.26,333.675,386,1309,413,1343,1353,1722
5657874,466.26,330.9,468.1,333.225,390,1315,411,1338,1349,1724
5657876,466.1,331.8,468.26,333.375,389,1325,413,1339,1349,1725
5657878,466.02,330.45,468.58,333.525,386,1310,416,1341,1354,1721
5657880,466.02,330.375,468.5,333.75,386,1310,415,1344,1354,1721
5657882,466.1,330.075,468.42,333.6,386,1306,415,1342,1354,1725
5657884,465.78,330.6,468.9,333.45,384,1313,419,1340,1354,1723
5657886,465.94,330.375,468.1,333.825,385,1310,412,1345,1356,1724
5657888,465.7,330.45,468.26,333.525,383,1311,413,1341,1354,1726
5657890,465.7,330.825,467.94,333.9,383,1315,410,1346,1354,1724
5657892,465.86,330.675,468.1,334.2,385,1313,412,1349,1351,1727
5657894,465.46,330.9,468.34,334.2,381,1316,415,1348,1353,1726
5657896,466.26,331.95,467.78,334.125,390,1326,409,1348,1353,1729
5657898,465.86,330.525,467.78,334.575,385,1312,409,1353,1355,1727
5657900,465.78,330.6,468.26,334.575,384,1313,414,1352,1355,1726
5657902,466.26,330.975,468.02,334.65,389,1315,412,1354,1355,1728
5657904,465.86,330.15,467.86,334.125,384,1307,409,1348,1357,1725
5657906,466.26,330.45,468.26,334.275,389,1310,414,1349,1355,1730
5657908,465.46,330.375,468.18,334.725,380,1310,413,1354,1357,1729
5657910,466.5,329.4,468.42,334.575,391,1298,416,1352,1358,1730
5657912,465.94,329.55,468.18,333.375,385,1300,412,1339,1360,1727
5657914,466.42,328.5,467.78,333.975,389,1288,409,1346,1360,1732
5657916,466.1,328.5,468.18,334.125,385,1288,413,1347,1359,1732
5657918,466.34,328.05,468.26,334.05,387,1283,414,1346,1362,1731
5657920,466.26,327.975,467.86,334.425,386,1282,410,1349,1363,1734
5657922,465.46,328.725,468.58,334.425,379,1290,418,1349,1360,1735
5657924,465.78,328.425,468.34,335.475,382,1286,416,1360,1359,1739
5657926,465.86,329.4,468.5,335.4,384,1297,418,1359,1362,1741
5657928,465.62,329.7,468.5,335.925,382,1299,419,1364,1364,1741
5657930,465.86,329.775,468.5,336.225,384,1300,419,1367,1361,1743
5657932,465.54,330.075,467.94,337.05,382,1303,414,1376,1361,1742
5657934,465.62,330.15,467.7,337.65,383,1304,412,1383,1363,1743
5657936,465.7,330.6,467.54,338.475,384,1307,411,1391,1363,1744
5657938,465.94,332.025,467.3,338.625,388,1323,409,1393,1358,1742
5657940,466.18,333.675,467.22,339.525,392,1339,409,1402,1357,1744
5657942,466.26,335.25,466.74,340.35,395,1357,405,1412,1360,1743
5657944,466.34,335.25,466.58,341.475,396,1356,404,1423,1357,1740
5657946,466.42,336.225,466.34,341.325,397,1366,402,1421,1359,1747
5657948,466.98,336.9,465.7,341.775,404,1372,395,1426,1360,1743
5657950,466.9,338.7,465.62,342.525,405,1391,395,1434,1359,1745
5657952,467.14,340.95,465.14,343.2,410,1415,391,1442,1367,1745
5657954,467.14,341.325,465.38,344.7,410,1419,395,1457,1361,1747
5657956,467.86,343.95,464.98,346.275,421,1446,393,1475,1369,1743
5657958,467.46,346.275,464.58,347.775,419,1471,391,1491,1371,1745
5657960,467.62,348.525,464.26,348.525,423,1495,388,1499,1375,1744
5657962,468.5,349.8,464.1,350.475,434,1508,388,1520,1371,1746
5657964,468.1,351,463.78,351.15,431,1521,386,1527,1371,1750
5657966,468.18,352.2,463.62,353.25,433,1534,386,1551,1371,1742
5657968,469.22,352.275,463.46,353.25,444,1533,385,1550,1369,1745
5657970,469.38,353.4,464.1,352.125,447,1545,390,1537,1372,1748
5657972,471.22,352.425,465.22,350.925,466,1532,401,1522,1366,1746
5657974,473.78,351.6,466.66,348.9,491,1520,414,1499,1361,1744
5657976,476.26,352.35,468.18,346.575,519,1525,427,1472,1367,1749
5657978,478.66,350.925,469.54,345.525,542,1507,440,1459,1367,1745
5657980,480.82,350.85,470.42,344.625,565,1504,449,1448,1367,1743
5657982,481.62,350.475,471.78,343.725,573,1499,462,1436,1367,1746
5657984,482.1,349.875,471.86,342.975,577,1492,463,1428,1368,1741
5657986,482.42,348.825,471.54,342.225,580,1480,459,1420,1361,1746
5657988,482.82,348.3,470.34,343.5,583,1474,447,1435,1362,1743
5657990,483.86,347.1,469.22,342.675,593,1460,435,1428,1357,1742
5657992,484.42,346.65,468.74,341.475,599,1455,428,1416,1359,1748
5657994,485.54,346.8,467.86,342.375,611,1455,420,1426,1366,1746
5657996,486.34,346.8,467.7,343.2,619,1454,419,1436,1359,1742
5657998,486.98,348.75,467.3,343.35,627,1474,415,1437,1368,1740
5658000,488.26,348.975,466.82,344.1,641,1476,411,1447,1365,1742
5658002,489.7,351.075,465.54,346.35,658,1497,400,1472,1364,1742
5658004,489.78,352.275,463.54,347.775,661,1510,380,1490,1369,1739
5658006,489.78,353.7,461.62,350.1,662,1526,362,1518,1368,1742
5658008,489.62,353.85,460.34,351.375,660,1527,350,1533,1368,1741
5658010,490.66,353.025,458.26,353.325,671,1518,331,1557,1365,1742
5658012,491.22,352.575,455.78,355.2,676,1512,306,1580,1366,1739
5658014,492.9,350.925,453.7,355.5,692,1493,285,1586,1361,1734
5658016,494.5,351.225,452.1,357,709,1495,269,1604,1360,1736
5658018,496.02,351.825,450.02,357.3,726,1499,247,1609,1359,1738
5658020,497.06,354.675,447.54,359.25,739,1529,223,1633,1348,1734
5658022,497.7,357.225,444.5,353.1,749,1556,185,1570,1338,1766
5658024,497.06,367.725,441.06,359.85,753,1671,156,1647,1300,1743
5658026,497.78,382.8,437.86,371.4,776,1834,134,1777,1239,1689
5658028,498.26,400.65,437.06,383.55,800,2028,137,1910,1167,1635
5658030,499.46,417.3,436.42,396.15,830,2208,143,2048,1102,1573
5658032,500.74,435.9,435.46,412.725,862,2410,150,2231,1019,1483
5658034,501.54,456.225,439.62,428.175,893,2632,209,2395,934,1404
5658036,502.34,474.9,435.86,442.575,920,2835,183,2557,857,1323
5658038,505.38,494.475,430.98,457.875,973,3047,148,2731,771,1232
5658040,504.82,513.9,424.66,476.025,988,3262,99,2938,688,1128
5658042,498.1,536.4,425.46,491.925,940,3518,123,3112,598,1033
5658044,497.06,555.6,419.7,506.475,949,3731,76,3279,518,954
5658046,494.74,573.75,418.02,521.625,944,3936,74,3449,443,864
5658048,NaN,NaN,418.26,539.4,NaN,NaN,95,3645,0,756
5658050,507.54,613.65,409.46,551.4,1122,4364,13,3789,274,678
5658052,507.54,613.65,410.26,566.25,1122,4364,37,3953,274,584
5658054,NaN,NaN,411.14,580.875,NaN,NaN,61,4115,0,491
5658056,NaN,NaN,402.18,592.125,NaN,NaN,-23,4251,0,435
5658058,NaN,NaN,402.18,592.125,NaN,NaN,-23,4251,0,435
5658060,NaN,NaN,NaN,NaN,NaN,NaN,NaN,NaN,0,0
5658062,NaN,NaN,NaN,NaN,NaN,NaN,NaN,NaN,0,0
5658064,NaN,NaN,NaN,NaN,NaN,NaN,NaN,NaN,0,0
5658066,NaN,NaN,NaN,NaN,NaN,NaN,NaN,NaN,0,0
5658068,NaN,NaN,NaN,NaN,NaN,NaN,NaN,NaN,0,0
5658070,NaN,NaN,NaN,NaN,NaN,NaN,NaN,NaN,0,0
5658072,NaN,NaN,NaN,NaN,NaN,NaN,NaN,NaN,0,0
5658074,NaN,NaN,NaN,NaN,NaN,NaN,NaN,NaN,0,0
5658076,NaN,NaN,NaN,NaN,NaN,NaN,NaN,NaN,0,0
5658078,NaN,NaN,NaN,NaN,NaN,NaN,NaN,NaN,0,0
5658080,NaN,NaN,NaN,NaN,NaN,NaN,NaN,NaN,0,0
5658082,NaN,NaN,NaN,NaN,NaN,NaN,NaN,NaN,0,0
5658084,NaN,NaN,NaN,NaN,NaN,NaN,NaN,NaN,0,0
5658086,NaN,NaN,NaN,NaN,NaN,NaN,NaN,NaN,0,0
5658088,NaN,NaN,NaN,NaN,NaN,NaN,NaN,NaN,0,0
5658090,NaN,NaN,NaN,NaN,NaN,NaN,NaN,NaN,0,0
5658092,NaN,NaN,NaN,NaN,NaN,NaN,NaN,NaN,0,0
5658094,NaN,NaN,NaN,NaN,NaN,NaN,NaN,NaN,0,0
5658096,NaN,NaN,NaN,NaN,NaN,NaN,NaN,NaN,0,0
5658098,NaN,NaN,NaN,NaN,NaN,NaN,NaN,NaN,0,0
5658100,NaN,NaN,NaN,NaN,NaN,NaN,NaN,NaN,0,0
5658102,NaN,NaN,NaN,NaN,NaN,NaN,NaN,NaN,0,0
5658104,NaN,NaN,NaN,NaN,NaN,NaN,NaN,NaN,0,0
5658106,NaN,NaN,NaN,NaN,NaN,NaN,NaN,NaN,0,0
5658108,NaN,NaN,NaN,NaN,NaN,NaN,NaN,NaN,0,0
5658110,NaN,NaN,NaN,NaN,NaN,NaN,NaN,NaN,0,0
5658112,NaN,NaN,NaN,NaN,NaN,NaN,NaN,NaN,0,0
5658114,NaN,NaN,NaN,NaN,NaN,NaN,NaN,NaN,0,0
5658116,NaN,NaN,NaN,NaN,NaN,NaN,NaN,NaN,0,0
5658118,NaN,NaN,423.86,584.775,NaN,NaN,196,4139,0,409
5658120,NaN,NaN,423.86,584.775,NaN,NaN,196,4138,0,409
5658122,NaN,NaN,425.38,575.1,NaN,NaN,202,4029,0,467
5658124,NaN,NaN,426.82,565.35,NaN,NaN,208,3918,0,525
5658126,NaN,NaN,428.82,556.875,NaN,NaN,221,3822,0,568
5658128,NaN,NaN,430.9,548.4,NaN,NaN,234,3725,0,612
5658130,NaN,NaN,432.58,541.5,NaN,NaN,245,3646,0,654
5658132,NaN,NaN,434.26,534.525,NaN,NaN,256,3567,0,696
5658134,NaN,NaN,433.86,528.675,NaN,NaN,246,3503,0,734
5658136,NaN,NaN,433.46,522.75,NaN,NaN,236,3438,0,772
5658138,NaN,NaN,434.18,517.275,NaN,NaN,238,3377,0,812
5658140,NaN,NaN,434.82,511.8,NaN,NaN,239,3315,0,854
5658142,NaN,NaN,438.58,507.15,NaN,NaN,275,3259,0,891
5658144,NaN,NaN,442.42,502.425,NaN,NaN,310,3203,0,929
5658146,NaN,NaN,446.18,496.125,NaN,NaN,344,3129,0,969
5658148,NaN,NaN,449.94,489.75,NaN,NaN,377,3054,0,1009
5658150,NaN,NaN,451.38,482.775,NaN,NaN,386,2976,0,1047
5658152,NaN,NaN,452.9,475.8,NaN,NaN,394,2898,0,1087
5658154,462.74,516.975,453.38,470.475,542,3340,394,2838,587,1118
5658156,462.74,516.975,453.94,465.075,542,3340,394,2779,587,1150
5658158,463.7,507.45,455.94,458.925,542,3233,409,2708,626,1188
5658160,464.66,497.925,457.94,452.7,542,3127,424,2638,666,1226
5658162,466.5,487.275,458.9,446.775,551,3008,429,2572,715,1261
5658164,466.26,478.575,457.06,444.075,539,2912,406,2545,752,1275
5658166,467.06,469.725,NaN,NaN,538,2815,NaN,NaN,795,0
5658168,467.86,461.475,463.14,429.45,539,2723,456,2378,824,1367
5658170,468.18,452.025,460.18,424.725,532,2619,420,2329,866,1392
5658172,468.42,442.5,457.14,420,525,2514,383,2281,908,1418
5658174,470.9,432.975,461.46,412.125,541,2407,420,2190,950,1454
5658176,470.82,423.9,461.54,406.125,531,2308,415,2124,989,1489
5658178,471.7,413.1,459.22,401.85,529,2189,386,2080,1034,1511
5658180,469.7,406.275,NaN,NaN,501,2117,NaN,NaN,1074,0
5658182,472.98,396.6,458.5,391.575,527,2007,369,1968,1118,1583
5658184,472.42,389.925,459.06,385.275,513,1935,368,1900,1147,1617
5658186,471.78,383.175,459.62,379.05,500,1862,367,1831,1176,1651
5658188,471.7,376.875,461.38,375.15,493,1794,382,1786,1219,1677
5658190,471.94,367.8,461.06,368.7,486,1695,372,1717,1244,1714
5658192,471.38,361.425,460.82,363.15,473,1626,364,1657,1287,1751
5658194,471.46,356.325,461.38,358.575,470,1570,366,1606,1304,1776
5658196,471.22,349.425,460.82,352.95,460,1496,354,1546,1335,1805
5658198,470.74,345.3,460.26,351.975,451,1451,348,1536,1347,1813
5658200,471.14,340.5,460.9,347.85,450,1399,350,1490,1367,1836
5658202,470.74,338.025,461.3,345.525,444,1372,353,1464,1379,1855
5658204,469.86,335.475,461.38,344.7,432,1346,353,1455,1393,1857
5658206,470.42,334.5,462.26,344.325,438,1335,362,1450,1393,1863
5658208,469.78,334.275,462.34,343.05,430,1333,362,1436,1405,1871
5658210,469.62,334.95,463.38,343.2,430,1340,373,1436,1406,1870
5658212,470.42,332.775,462.82,342.375,437,1315,366,1428,1413,1876
5658214,470.5,332.775,463.54,342,438,1315,374,1423,1415,1878
5658216,471.22,332.4,464.02,342.45,445,1310,379,1427,1425,1882
5658218,470.98,331.725,463.62,342.15,442,1302,375,1424,1423,1881
5658220,470.66,330.825,464.58,341.85,437,1293,385,1420,1426,1886
5658222,470.5,331.2,464.34,341.625,436,1297,382,1417,1429,1886
5658224,470.58,330.975,464.66,340.65,437,1294,385,1406,1431,1891
5658226,469.78,330.6,464.82,340.95,428,1291,387,1409,1434,1889
5658228,469.86,330.15,464.82,340.875,429,1287,387,1408,1433,1887
5658230,469.54,330.225,465.06,340.5,425,1288,389,1404,1435,1889
5658232,468.82,329.625,464.82,339.675,417,1282,386,1395,1436,1894
5658234,469.06,329.475,464.98,338.55,420,1280,387,1382,1437,1898
5658236,469.46,328.725,464.98,338.25,424,1271,387,1379,1433,1899
5658238,468.74,328.575,464.98,337.425,416,1270,386,1370,1435,1906
5658240,468.58,327.75,465.22,337.2,414,1261,388,1367,1439,1909
5658242,468.74,327.825,465.06,337.875,416,1262,388,1375,1438,1906
5658244,469.22,327.9,464.74,336.825,421,1262,384,1364,1435,1909
5658246,468.82,327.675,465.38,337.425,417,1260,390,1369,1438,1910
5658248,467.86,327.75,465.78,337.05,407,1262,395,1365,1440,1912
5658250,468.18,327.6,465.7,336.225,410,1260,393,1356,1437,1915
5658252,468.5,327.075,465.86,336.375,414,1254,395,1358,1441,1918
5658254,468.26,326.775,465.94,336.45,410,1251,396,1358,1438,1917
5658256,468.26,327.75,466.02,336.075,412,1262,397,1354,1444,1921
5658258,468.26,327.375,466.66,337.05,412,1257,405,1364,1445,1920
5658260,467.22,327.225,466.42,336.675,401,1257,402,1360,1445,1921
5658262,467.78,327.825,466.82,336.525,407,1263,406,1358,1446,1924
5658264,468.18,326.925,466.82,335.7,411,1252,405,1349,1442,1926
5658266,468.74,325.95,466.82,336.45,416,1241,406,1357,1442,1925
5658268,468.1,327.525,467.22,335.175,410,1259,409,1343,1445,1934
5658270,468.1,326.475,467.14,335.925,410,1248,409,1351,1447,1931
5658272,468.1,327,467.22,335.4,410,1254,410,1345,1440,1927
5658274,468.34,326.25,467.62,334.8,412,1245,414,1339,1444,1937
5658276,467.94,325.8,466.9,335.325,408,1241,407,1345,1443,1933
5658278,468.42,326.25,467.86,334.575,414,1245,416,1336,1445,1940
5658280,467.94,326.1,468.18,333.9,408,1244,419,1328,1444,1941
5658282,467.54,325.425,467.46,333.9,404,1237,412,1329,1446,1941
5658284,467.3,325.95,467.54,334.5,402,1244,413,1336,1451,1940
5658286,467.62,325.05,467.7,333.825,404,1233,414,1328,1453,1946
5658288,467.06,325.575,467.7,333.9,399,1240,414,1329,1456,1943
5658290,467.46,324.6,467.22,333.375,401,1229,408,1324,1455,1944
5658292,466.82,324.15,467.3,333.225,394,1225,409,1322,1455,1946
5658294,466.82,323.625,467.3,333.15,394,1219,409,1321,1458,1949
5658296,466.98,324.075,467.54,333.225,396,1223,412,1322,1461,1949
5658298,466.74,323.7,467.78,333.675,393,1219,414,1327,1459,1950
5658300,466.66,324,467.86,332.925,392,1223,414,1318,1457,1952
5658302,466.34,323.175,467.86,333,388,1215,415,1319,1460,1952
5658304,466.5,323.475,467.7,333.45,390,1218,413,1324,1459,1951
5658306,466.58,324.15,468.18,333.975,392,1225,419,1330,1460,1949
5658308,466.9,324.825,468.02,333.975,396,1232,417,1330,1462,1955
5658310,466.58,325.275,468.02,334.5,393,1237,418,1335,1462,1953
5658312,466.18,325.425,468.34,334.5,389,1239,421,1336,1463,1956
5658314,466.5,325.425,468.58,335.325,393,1239,424,1344,1462,1959
5658316,465.94,326.475,468.58,335.025,388,1251,424,1341,1465,1961
5658318,465.94,326.475,468.74,335.625,388,1251,426,1347,1464,1958
5658320,466.66,326.625,469.14,335.325,395,1252,430,1344,1464,1961
5658322,466.42,327.6,469.38,335.925,393,1263,433,1350,1465,1965
5658324,466.42,327.075,469.54,335.775,393,1257,435,1348,1462,1963
5658326,466.34,327.75,469.78,335.925,393,1265,437,1350,1466,1965
5658328,466.34,327.675,469.86,336.075,393,1264,438,1351,1466,1967
5658330,466.18,327.75,469.06,336.075,391,1266,430,1353,1467,1965
5658332,466.74,328.2,469.38,336.675,398,1270,434,1359,1467,1965
5658334,466.66,328.05,468.66,336.45,397,1269,426,1358,1468,1969
5658336,466.18,328.125,469.62,335.775,391,1270,435,1349,1466,1972
5658338,467.06,328.275,470.1,336,400,1271,441,1352,1472,1968
5658340,466.74,328.725,469.3,336,398,1276,432,1353,1471,1973
5658342,466.9,327.975,469.46,336.45,399,1269,434,1358,1470,1972
5658344,466.9,327.75,469.38,336.15,398,1266,433,1354,1474,1974
5658346,466.66,327.825,469.46,335.475,396,1268,433,1348,1470,1974
5658348,466.58,326.85,469.62,335.7,394,1257,435,1350,1473,1974
5658350,465.94,326.7,469.86,335.7,387,1257,438,1350,1474,1975
5658352,466.66,327.675,469.62,334.875,396,1267,434,1341,1477,1978
5658354,466.34,327.3,469.22,335.55,392,1262,431,1349,1478,1974
5658356,465.78,326.25,469.3,335.025,385,1252,431,1343,1477,1978
5658358,465.54,326.7,469.3,334.575,382,1257,430,1338,1483,1978
5658360,465.7,325.575,469.3,334.65,383,1244,430,1339,1483,1981
5658362,464.98,326.025,468.98,334.725,375,1250,427,1340,1482,1982
5658364,465.54,325.95,469.06,333.975,381,1249,426,1332,1481,1981
5658366,465.86,325.425,468.26,334.275,384,1242,418,1335,1480,1987
5658368,465.22,325.725,468.58,334.125,378,1246,422,1333,1482,1986
5658370,465.3,325.725,468.18,333.825,378,1245,417,1330,1484,1989
5658372,465.46,325.5,467.78,333.75,379,1242,413,1329,1485,1987
5658374,465.38,325.125,468.66,334.2,378,1238,422,1332,1481,1988
5658376,464.9,326.175,467.62,333.75,374,1250,410,1329,1490,1991
5658378,465.14,325.35,467.94,334.2,375,1240,414,1332,1483,1992
5658380,465.22,325.8,467.7,333.75,376,1244,410,1328,1491,1994
5658382,465.46,326.7,467.46,333.9,380,1253,408,1328,1493,1992
5658384,465.3,326.7,467.78,333.825,378,1253,411,1327,1493,1992
5658386,465.86,326.025,467.62,334.425,383,1244,409,1332,1486,1995
5658388,464.98,326.775,467.46,335.025,374,1253,408,1340,1495,1997
5658390,465.22,327.9,467.7,334.725,377,1264,410,1335,1494,1994
5658392,464.74,327.825,467.22,334.875,372,1263,406,1337,1498,1995
5658394,464.98,325.95,467.46,334.425,372,1241,407,1330,1492,1998
5658396,465.14,326.55,467.3,335.025,375,1248,406,1337,1490,1997
5658398,465.22,327.825,467.06,335.25,376,1260,403,1339,1494,2003
5658400,465.62,327.75,467.38,335.25,379,1259,406,1338,1495,2001
5658402,465.94,328.05,467.54,335.625,382,1261,407,1341,1500,1997
5658404,466.02,328.8,467.86,335.625,384,1269,411,1341,1499,2000
5658406,465.7,328.275,466.9,335.625,379,1263,400,1341,1500,2001
5658408,465.06,328.575,466.34,336.3,373,1266,394,1349,1500,2005
5658410,465.38,329.775,466.58,335.85,378,1279,396,1343,1503,2009
5658412,465.46,329.25,466.42,336.3,378,1273,395,1348,1506,2009
5658414,466.02,328.875,466.74,336.9,383,1268,399,1353,1499,2012
5658416,466.1,330.45,466.34,336.6,385,1284,394,1350,1508,2009
5658418,465.7,329.625,466.5,336.675,380,1275,396,1351,1511,2013
5658420,466.18,330.225,466.42,337.875,386,1281,396,1363,1511,2017
5658422,466.1,329.85,466.74,337.65,384,1277,399,1361,1510,2011
5658424,466.02,329.925,466.42,337.575,383,1278,395,1360,1510,2020
5658426,466.98,328.95,466.58,337.65,392,1266,397,1360,1507,2018
5658428,466.02,329.625,466.34,337.425,382,1274,394,1358,1506,2015
5658430,465.86,330.225,466.42,338.1,381,1281,396,1366,1512,2021
5658432,466.9,330.6,466.58,337.875,393,1284,397,1363,1515,2020
5658434,466.5,330.75,466.74,338.55,389,1286,399,1371,1514,2022
5658436,467.06,330.75,466.42,338.475,394,1285,396,1370,1515,2026
5658438,467.22,330.675,466.42,338.85,396,1285,396,1374,1516,2022
5658440,467.38,330.45,466.42,339.225,397,1282,397,1378,1514,2027
5658442,467.3,330.825,466.74,339.3,397,1287,400,1379,1516,2027
5658444,467.62,330.975,466.74,339.45,401,1288,400,1381,1515,2024
5658446,467.38,331.425,467.06,339.225,399,1294,403,1378,1512,2028
5658448,467.54,332.7,467.14,339.675,402,1307,405,1384,1519,2030
5658450,467.78,331.35,466.82,339.45,403,1293,401,1382,1514,2031
5658452,467.7,331.65,466.74,339.525,403,1296,401,1383,1519,2029
5658454,467.38,332.025,466.98,340.35,400,1302,404,1392,1525,2040
5658456,468.02,332.925,466.66,339.975,408,1311,401,1389,1524,2033
5658458,467.86,332.4,467.06,340.425,406,1306,406,1394,1522,2036
5658460,468.18,332.025,467.3,340.2,409,1302,408,1391,1521,2042
5658462,468.66,332.475,467.38,340.575,415,1307,410,1396,1522,2038
5658464,467.62,333.75,466.98,340.5,405,1322,406,1396,1524,2040
5658466,468.1,333.225,466.9,340.8,410,1316,406,1400,1527,2042
5658468,468.74,332.55,466.82,341.925,416,1308,406,1412,1523,2041
5658470,467.62,333.75,466.9,341.175,407,1323,407,1405,1525,2044
5658472,468.02,334.8,466.58,341.4,412,1335,404,1408,1528,2045
5658474,468.1,333.075,466.58,341.025,412,1317,403,1405,1532,2042
5658476,467.46,332.1,466.5,340.05,404,1308,402,1394,1529,2043
5658478,467.22,330.075,466.02,338.85,400,1286,396,1383,1525,2040
5658480,467.38,330.3,465.94,336.9,402,1289,394,1362,1528,2042
5658482,467.3,328.275,465.86,336.225,399,1268,393,1356,1529,2043
5658484,467.46,327.375,465.7,335.7,400,1258,391,1350,1529,2042
5658486,467.06,326.7,465.22,334.5,396,1252,386,1338,1528,2043
5658488,467.62,326.25,465.78,333.9,402,1247,391,1331,1533,2040
5658490,467.94,327.225,466.34,334.65,407,1258,398,1340,1530,2044
5658492,468.1,327.225,465.54,333.975,409,1258,388,1334,1533,2043
5658494,468.74,327.225,466.18,334.275,416,1258,396,1337,1533,2045
5658496,468.42,326.55,466.1,334.8,412,1251,396,1343,1531,2050
5658498,467.94,327.225,466.5,334.275,408,1260,400,1338,1535,2043
5658500,468.66,326.625,466.02,334.875,415,1252,396,1345,1537,2051
5658502,467.06,327.45,466.34,334.5,400,1264,399,1341,1536,2050
5658504,467.62,327.675,466.26,334.95,405,1265,399,1346,1534,2054
5658506,467.7,326.85,465.7,335.1,406,1257,394,1349,1536,2052
5658508,467.46,327.525,465.94,334.125,404,1265,395,1338,1540,2054
5658510,467.38,327.375,465.62,334.65,403,1264,392,1345,1544,2052
5658512,467.7,326.4,466.1,333.825,406,1253,397,1335,1539,2058
5658514,467.46,326.025,465.94,334.125,404,1249,396,1339,1540,2060
5658516,467.3,327.075,465.94,333.825,402,1261,395,1336,1548,2059
5658518,467.3,326.4,465.62,333.375,402,1254,392,1331,1544,2059
5658520,467.3,326.775,465.78,333.375,403,1258,393,1331,1550,2066
5658522,467.62,326.775,465.62,332.475,405,1258,391,1321,1553,2060
5658524,467.86,325.125,465.14,331.95,406,1239,385,1316,1543,2062
5658526,467.54,325.725,464.9,332.325,404,1246,383,1320,1546,2060
5658528,467.94,323.475,465.3,331.725,406,1221,386,1313,1545,2060
5658530,467.86,324.675,464.9,330.675,406,1234,381,1302,1547,2055
5658532,468.42,324,465.22,331.875,411,1226,386,1315,1547,2060
5658534,467.62,324.3,465.14,331.2,403,1230,384,1307,1552,2061
5658536,468.1,325.05,465.22,331.725,409,1238,385,1313,1549,2060
5658538,467.86,324.75,464.98,331.95,406,1234,383,1315,1551,2063
5658540,467.54,324,465.22,331.35,402,1226,386,1309,1547,2062
5658542,466.42,324.825,464.9,332.1,392,1236,383,1317,1547,2065
5658544,466.74,325.125,464.34,331.8,395,1239,377,1314,1550,2065
5658546,467.06,324.825,464.02,331.65,398,1235,373,1313,1554,2066
5658548,465.54,325.875,464.5,331.65,383,1249,378,1312,1557,2065
5658550,465.94,325.8,464.58,332.625,387,1247,380,1322,1562,2073
5658552,466.5,325.65,464.02,332.4,393,1245,373,1321,1563,2071
5658554,465.46,326.475,463.86,332.55,383,1255,372,1322,1561,2065
5658556,465.46,327.075,464.18,333.15,383,1262,376,1328,1567,2069
5658558,466.18,326.775,464.1,332.7,390,1257,374,1324,1571,2069
5658560,465.94,326.775,463.78,332.7,388,1257,371,1324,1561,2071
5658562,465.7,327.675,463.78,333.525,386,1267,372,1333,1573,2073
5658564,465.62,327.675,464.18,332.475,385,1268,375,1321,1567,2072
5658566,465.3,327.375,464.1,333,381,1264,375,1327,1563,2068
5658568,466.1,326.625,464.02,332.7,389,1256,373,1324,1568,2074
5658570,465.7,326.85,464.02,332.325,385,1259,372,1320,1568,2073
5658572,466.1,326.625,464.34,332.85,389,1256,377,1325,1568,2067
5658574,466.26,326.85,464.18,333.075,391,1258,375,1328,1570,2076
5658576,466.1,327.225,463.78,333.075,389,1262,371,1329,1574,2074
5658578,466.18,327.075,464.1,332.7,390,1261,374,1324,1569,2072
5658580,465.86,327.075,464.42,332.625,387,1262,377,1323,1571,2075
5658582,466.5,327.3,464.5,333.3,393,1263,378,1331,1576,2074
5658584,466.74,327,463.22,333,395,1260,365,1329,1571,2080
5658586,466.42,327.15,464.58,332.1,392,1263,378,1318,1572,2072
5658588,466.58,327.225,465.14,333.3,393,1263,385,1330,1577,2077
5658590,466.5,327.375,464.26,332.55,392,1266,374,1324,1576,2075
5658592,466.26,326.25,464.58,332.325,388,1254,378,1321,1580,2076
5658594,465.7,327.075,464.58,332.775,383,1264,378,1327,1583,2075
5658596,466.26,326.475,463.78,333,388,1257,369,1330,1585,2078
5658598,466.26,327.6,464.26,332.85,390,1270,375,1328,1583,2072
5658600,466.18,327.375,464.66,332.925,389,1267,379,1329,1583,2075
5658602,466.5,327.15,464.1,333.675,392,1265,373,1338,1580,2077
5658604,466.1,327.525,464.82,333.15,388,1269,380,1332,1581,2075
5658606,466.42,327.9,465.06,333.6,391,1274,383,1336,1589,2077
5658608,466.66,328.35,464.42,332.475,394,1278,376,1325,1586,2072
5658610,466.02,328.05,464.66,333.45,388,1276,378,1336,1589,2081
5658612,465.62,328.575,464.02,333.225,383,1282,372,1334,1590,2080
5658614,466.18,328.05,464.74,333.525,389,1276,379,1337,1589,2074
5658616,465.54,328.575,464.58,334.5,383,1282,378,1348,1593,2079
5658618,466.1,328.5,464.26,334.35,388,1281,375,1347,1592,2079
5658620,465.94,328.725,464.98,333.225,387,1284,381,1334,1593,2080
5658622,466.02,328.95,464.74,334.35,388,1287,380,1347,1600,2081
5658624,465.78,328.05,464.18,333.675,385,1277,373,1340,1594,2076
5658626,466.02,328.2,464.98,332.925,387,1279,381,1332,1591,2074
5658628,465.62,328.8,464.58,333.375,384,1286,377,1337,1597,2077
5658630,465.54,328.575,464.5,334.5,383,1283,378,1349,1600,2075
5658632,465.94,327.975,464.9,333.375,387,1277,381,1337,1594,2072
5658634,465.46,328.2,464.82,333.75,382,1280,381,1341,1597,2078
5658636,465.94,327.675,464.82,333.75,386,1274,381,1341,1598,2074
5658638,465.38,328.05,464.82,334.05,381,1278,382,1344,1597,2076
5658640,465.86,327.6,464.9,333.3,385,1273,381,1335,1598,2079
5658642,466.02,327.075,464.34,333.975,387,1267,376,1344,1598,2074
5658644,465.38,326.7,464.5,333.75,380,1264,378,1341,1603,2074
5658646,465.14,325.95,463.94,332.625,377,1256,371,1329,1602,2074
5658648,465.54,324.75,463.3,330.3,380,1242,362,1305,1606,2069
5658650,465.22,322.05,462.82,328.875,374,1213,356,1290,1600,2065
5658652,465.06,320.85,462.9,327.9,371,1201,356,1279,1610,2066
5658654,465.22,318.45,462.26,326.775,371,1175,348,1268,1608,2066
5658656,465.06,318,461.86,326.475,368,1170,344,1265,1611,2063
5658658,465.78,315.3,461.78,326.325,373,1140,343,1263,1606,2061
5658660,465.46,316.05,461.86,326.175,370,1148,343,1262,1609,2060
5658662,465.38,316.5,461.86,325.95,370,1153,344,1259,1609,2060
5658664,465.38,316.425,461.94,326.325,371,1152,344,1263,1614,2060
5658666,465.78,317.325,462.34,326.1,375,1161,348,1260,1615,2061
5658668,465.54,317.55,462.26,326.175,373,1163,348,1260,1615,2061
5658670,466.58,317.25,462.02,326.325,383,1158,345,1261,1608,2064
5658672,465.78,317.4,462.5,326.775,375,1161,350,1266,1618,2064
5658674,466.1,317.7,462.34,326.7,378,1163,348,1265,1619,2064
5658676,465.94,316.65,462.66,326.7,376,1152,352,1265,1617,2064
5658678,465.86,316.125,463.22,326.55,375,1147,357,1262,1613,2061
5658680,465.38,316.8,463.22,326.55,370,1154,358,1262,1618,2061
5658682,466.02,316.8,462.9,326.475,376,1153,354,1261,1620,2060
5658684,465.7,317.1,462.74,326.1,374,1156,352,1257,1617,2060
5658686,465.94,316.125,463.06,326.175,375,1145,355,1257,1619,2059
5658688,465.86,317.475,463.3,326.1,375,1160,357,1256,1624,2059
5658690,466.58,317.7,463.22,326.175,383,1161,356,1257,1623,2058
5658692,466.18,316.725,462.98,326.85,378,1151,355,1264,1622,2059
5658694,466.26,317.925,463.3,326.475,380,1164,358,1260,1626,2059
5658696,466.26,315.675,463.14,326.475,377,1139,356,1260,1616,2060
5658698,466.18,317.55,463.38,326.625,379,1159,358,1261,1624,2062
5658700,466.98,316.95,463.14,326.775,387,1152,356,1263,1624,2060
5658702,466.58,317.1,463.3,326.85,382,1154,358,1263,1623,2062
5658704,466.66,318.225,462.98,327,384,1166,355,1265,1626,2063
5658706,466.42,317.925,464.02,327.825,382,1163,366,1272,1622,2058
5658708,466.18,317.775,463.7,327.15,379,1162,362,1266,1629,2062
5658710,466.02,319.05,463.46,327.375,379,1176,360,1268,1632,2061
5658712,466.9,317.775,463.62,327,386,1161,362,1264,1627,2061
5658714,466.5,317.925,463.86,327.225,382,1163,364,1266,1629,2062
5658716,466.34,318.3,463.7,327.45,381,1167,363,1269,1630,2061
5658718,466.42,318.225,463.46,327.075,381,1166,360,1265,1633,2061
5658720,466.82,318.225,463.54,327.075,386,1166,361,1265,1630,2060
5658722,466.34,318.75,464.02,327,381,1172,366,1264,1632,2062
5658724,466.1,318.675,463.62,327.525,379,1172,362,1270,1632,2066
5658726,466.1,318.9,463.62,327.675,379,1174,362,1272,1635,2064
5658728,466.18,318.075,463.7,327,379,1165,362,1264,1638,2059
5658730,466.58,318.825,463.94,327.45,385,1173,365,1270,1638,2063
5658732,465.94,318.3,463.7,327,377,1168,363,1265,1636,2062
5658734,465.46,319.05,463.86,327.225,373,1177,364,1267,1638,2059
5658736,465.78,318.225,463.86,327.45,376,1168,364,1270,1638,2059
5658738,466.5,317.475,463.86,326.625,382,1159,364,1261,1632,2060
5658740,466.5,318.225,463.94,327,383,1168,366,1265,1638,2056
5658742,466.18,318.675,463.86,327.15,380,1173,365,1267,1640,2061
5658744,465.78,318.3,464.02,327.375,375,1170,366,1270,1640,2061
5658746,465.54,318.45,463.7,326.775,374,1172,362,1264,1643,2058
5658748,466.02,318.525,463.94,327.15,379,1172,365,1268,1641,2062
5658750,465.86,317.775,463.94,326.85,376,1165,365,1265,1640,2058
5658752,465.54,318.15,463.54,327.375,373,1170,362,1271,1642,2062
5658754,466.34,318.45,463.62,327.15,382,1172,362,1269,1640,2062
5658756,465.94,317.85,464.02,327.375,377,1166,367,1271,1642,2063
5658758,465.78,318.225,464.02,327.075,375,1170,366,1268,1639,2058
5658760,465.78,317.925,464.18,326.85,375,1168,368,1265,1641,2060
5658762,465.62,318.6,464.02,326.775,375,1175,367,1266,1639,2057
5658764,465.78,318.525,464.18,327.3,376,1174,369,1271,1644,2056
5658766,465.38,318.375,463.86,327.3,372,1174,365,1272,1642,2060
5658768,465.3,318.375,463.7,327,371,1174,363,1268,1646,2059
5658770,465.46,318.375,464.02,327.525,373,1174,367,1274,1642,2056
5658772,465.62,318.3,464.02,327.675,374,1173,367,1276,1649,2063
5658774,465.06,318.675,463.94,327.225,369,1178,366,1272,1647,2056
5658776,465.94,318.15,464.02,327.15,377,1171,366,1271,1642,2057
5658778,465.62,318.9,464.18,327.6,374,1180,368,1276,1644,2053
5658780,465.54,317.85,464.1,327.525,372,1169,367,1275,1640,2060
5658782,465.38,317.55,463.54,327.15,370,1166,360,1272,1649,2057
5658784,465.14,318.45,464.02,327.525,368,1176,366,1276,1648,2053
5658786,465.38,317.625,464.02,328.2,369,1167,366,1283,1645,2058
5658788,464.98,318.15,463.94,327.225,366,1173,364,1273,1644,2057
5658790,464.74,318.225,464.02,327.3,363,1175,365,1274,1642,2055
5658792,465.3,317.475,464.18,327.225,368,1166,366,1272,1642,2056
5658794,465.3,318,464.02,327.375,368,1172,364,1275,1647,2055
5658796,464.58,318.15,463.78,327.375,361,1174,361,1275,1646,2051
5658798,465.14,318.15,464.02,327.675,366,1174,365,1278,1647,2054
5658800,464.98,318.15,463.38,327,365,1174,357,1271,1645,2052
5658802,465.38,317.4,463.38,327.375,368,1166,357,1276,1647,2049
5658804,465.62,317.4,463.78,327.975,370,1165,362,1282,1642,2052
5658806,465.14,317.325,463.7,326.925,364,1165,359,1270,1647,2053
5658808,465.3,318.3,463.3,327.825,367,1175,356,1280,1643,2053
5658810,465.22,317.85,463.7,327.225,365,1171,359,1274,1643,2054
5658812,464.82,318.45,464.02,327.6,361,1178,363,1278,1646,2051
5658814,464.74,317.925,464.02,328.125,360,1173,363,1283,1649,2053
5658816,465.46,318.15,464.1,326.775,368,1174,362,1269,1645,2050
5658818,465.54,318.675,463.62,327.3,369,1180,357,1275,1643,2047
5658820,465.54,318.075,463.86,327.375,368,1173,360,1275,1642,2051
5658822,465.06,317.85,463.94,326.85,363,1171,360,1270,1643,2048
5658824,465.3,318,463.62,327.3,366,1173,358,1275,1642,2045
5658826,465.62,317.925,464.18,327.075,369,1172,363,1272,1640,2048
5658828,465.7,318.15,463.54,326.85,370,1174,356,1270,1639,2046
5658830,465.7,318.75,464.26,327.375,370,1180,364,1275,1640,2043
5658832,465.94,318.225,462.9,327.15,372,1174,350,1274,1639,2040
5658834,465.7,318.75,463.62,327.675,370,1180,358,1279,1636,2041
5658836,465.78,318.45,463.86,327.375,370,1177,360,1276,1636,2044
5658838,466.1,318.15,463.22,327.525,374,1173,353,1278,1636,2042
5658840,465.78,318.525,463.94,327.15,371,1178,360,1273,1633,2045
5658842,466.26,318.9,463.62,327.3,376,1181,357,1275,1630,2039
5658844,466.18,318.15,463.78,327.45,374,1173,359,1276,1633,2040
5658846,466.02,318.675,464.02,327.45,373,1179,361,1276,1631,2039
5658848,466.26,318.3,463.7,327.225,375,1174,358,1273,1633,2039
5658850,466.18,316.8,464.26,327.6,374,1158,364,1277,1631,2037
5658852,465.94,317.7,463.78,327.675,371,1168,359,1279,1629,2038
5658854,466.18,318.225,464.18,327.675,375,1173,363,1278,1629,2031
5658856,465.86,318.225,464.18,327.825,371,1174,364,1279,1629,2032
5658858,465.94,318.225,464.34,327.75,372,1174,365,1278,1629,2036
5658860,466.18,318.3,465.14,327.75,375,1174,374,1278,1622,2037
5658862,465.62,318.825,464.58,327.975,370,1181,369,1281,1627,2035
5658864,466.26,317.625,464.82,327.45,375,1167,370,1274,1623,2034
5658866,466.42,318.375,464.18,327.75,378,1175,364,1279,1621,2034
5658868,465.78,318.225,464.1,327.375,370,1174,362,1275,1618,2034
5658870,466.18,318.6,464.42,327.9,375,1178,367,1280,1616,2031
5658872,465.94,319.05,464.1,327.6,373,1183,363,1277,1620,2037
5658874,465.78,319.275,464.58,327.9,372,1185,368,1280,1614,2031
5658876,465.78,319.35,464.1,327.9,372,1186,363,1280,1612,2029
5658878,465.38,319.425,464.58,327.975,368,1188,369,1281,1609,2030
5658880,465.86,319.35,463.94,327.675,374,1187,362,1279,1606,2032
5658882,466.58,318.375,464.42,328.05,380,1175,368,1282,1605,2030
5658884,466.18,318.975,464.26,327.825,377,1182,366,1280,1603,2027
5658886,465.78,320.025,464.1,327.9,374,1193,365,1281,1600,2026
5658888,466.1,319.125,464.42,327.375,376,1184,367,1275,1600,2029
5658890,465.46,320.1,464.26,328.275,371,1196,367,1285,1600,2028
5658892,465.62,320.25,463.94,328.2,373,1197,364,1285,1596,2025
5658894,466.1,319.275,464.1,328.65,377,1186,366,1290,1588,2022
5658896,465.7,320.1,464.66,328.425,374,1195,372,1287,1592,2024
5658898,465.94,321.225,464.9,328.875,378,1207,375,1291,1588,2019
5658900,466.34,320.25,464.74,328.575,382,1197,373,1288,1584,2023
5658902,466.34,321.375,464.02,327.6,383,1209,365,1279,1585,2022
5658904,466.5,319.725,464.66,328.2,383,1191,372,1284,1578,2022
5658906,466.1,318.75,464.26,328.725,378,1181,370,1290,1578,2020
5658908,466.18,319.65,464.34,328.275,381,1190,370,1286,1577,2021
5658910,466.1,318.9,463.94,327.825,379,1182,366,1281,1573,2021
5658912,466.26,319.575,464.02,328.05,382,1189,367,1283,1571,2020
5658914,466.1,319.8,464.42,328.575,381,1192,372,1289,1568,2019
5658916,465.86,319.5,464.18,327.75,378,1189,369,1280,1565,2022
5658918,465.78,320.025,463.86,327.6,378,1196,366,1279,1568,2016
5658920,465.54,320.25,464.34,328.35,376,1198,372,1286,1564,2016
5658922,465.7,319.2,464.02,328.125,377,1186,369,1285,1559,2016
5658924,465.06,320.25,464.1,328.65,371,1198,370,1290,1565,2016
5658926,465.62,320.175,463.86,328.425,378,1197,368,1288,1555,2012
5658928,465.38,319.125,463.94,328.275,374,1186,369,1287,1557,2018
5658930,465.3,319.5,463.78,328.125,374,1191,367,1285,1556,2017
5658932,465.38,319.875,464.34,328.2,376,1195,373,1286,1553,2012
5658934,465.46,318.825,464.02,328.5,375,1183,370,1289,1557,2014
5658936,465.38,319.275,464.02,328.05,375,1188,370,1284,1548,2014
5658938,464.9,319.8,463.62,327.9,371,1194,366,1283,1550,2010
5658940,465.06,320.25,464.02,328.2,373,1198,370,1286,1553,2013
5658942,465.54,319.65,463.78,328.2,378,1192,368,1286,1549,2012
5658944,465.3,320.025,462.9,328.125,375,1196,359,1286,1544,2008
5658946,465.38,319.725,463.62,328.875,377,1193,368,1294,1548,2008
5658948,465.86,319.5,463.78,328.35,382,1189,368,1287,1543,2008
5658950,465.22,320.625,462.82,328.275,376,1202,359,1288,1546,2001
5658952,465.14,320.85,463.22,328.875,375,1205,363,1294,1547,2006
5658954,465.86,320.625,463.3,328.05,382,1202,364,1285,1542,2002
5658956,465.3,321.225,463.06,328.425,377,1209,361,1289,1537,2004
5658958,466.1,321.3,463.22,328.5,386,1209,363,1290,1536,2004
5658960,466.58,321.3,462.98,328.65,391,1208,360,1292,1534,1999
5658962,466.1,321.825,462.98,328.125,386,1215,360,1286,1534,2000
5658964,465.94,321.9,463.3,328.2,384,1215,364,1286,1531,2001
5658966,466.42,321.6,463.46,328.275,390,1212,366,1287,1529,2001
5658968,466.34,321.675,463.14,327.825,389,1213,362,1283,1530,1999
5658970,466.82,321.075,463.14,328.35,393,1205,362,1288,1525,1997
5658972,467.06,320.55,462.74,328.35,395,1199,358,1288,1525,1996
5658974,466.66,321.3,462.34,328.725,393,1208,354,1293,1525,1992
5658976,467.06,320.7,462.26,328.875,396,1201,353,1295,1520,1992
5658978,466.42,320.55,462.34,328.65,389,1200,355,1292,1520,1995
5658980,465.46,320.1,462.1,328.575,379,1196,352,1292,1522,1989
5658982,466.42,320.325,462.02,329.025,388,1198,351,1297,1517,1986
5658984,466.34,320.1,462.02,329.1,388,1196,352,1298,1518,1988
5658986,465.94,320.85,461.3,328.8,384,1204,343,1295,1515,1981
5658988,465.86,320.7,461.7,328.95,383,1203,348,1296,1518,1984
5658990,465.54,321.375,461.54,328.575,381,1210,346,1293,1516,1981
5658992,465.86,320.625,461.38,329.4,383,1202,345,1301,1512,1982
5658994,465.46,321.45,461.7,328.425,380,1211,348,1291,1514,1976
5658996,465.46,321.15,461.22,328.35,379,1208,342,1290,1514,1983
5658998,465.62,321.375,461.14,329.625,381,1210,343,1304,1512,1977
5659000,465.38,321.45,461.62,329.475,379,1211,348,1302,1512,1979
5659002,465.22,322.425,461.62,329.325,378,1221,347,1300,1509,1975
5659004,465.46,322.425,461.7,330.225,381,1222,349,1310,1506,1973
5659006,464.98,322.575,461.62,329.85,376,1223,349,1306,1508,1972
5659008,464.98,322.8,460.98,330.225,377,1226,342,1311,1506,1974
5659010,464.66,323.175,461.78,330.6,373,1231,351,1314,1505,1970
5659012,464.82,322.575,462.34,330.225,374,1224,356,1309,1507,1967
5659014,464.98,322.725,461.22,330.45,376,1225,345,1313,1506,1972
5659016,464.66,322.8,461.94,330.075,373,1226,352,1308,1502,1968
5659018,464.58,322.5,461.7,330,371,1223,349,1307,1503,1970
5659020,464.58,322.425,460.82,329.775,371,1222,340,1306,1501,1964
5659022,464.66,321.975,461.38,330.075,372,1218,346,1308,1501,1964
5659024,464.42,322.425,461.78,329.25,369,1222,349,1300,1503,1961
5659026,464.66,321.675,460.98,328.575,371,1215,340,1293,1499,1961
5659028,464.74,321.675,460.74,328.8,372,1214,337,1296,1502,1954
5659030,464.5,320.925,461.06,328.575,369,1206,341,1293,1498,1952
5659032,463.94,321.6,460.9,328.575,364,1215,339,1293,1498,1951
5659034,465.06,320.625,460.58,328.5,375,1203,336,1293,1500,1950
5659036,464.74,320.025,460.5,328.05,371,1197,335,1288,1493,1950
5659038,464.26,319.8,460.58,328.35,366,1195,336,1292,1492,1947
5659040,464.82,319.875,460.26,327.75,372,1195,332,1285,1494,1947
5659042,464.5,320.775,460.34,328.125,369,1205,333,1289,1497,1944
5659044,465.06,319.8,460.74,328.05,374,1194,337,1288,1492,1946
5659046,464.66,321.3,460.82,328.575,371,1211,339,1294,1495,1944
5659048,465.3,320.85,460.82,328.8,378,1206,339,1296,1488,1942
5659050,465.06,321.375,460.74,328.95,376,1212,338,1298,1492,1943
5659052,465.38,321.45,460.98,328.35,380,1212,340,1291,1490,1944
5659054,464.98,321.825,460.5,329.4,376,1216,336,1304,1486,1941
5659056,465.3,321.75,461.22,328.8,379,1215,344,1296,1487,1940
5659058,465.38,321.9,461.14,329.175,381,1217,344,1300,1486,1938
5659060,465.14,322.425,461.14,329.775,379,1223,344,1307,1487,1942
5659062,465.3,321.975,461.7,329.85,381,1218,351,1308,1479,1938
5659064,464.9,323.7,461.46,329.55,378,1238,348,1305,1482,1935
5659066,464.98,324.075,461.14,330.6,380,1242,346,1317,1483,1942
5659068,464.9,322.35,460.98,330.375,377,1223,344,1314,1477,1936
5659070,465.54,323.775,461.38,330.675,385,1238,349,1318,1481,1934
5659072,464.82,324.525,461.3,330.3,379,1247,348,1314,1479,1935
5659074,464.82,324.225,461.86,329.85,379,1244,353,1308,1476,1931
5659076,464.82,324.975,461.54,330.825,380,1252,351,1319,1476,1934
5659078,465.06,325.125,462.42,330.15,382,1254,360,1312,1478,1928
5659080,464.58,325.2,462.1,330.3,378,1255,357,1313,1476,1928
5659082,464.66,323.925,462.26,331.05,377,1242,359,1322,1473,1931
5659084,465.06,325.2,461.94,331.35,382,1256,357,1326,1473,1927
5659086,465.06,324.15,462.1,331.125,382,1244,358,1323,1471,1923
5659088,464.9,325.5,462.02,330.675,382,1259,357,1318,1471,1924
5659090,464.5,324.3,461.94,330.6,377,1247,356,1317,1473,1926
5659092,464.9,324.675,462.42,330.525,381,1251,361,1317,1472,1922
5659094,464.82,324.525,462.02,331.2,380,1249,357,1325,1471,1915
5659096,464.18,324.375,461.62,331.05,374,1248,353,1323,1472,1919
5659098,464.74,324.225,461.94,331.8,379,1246,357,1331,1471,1916
5659100,464.82,323.25,461.78,330.825,378,1235,355,1321,1465,1920
5659102,464.26,324.075,462.02,330.525,373,1245,356,1317,1468,1919
5659104,464.5,324.3,461.62,330.825,376,1247,352,1321,1468,1920
5659106,464.02,323.925,461.86,331.425,370,1244,355,1327,1463,1916
5659108,464.42,323.775,460.98,330.75,374,1242,345,1321,1466,1918
5659110,464.02,324.6,461.46,330.45,371,1251,350,1317,1468,1920
5659112,463.78,324.375,461.22,331.05,368,1248,348,1323,1469,1920
5659114,463.86,324.15,461.06,330.75,368,1245,346,1320,1466,1915
5659116,463.7,324,460.66,330.45,367,1244,341,1317,1465,1916
5659118,463.86,324,460.58,330.15,367,1244,340,1314,1463,1921
5659120,464.1,323.325,460.58,331.125,369,1236,341,1324,1464,1919
5659122,463.78,323.625,460.5,331.425,366,1239,340,1327,1461,1912
5659124,463.62,323.25,459.86,330.45,364,1235,332,1317,1459,1914
5659126,464.02,323.55,459.46,330.3,367,1238,327,1315,1460,1914
5659128,463.94,323.625,459.62,330.6,367,1239,329,1318,1457,1912
5659130,463.7,323.175,459.46,330.375,363,1233,327,1316,1460,1914
5659132,464.1,322.725,458.82,330.225,367,1228,319,1315,1460,1912
5659134,463.86,322.95,459.78,330.075,364,1230,328,1311,1458,1910
5659136,463.46,323.925,459.7,330.15,361,1240,327,1312,1458,1912
5659138,463.54,324.075,458.74,330.225,361,1241,317,1313,1456,1913
5659140,463.62,323.775,458.9,330.075,361,1238,319,1312,1455,1909
5659142,464.1,323.175,459.06,330.15,365,1231,319,1312,1458,1910
5659144,464.02,323.25,458.42,330.825,364,1231,314,1320,1453,1914
5659146,463.46,323.475,458.98,330.75,358,1234,318,1318,1454,1908
5659148,463.7,323.7,458.74,330.675,361,1236,316,1317,1454,1910
5659150,463.54,323.925,458.66,331.275,359,1238,315,1323,1449,1910
5659152,462.98,323.55,458.98,330.6,353,1235,318,1315,1449,1913
5659154,463.22,323.775,458.9,330.825,355,1236,317,1317,1449,1908
5659156,462.66,324.375,458.9,331.275,350,1243,318,1322,1448,1909
5659158,463.46,324.375,458.9,331.125,357,1242,317,1320,1448,1910
5659160,463.7,324.3,458.74,331.35,360,1241,315,1323,1449,1910
5659162,463.06,324.15,458.74,331.125,352,1239,315,1320,1447,1909
5659164,462.58,324.375,459.14,331.2,347,1242,319,1320,1445,1909
5659166,463.7,324.375,458.74,331.5,359,1241,314,1323,1448,1908
5659168,462.58,324.6,458.42,331.575,347,1244,311,1324,1446,1914
5659170,462.98,324.75,458.5,332.1,351,1245,312,1329,1448,1906
5659172,463.46,324.45,459.06,331.65,356,1241,317,1324,1442,1913
5659174,463.7,324.525,458.98,332.1,358,1241,316,1329,1443,1909
5659176,463.78,324.675,458.98,332.025,359,1243,316,1328,1438,1910
5659178,463.78,325.125,459.46,332.1,360,1248,321,1328,1437,1908
5659180,464.02,325.35,459.06,332.55,363,1250,318,1333,1446,1908
5659182,463.78,325.65,459.22,332.625,360,1254,320,1334,1438,1912
5659184,464.18,324.675,459.54,332.4,364,1243,323,1331,1437,1907
5659186,465.14,326.175,459.46,332.475,375,1258,322,1332,1439,1900
5659188,464.18,325.95,459.94,333.225,365,1256,328,1340,1436,1910
5659190,465.46,325.725,460.02,332.775,379,1253,329,1335,1431,1910
5659192,465.22,326.025,460.02,332.925,377,1256,329,1337,1430,1907
5659194,465.14,326.4,460.1,332.475,376,1260,329,1332,1433,1907
5659196,465.38,326.4,460.42,333,379,1260,333,1337,1434,1905
5659198,465.94,326.175,460.82,333,385,1258,338,1337,1432,1904
5659200,466.02,325.875,460.66,333.225,385,1254,336,1340,1431,1908
5659202,465.54,326.025,461.38,333.15,380,1257,344,1339,1429,1905
5659204,465.94,326.625,461.22,332.85,385,1263,342,1335,1437,1908
5659206,465.54,327.225,460.66,332.925,382,1270,337,1337,1436,1907
5659208,465.78,325.8,461.7,333.3,383,1255,348,1340,1432,1908
5659210,465.62,325.95,461.06,333.6,383,1256,342,1345,1429,1910
5659212,466.1,325.2,461.7,333.675,387,1248,350,1345,1426,1910
5659214,466.26,325.8,461.94,333.6,390,1255,353,1344,1427,1910
5659216,465.7,326.775,462.1,333.15,385,1266,354,1339,1430,1912
5659218,466.34,326.775,461.54,333.525,393,1266,349,1344,1431,1913
5659220,466.18,326.4,461.86,334.05,391,1263,353,1350,1425,1911
5659222,465.78,326.475,461.46,334.05,387,1264,350,1351,1427,1911
5659224,466.02,326.625,461.62,333.9,390,1266,351,1349,1427,1913
5659226,465.7,327.15,461.78,333.825,388,1273,353,1349,1431,1911
5659228,466.34,327.375,461.86,333.6,395,1274,354,1347,1427,1920
5659230,466.02,326.775,461.54,333.75,392,1269,352,1349,1426,1916
5659232,466.42,325.725,461.62,333.675,394,1256,353,1348,1426,1913
5659234,466.34,326.85,461.78,333.675,396,1269,355,1348,1423,1915
5659236,466.18,326.475,462.26,333.9,394,1265,360,1351,1422,1916
5659238,466.02,326.4,461.38,333.75,393,1265,352,1350,1421,1911
5659240,466.1,326.325,461.78,333.45,393,1265,356,1346,1422,1914
5659242,465.7,326.925,462.1,333.75,391,1271,360,1350,1421,1914
5659244,466.42,326.55,461.46,333.075,398,1267,353,1343,1424,1915
5659246,465.94,326.325,461.46,333.6,393,1265,354,1349,1422,1911
5659248,466.18,326.85,461.94,332.625,397,1271,358,1338,1426,1913
5659250,466.18,326.175,461.62,333.15,397,1264,356,1344,1418,1914
5659252,466.9,326.175,461.7,332.55,404,1263,356,1338,1416,1915
5659254,465.86,325.5,462.1,333,393,1257,362,1343,1418,1915
5659256,465.7,325.725,461.62,332.4,392,1260,356,1337,1417,1911
5659258,465.78,325.575,461.3,331.5,394,1258,353,1327,1416,1915
5659260,465.54,324.15,461.86,332.4,389,1243,360,1337,1410,1913
5659262,466.1,325.95,461.22,332.85,398,1262,354,1342,1417,1912
5659264,466.02,325.5,461.38,332.325,396,1257,355,1336,1415,1917
5659266,466.02,324.6,461.3,332.7,396,1247,355,1340,1411,1915
5659268,465.7,325.425,461.46,331.875,394,1257,356,1331,1413,1914
5659270,466.18,324.825,461.3,331.8,398,1249,354,1330,1411,1916
5659272,465.54,324.375,460.66,331.5,391,1245,347,1327,1408,1918
5659274,466.02,325.35,460.9,331.425,398,1255,350,1326,1415,1916
5659276,465.86,324.15,461.06,331.575,395,1242,352,1328,1407,1915
5659278,466.42,325.5,460.66,330.75,402,1256,348,1319,1407,1918
5659280,465.78,324.6,460.34,331.425,395,1246,345,1327,1407,1918
5659282,465.94,324.975,460.82,331.575,397,1250,349,1327,1416,1916
5659284,465.94,325.35,460.26,331.05,398,1255,344,1322,1405,1920
5659286,465.22,324.375,460.58,331.5,389,1244,347,1327,1408,1915
5659288,464.58,324.6,460.5,331.2,382,1247,346,1324,1408,1921
5659290,465.06,324.825,460.1,331.425,387,1249,341,1326,1406,1918
5659292,464.66,324.375,460.18,331.05,383,1245,342,1322,1409,1921
5659294,464.1,324.525,459.62,330.975,376,1247,336,1321,1408,1921
5659296,464.26,325.05,458.98,331.425,378,1252,330,1327,1408,1923
5659298,464.5,324.6,459.22,331.8,380,1247,332,1331,1406,1922
5659300,463.86,324.975,458.98,331.875,374,1252,330,1332,1406,1924
5659302,463.86,324.825,458.66,331.125,374,1250,325,1324,1407,1921
5659304,463.7,325.275,458.9,331.575,372,1255,328,1328,1411,1920
5659306,464.26,324.675,458.9,331.35,377,1248,328,1326,1405,1921
5659308,464.34,324.675,458.82,330.825,378,1248,326,1321,1405,1920
5659310,464.18,324.075,459.06,331.2,375,1241,329,1324,1402,1920
5659312,463.94,324.9,458.5,331.275,374,1251,323,1326,1403,1923
5659314,463.7,324.675,458.98,331.425,370,1249,327,1327,1402,1921
5659316,464.34,325.575,459.14,331.5,377,1258,329,1327,1405,1923
5659318,463.3,324.9,459.22,331.275,365,1251,329,1325,1404,1919
5659320,463.62,324.525,459.7,331.125,368,1247,334,1323,1404,1921
5659322,463.78,325.125,459.38,330.975,370,1254,330,1322,1406,1919
5659324,463.62,325.125,458.98,331.65,369,1254,327,1330,1408,1923
5659326,463.62,325.2,459.22,331.425,368,1255,328,1327,1405,1920
5659328,463.46,326.775,458.66,330.975,368,1272,322,1323,1411,1920
5659330,463.3,326.325,458.74,331.275,366,1268,322,1327,1407,1924
5659332,463.86,325.65,459.06,331.575,371,1260,326,1329,1408,1921
5659334,464.26,326.4,459.38,330.9,376,1268,329,1323,1399,1920
5659336,463.54,325.95,458.74,331.275,367,1265,323,1327,1405,1924
5659338,463.3,326.4,458.82,330.9,365,1269,323,1323,1406,1921
5659340,463.38,325.95,458.98,331.575,365,1265,325,1330,1404,1925
5659342,463.14,325.95,458.98,331.2,363,1266,324,1327,1410,1921
5659344,463.06,325.575,458.98,331.2,362,1262,324,1327,1404,1923
5659346,462.9,327,458.9,331.725,361,1278,324,1333,1409,1919
5659348,463.38,325.725,458.66,331.425,364,1264,320,1330,1403,1926
5659350,463.54,326.925,458.82,330.975,367,1277,321,1326,1409,1923
5659352,463.06,326.4,459.22,330.825,361,1272,325,1324,1406,1923
5659354,463.94,325.425,459.3,331.5,369,1260,327,1331,1401,1924
5659356,463.3,326.475,459.14,331.125,364,1273,324,1328,1407,1922
5659358,463.38,327.225,459.46,331.425,366,1281,328,1331,1407,1927
5659360,464.1,327.525,458.82,331.2,373,1284,322,1329,1407,1920
5659362,463.7,327.3,458.98,331.425,369,1282,323,1332,1409,1919
5659364,463.78,326.925,459.62,331.125,369,1278,330,1328,1409,1922
5659366,463.86,327,459.14,331.2,370,1279,325,1330,1402,1925
5659368,463.7,327.375,459.46,331.125,369,1283,328,1329,1405,1917
5659370,464.5,327.525,459.46,331.575,377,1285,328,1334,1403,1923
5659372,464.26,327.6,459.14,331.275,375,1286,325,1331,1408,1919
5659374,463.7,327.45,459.3,331.275,369,1285,327,1331,1403,1919
5659376,464.26,327.525,459.46,330.9,375,1286,328,1327,1406,1918
5659378,464.1,328.275,459.86,331.65,374,1294,332,1336,1408,1919
5659380,463.94,328.5,459.86,331.95,373,1296,333,1339,1409,1924
5659382,464.82,328.275,460.1,331.275,381,1294,335,1332,1406,1917
5659384,464.26,327.3,460.34,331.65,375,1284,338,1335,1405,1924
5659386,464.58,327.75,459.78,330.75,378,1288,331,1326,1401,1919
5659388,464.1,326.475,460.18,330.75,372,1275,336,1326,1403,1917
5659390,464.5,327.525,459.78,331.5,377,1286,332,1335,1405,1917
5659392,464.58,326.85,459.3,331.35,377,1279,326,1333,1401,1918
5659394,463.7,327.6,459.86,330.75,369,1288,332,1326,1406,1914
5659396,464.26,327.675,459.46,331.125,375,1288,329,1331,1406,1917
5659398,464.42,328.575,459.86,330.9,378,1298,332,1328,1404,1915
5659400,463.94,326.1,459.7,330.675,370,1271,330,1326,1404,1916
5659402,464.26,327.375,459.7,330.3,375,1284,330,1321,1407,1918
5659404,465.06,326.325,458.98,330.15,382,1272,322,1321,1400,1916
5659406,464.34,325.725,459.7,329.925,374,1266,330,1317,1400,1913
5659408,464.18,326.7,458.82,329.475,374,1277,320,1313,1401,1914
5659410,464.42,325.35,459.22,329.1,374,1262,324,1308,1399,1913
5659412,464.5,327,458.58,329.025,377,1280,317,1308,1406,1909
5659414,464.5,325.125,458.9,329.55,376,1259,322,1313,1403,1909
5659416,464.34,325.05,458.74,329.775,374,1258,320,1316,1407,1912
5659418,465.54,326.175,459.06,329.4,388,1269,323,1310,1408,1909
5659420,465.54,325.125,459.62,329.025,387,1257,329,1306,1404,1914
5659422,465.78,325.95,459.3,329.325,390,1266,325,1309,1404,1911
5659424,465.38,326.55,459.22,329.475,387,1272,325,1310,1402,1908
5659426,465.46,326.475,459.54,329.55,387,1271,329,1310,1402,1910
5659428,465.22,325.275,459.78,330.15,383,1258,332,1317,1401,1908
5659430,465.46,327.825,459.14,329.4,389,1284,324,1309,1409,1905
5659432,465.94,326.175,459.7,329.325,392,1267,330,1308,1402,1909
5659434,465.46,324.75,459.7,329.4,386,1251,330,1308,1407,1907
5659436,465.46,326.025,459.3,330,388,1265,327,1314,1409,1908
5659438,466.1,325.275,460.02,330.6,394,1255,335,1320,1397,1910
5659440,465.3,325.5,459.78,330.3,385,1259,332,1317,1406,1908
5659442,465.38,326.85,459.78,330.45,387,1273,333,1318,1406,1903
5659444,465.86,325.575,460.26,330.975,391,1259,338,1323,1405,1908
5659446,465.94,325.725,459.7,330.675,392,1259,332,1320,1402,1902
5659448,465.62,327.9,459.78,330.6,391,1283,333,1319,1407,1902
5659450,465.62,326.475,459.78,331.2,390,1268,333,1325,1406,1904
5659452,466.18,327.3,460.1,331.35,397,1276,337,1327,1406,1907
5659454,465.78,327.375,459.78,331.35,393,1277,334,1327,1407,1903
5659456,465.7,327.975,460.34,331.725,392,1284,340,1330,1408,1905
5659458,466.02,325.875,460.42,332.4,394,1261,342,1337,1406,1898
5659460,466.58,327.525,460.26,331.575,402,1278,339,1328,1412,1906
5659462,465.3,327.375,459.62,330.9,388,1277,332,1322,1406,1905
5659464,465.86,326.775,460.1,331.2,394,1270,337,1325,1405,1900
5659466,465.3,326.7,459.94,332.1,387,1271,337,1335,1407,1897
5659468,465.78,325.725,460.5,331.575,392,1259,342,1328,1399,1903
5659470,466.5,325.8,460.5,331.95,399,1260,343,1333,1405,1901
5659472,466.58,327.825,460.34,332.1,402,1281,341,1334,1408,1902
5659474,465.94,328.35,460.66,332.25,397,1288,345,1336,1409,1903
5659476,466.66,327.375,460.34,331.8,403,1276,341,1331,1409,1901
5659478,465.7,327.15,460.5,331.65,393,1275,342,1330,1409,1898
5659480,465.78,328.2,460.9,331.875,395,1286,347,1331,1413,1901
5659482,466.1,328.05,460.5,331.875,398,1285,343,1332,1416,1894
5659484,464.74,326.925,460.34,332.1,383,1274,342,1335,1411,1894
5659486,466.1,327.9,460.74,332.1,398,1283,347,1334,1408,1894
5659488,466.18,327.525,460.58,332.025,399,1279,344,1334,1409,1895
5659490,466.02,327.9,460.58,331.8,398,1283,344,1332,1411,1894
5659492,466.02,328.2,460.42,331.5,398,1286,343,1328,1412,1893
5659494,465.7,328.125,460.18,331.575,395,1287,340,1330,1413,1891
5659496,466.26,326.775,460.42,332.25,399,1271,343,1337,1414,1897
5659498,466.18,328.35,459.94,331.65,400,1289,337,1331,1409,1894
5659500,466.18,327.45,460.18,331.95,399,1278,341,1334,1412,1893
5659502,466.02,327.975,460.58,332.7,398,1285,345,1342,1410,1890
5659504,466.1,329.025,460.26,332.25,400,1297,342,1338,1413,1891
5659506,466.98,329.55,461.22,333.15,410,1301,352,1347,1412,1890
5659508,467.94,328.875,462.1,334.125,419,1293,363,1356,1412,1886
5659510,468.34,330.225,462.42,333.15,424,1308,366,1346,1416,1893
5659512,469.06,330.675,463.46,333.975,432,1311,377,1354,1420,1886
5659514,469.46,330.675,463.46,333.6,437,1312,377,1350,1420,1891
5659516,469.78,330.825,463.62,333.75,440,1312,378,1351,1422,1892
5659518,469.86,330.525,463.7,333.975,441,1310,379,1354,1421,1888
5659520,469.94,329.475,463.22,332.85,441,1298,373,1342,1416,1890
5659522,469.54,329.25,462.82,332.325,436,1296,368,1337,1415,1896
5659524,470.02,328.5,463.22,332.475,440,1288,373,1338,1414,1892
5659526,469.54,329.325,462.34,331.95,436,1297,363,1334,1417,1892
5659528,468.74,328.725,463.06,332.625,427,1292,371,1340,1416,1886
5659530,468.82,328.8,462.02,333.15,428,1292,361,1347,1414,1883
5659532,468.5,328.05,462.02,332.025,423,1284,359,1335,1414,1888
5659534,468.5,328.575,462.02,332.25,424,1290,359,1337,1409,1887
5659536,468.5,328.2,461.78,331.725,423,1286,356,1332,1416,1889
5659538,469.14,328.05,461.86,331.8,429,1284,357,1333,1414,1887
5659540,468.74,327.975,462.02,331.875,425,1283,359,1333,1413,1888
5659542,468.58,327.9,462.1,331.725,423,1283,359,1332,1407,1887
5659544,468.82,327.6,462.82,330.975,425,1280,366,1323,1412,1890
5659546,468.42,328.725,461.86,330.825,422,1292,355,1322,1410,1881
5659548,468.42,327.075,461.62,331.275,421,1274,353,1327,1407,1883
5659550,468.58,328.8,461.62,330.825,423,1293,352,1322,1410,1885
5659552,468.34,327.975,461.62,330.375,420,1284,352,1318,1408,1878
5659554,468.26,328.875,461.62,330.75,420,1294,352,1321,1411,1880
5659556,468.26,327.675,461.46,330.45,419,1281,350,1318,1408,1881
5659558,468.58,328.2,462.1,330.825,422,1286,357,1322,1408,1887
5659560,467.94,327.075,461.14,331.125,414,1275,347,1326,1410,1881
5659562,468.98,328.05,461.3,331.05,425,1284,348,1325,1410,1883
5659564,468.42,327.825,461.62,331.2,419,1282,352,1326,1409,1885
5659566,468.42,327,461.78,330.675,419,1274,352,1321,1410,1879
5659568,468.5,327,461.78,329.7,420,1273,351,1310,1410,1876
5659570,468.34,326.475,461.54,329.325,417,1267,348,1306,1407,1879
5659572,468.26,327.45,461.94,329.475,417,1279,353,1307,1409,1874
5659574,468.74,326.7,461.38,329.775,421,1270,347,1311,1404,1877
5659576,468.18,326.7,461.62,329.7,415,1271,350,1310,1406,1877
5659578,468.74,326.475,461.62,329.1,421,1267,349,1303,1402,1877
5659580,468.9,325.5,461.86,329.175,421,1257,351,1304,1403,1872
5659582,468.74,327.225,461.78,329.325,421,1275,350,1306,1408,1874
5659584,468.26,327.375,461.7,329.625,417,1277,350,1309,1406,1875
5659586,468.58,326.25,462.02,329.55,418,1265,353,1308,1402,1872
5659588,468.98,326.85,461.86,329.55,423,1271,351,1308,1406,1875
5659590,468.82,327.075,461.94,328.65,421,1273,351,1298,1401,1876
5659592,469.3,325.725,462.18,328.65,425,1258,354,1297,1397,1875
5659594,468.82,327.3,462.1,329.175,422,1276,353,1303,1409,1873
5659596,469.22,325.8,462.42,328.5,425,1259,356,1296,1398,1876
5659598,468.74,327,462.26,329.1,421,1273,354,1303,1403,1873
5659600,468.58,327.375,462.02,328.8,419,1277,352,1299,1403,1876
5659602,469.06,327.15,462.02,328.5,424,1274,351,1296,1406,1870
5659604,469.14,325.575,462.1,329.55,423,1256,353,1308,1395,1870
5659606,469.22,327.225,462.18,329.1,426,1274,353,1302,1404,1873
5659608,469.06,327.075,462.26,328.5,424,1273,354,1296,1402,1872
5659610,469.3,325.875,463.3,329.025,425,1259,366,1300,1398,1873
5659612,469.14,326.325,462.34,328.875,424,1265,355,1300,1402,1873
5659614,469.22,326.325,462.82,330.225,424,1264,361,1314,1399,1866
5659616,469.3,328.275,463.14,328.8,428,1285,363,1298,1404,1873
5659618,469.14,327.225,462.98,329.4,425,1274,363,1305,1398,1868
5659620,469.54,326.925,462.98,329.85,429,1271,362,1310,1399,1866
5659622,468.98,327.6,463.14,329.625,423,1278,364,1307,1404,1867
5659624,469.38,326.4,462.74,328.875,426,1265,359,1299,1394,1867
5659626,469.38,327.075,462.98,329.625,427,1272,363,1307,1400,1863
5659628,469.62,326.925,463.22,329.7,429,1270,365,1307,1401,1866
5659630,469.22,327.6,462.9,329.55,426,1278,361,1306,1399,1868
5659632,469.22,327.75,463.14,329.625,427,1280,364,1306,1403,1862
5659634,469.62,326.925,463.22,328.5,430,1270,365,1294,1398,1865
5659636,469.94,326.85,462.74,328.5,433,1270,359,1295,1396,1868
5659638,469.38,326.325,462.82,329.55,428,1264,362,1306,1396,1862
5659640,470.02,325.95,463.54,328.8,434,1260,369,1298,1396,1864
5659642,469.62,326.55,463.3,329.175,431,1267,367,1302,1394,1861
5659644,469.7,326.175,463.06,329.25,431,1262,364,1303,1391,1860
5659646,469.38,327.375,463.38,328.35,430,1276,367,1293,1399,1866
5659648,469.78,326.475,463.22,329.1,433,1266,367,1301,1392,1863
5659650,469.54,326.1,463.38,328.95,430,1262,368,1299,1392,1861
5659652,469.46,326.25,463.38,328.2,430,1264,368,1292,1394,1863
5659654,469.54,327.225,463.54,329.325,432,1275,371,1303,1392,1861
5659656,470.02,326.325,463.22,328.575,436,1264,367,1296,1392,1862
5659658,469.38,327.825,464.26,329.175,431,1281,379,1301,1396,1859
5659660,469.62,327.675,463.54,328.875,434,1279,372,1299,1395,1855
5659662,469.54,326.775,463.7,329.55,433,1269,374,1306,1391,1856
5659664,469.38,327.6,464.1,329.1,432,1278,378,1301,1396,1861
5659666,469.62,328.2,463.7,329.625,436,1285,375,1307,1395,1860
5659668,469.86,326.925,463.46,328.725,437,1271,372,1297,1391,1859
5659670,469.7,327.45,464.66,329.7,436,1277,386,1307,1389,1859
5659672,468.9,328.35,464.18,328.65,429,1288,380,1296,1390,1860
5659674,470.1,327.225,464.02,329.025,441,1274,379,1301,1388,1855
5659676,469.54,327.9,464.5,329.4,435,1282,384,1304,1389,1857
5659678,469.78,327.675,464.34,329.625,438,1280,383,1307,1386,1859
5659680,470.02,327.9,464.1,328.5,441,1282,380,1295,1387,1854
5659682,469.94,327.825,464.02,329.325,440,1281,379,1304,1386,1849
5659684,469.86,327.675,464.26,329.1,439,1280,382,1301,1389,1859
5659686,469.46,327.825,464.1,329.7,435,1282,381,1307,1390,1855
5659688,470.18,327,463.62,329.325,442,1272,376,1304,1385,1852
5659690,468.74,329.625,463.38,330.3,430,1302,374,1315,1390,1857
5659692,468.26,328.275,462.98,330.975,423,1288,371,1323,1387,1860
5659694,467.7,329.85,462.34,330.675,419,1305,364,1321,1382,1854
5659696,466.58,330.9,461.38,331.5,409,1318,354,1330,1385,1859
5659698,465.46,332.475,460.34,332.25,399,1337,344,1340,1386,1854
5659700,465.46,333.15,460.1,332.55,399,1344,342,1343,1386,1854
5659702,464.5,333.45,459.62,332.4,389,1348,337,1342,1384,1853
5659704,464.98,333.825,459.7,332.925,395,1351,338,1347,1389,1850
5659706,465.54,334.2,460.26,332.625,401,1355,343,1344,1388,1855
5659708,466.42,333.825,460.66,332.325,410,1350,348,1340,1381,1853
5659710,466.5,334.725,461.38,332.325,412,1360,355,1339,1379,1852
5659712,466.5,334.5,461.3,332.7,411,1357,355,1343,1377,1850
5659714,467.62,334.05,461.94,332.175,422,1351,361,1337,1384,1850
5659716,467.62,334.35,462.1,332.625,423,1354,363,1342,1378,1854
5659718,467.22,332.475,461.7,332.325,417,1334,358,1339,1377,1856
5659720,468.02,332.475,462.5,331.95,425,1333,366,1334,1377,1855
5659722,467.06,333.3,462.5,332.55,415,1343,367,1340,1374,1851
5659724,467.06,333.675,461.94,332.7,416,1347,361,1343,1375,1854
5659726,467.54,332.625,462.34,332.775,420,1336,366,1343,1377,1852
5659728,467.14,331.35,462.18,332.55,415,1322,363,1341,1370,1850
5659730,466.82,333.15,462.42,331.725,413,1342,365,1331,1376,1855
5659732,467.38,331.875,462.1,332.475,417,1328,362,1340,1377,1856
5659734,467.14,332.25,461.78,331.425,415,1331,358,1329,1371,1856
5659736,467.14,332.55,462.02,331.125,416,1335,361,1325,1375,1857
5659738,467.3,331.05,462.1,331.65,415,1318,361,1330,1374,1859
5659740,467.22,331.65,462.1,331.725,416,1325,362,1332,1372,1857
5659742,467.22,331.5,462.02,331.2,415,1324,360,1326,1372,1861
5659744,467.46,331.5,462.02,330.975,418,1323,360,1323,1373,1856
5659746,467.46,331.875,462.18,331.875,418,1327,362,1333,1372,1854
5659748,467.22,330.675,461.54,332.175,414,1315,356,1337,1364,1857
5659750,466.98,332.1,461.78,331.95,413,1330,359,1334,1375,1856
5659752,467.7,331.05,462.34,332.175,419,1318,364,1336,1367,1854
5659754,466.66,332.775,462.42,331.2,410,1338,365,1325,1378,1856
5659756,467.06,332.25,461.78,331.95,414,1332,358,1334,1373,1855
5659758,467.14,331.65,461.78,332.025,414,1325,358,1335,1369,1853
5659760,466.9,332.85,462.26,331.2,413,1339,363,1325,1373,1868
5659762,467.06,332.475,461.7,332.4,414,1334,358,1339,1374,1857
5659764,466.98,332.325,462.42,332.175,413,1333,365,1336,1369,1860
5659766,466.98,333.675,462.1,332.925,414,1347,362,1345,1375,1860
5659768,466.42,334.5,462.26,332.7,409,1357,363,1342,1376,1862
5659770,467.14,333.3,462.34,332.7,415,1343,364,1342,1374,1856
5659772,466.82,334.2,462.9,332.85,413,1353,370,1343,1373,1863
5659774,466.58,333.75,462.98,333.3,409,1349,371,1348,1373,1861
5659776,467.14,332.4,462.66,333.15,414,1334,368,1346,1373,1857
5659778,466.82,333.45,462.66,333.075,411,1346,368,1346,1374,1855
5659780,466.82,333.9,462.58,332.4,412,1350,366,1338,1377,1859
5659782,466.98,334.2,462.5,332.1,414,1353,364,1335,1375,1859
5659784,467.38,332.775,462.82,332.55,417,1338,369,1340,1370,1860
5659786,467.46,333,462.82,331.8,417,1340,367,1332,1373,1854
5659788,467.38,332.475,463.06,331.725,416,1334,370,1331,1375,1859
5659790,467.94,332.025,463.78,331.65,421,1329,378,1329,1371,1861
5659792,467.62,331.8,463.62,330.225,418,1326,374,1313,1373,1870
5659794,468.02,331.35,463.46,329.775,421,1321,372,1309,1373,1863
5659796,468.5,330,463.14,329.85,426,1306,369,1310,1370,1866
5659798,468.34,329.85,463.86,329.55,423,1304,376,1306,1375,1871
5659800,468.18,330.075,464.02,328.275,422,1307,377,1292,1379,1864
5659802,468.26,328.95,463.62,329.85,422,1295,374,1310,1376,1864
5659804,468.5,329.475,464.02,328.875,425,1300,377,1299,1372,1866
5659806,468.82,328.875,464.02,328.95,427,1293,377,1299,1372,1864
5659808,468.74,329.025,464.5,329.625,427,1295,383,1306,1370,1868
5659810,469.06,329.1,464.42,329.55,430,1295,382,1305,1372,1867
5659812,469.46,328.8,464.5,330,434,1291,383,1310,1374,1870
5659814,468.82,329.7,464.74,330.375,428,1302,386,1314,1369,1868
5659816,468.74,329.4,464.58,330.375,427,1298,384,1314,1371,1864
5659818,468.5,329.625,464.5,330.45,425,1301,384,1315,1374,1870
5659820,467.94,331.8,465.22,330.45,422,1326,391,1314,1374,1869
5659822,468.66,331.425,464.98,330.975,428,1321,389,1319,1375,1870
5659824,468.74,330.825,465.38,331.35,428,1314,394,1323,1374,1870
5659826,468.18,331.8,465.06,331.125,424,1325,390,1321,1375,1871
5659828,469.22,331.05,465.46,331.65,434,1316,395,1326,1376,1871
5659830,468.82,332.025,464.98,332.025,431,1326,391,1330,1374,1871
5659832,469.06,330.75,465.94,330.975,432,1312,400,1318,1375,1873
5659834,469.7,330.9,466.82,331.725,440,1314,409,1326,1381,1872
5659836,470.58,330.75,467.06,330.975,448,1310,412,1317,1383,1868
5659838,471.7,329.475,466.98,330.3,459,1296,410,1310,1382,1873
5659840,471.86,330.3,467.14,329.85,461,1305,411,1305,1385,1868
5659842,472.58,328.275,466.98,328.95,467,1282,408,1295,1384,1868
5659844,472.42,328.875,466.9,328.725,465,1289,407,1293,1380,1872
5659846,471.46,329.85,466.58,329.475,457,1300,405,1302,1384,1870
5659848,471.62,328.5,466.58,328.8,457,1285,404,1294,1380,1872
5659850,471.7,328.8,466.1,329.325,458,1289,400,1300,1380,1871
5659852,471.3,328.35,466.34,329.025,453,1284,402,1297,1379,1875
5659854,471.06,327.3,466.5,328.8,450,1273,403,1295,1383,1868
5659856,471.06,328.575,466.1,327.15,451,1287,397,1277,1378,1874
5659858,470.66,328.8,466.42,328.275,447,1290,402,1289,1381,1873
5659860,470.66,327.9,466.58,327.9,446,1280,403,1284,1377,1871
5659862,470.5,328.35,466.42,328.2,445,1285,402,1289,1384,1875
5659864,470.42,327.525,466.58,327.675,443,1277,403,1283,1378,1879
5659866,470.58,327.225,466.5,328.2,445,1273,402,1288,1383,1877
5659868,470.18,328.5,466.02,328.125,441,1287,397,1288,1385,1879
5659870,470.5,327.225,466.42,328.05,443,1273,401,1287,1385,1877
5659872,470.74,326.775,466.1,328.2,445,1268,398,1288,1381,1876
5659874,470.58,326.625,466.1,328.275,443,1266,397,1289,1380,1881
5659876,470.18,327.225,466.34,328.275,439,1273,400,1288,1381,1878
5659878,470.02,327.675,466.18,327.675,437,1278,397,1282,1381,1878
5659880,469.7,326.475,465.7,328.125,433,1265,393,1288,1380,1880
5659882,470.1,327.225,465.22,327.375,438,1272,387,1280,1381,1879
5659884,468.66,327.3,465.38,326.925,423,1275,388,1274,1382,1879
5659886,469.38,326.7,465.3,326.85,429,1267,386,1274,1380,1881
5659888,468.9,327.675,465.06,327.45,424,1278,384,1280,1386,1880
5659890,468.18,327.45,465.06,327.75,416,1276,383,1283,1382,1886
5659892,468.34,326.625,465.62,327.375,417,1268,389,1278,1386,1885
5659894,467.86,327,465.14,327.45,411,1271,383,1279,1391,1889
5659896,468.82,326.625,465.06,326.85,421,1267,381,1273,1390,1883
5659898,468.98,326.025,464.9,327.3,421,1259,379,1277,1384,1884
5659900,468.02,327.3,465.06,326.475,412,1273,380,1268,1385,1880
5659902,468.82,326.55,465.3,327.45,418,1264,382,1278,1386,1882
5659904,468.34,326.4,464.9,327,413,1263,378,1273,1384,1883
5659906,467.94,326.625,464.98,326.4,409,1265,377,1266,1382,1890
5659908,468.5,326.625,464.98,326.4,415,1265,377,1266,1387,1888
5659910,468.74,326.775,465.14,327,416,1265,378,1272,1387,1888
5659912,468.42,327.15,464.82,327.975,414,1270,376,1283,1382,1886
5659914,468.5,326.925,465.22,327.15,413,1266,378,1273,1384,1890
5659916,468.42,327.15,464.82,327.375,412,1269,375,1275,1384,1890
5659918,468.26,327.675,464.66,327.6,409,1274,372,1278,1382,1890
5659920,468.18,327.15,465.38,327.375,409,1268,380,1274,1381,1888
5659922,468.1,327.825,465.46,326.925,407,1275,379,1268,1384,1891
5659924,468.58,327.3,465.54,327.225,412,1269,380,1272,1387,1888
5659926,468.42,327,465.38,327.525,409,1265,378,1274,1382,1893
5659928,468.1,327.375,465.54,328.05,406,1270,380,1280,1385,1895
5659930,468.58,327.6,465.62,327.75,411,1271,380,1276,1381,1896
5659932,468.58,327.675,465.22,327.15,411,1272,375,1270,1383,1891
5659934,468.34,327.75,465.7,327.225,408,1273,380,1270,1386,1894
5659936,468.66,328.05,465.86,327.825,412,1275,382,1276,1382,1894
5659938,468.34,326.925,465.94,326.925,407,1263,382,1266,1381,1894
5659940,468.5,327.6,466.34,328.125,409,1271,387,1278,1382,1899
5659942,468.26,327.6,466.02,328.425,406,1271,384,1282,1382,1897
5659944,468.66,327.375,466.26,327.525,410,1268,385,1272,1384,1896
5659946,468.74,328.275,466.34,327.825,412,1277,387,1274,1384,1904
5659948,469.3,327.75,466.5,327,417,1271,387,1265,1383,1896
5659950,469.22,327.675,466.42,329.175,416,1270,389,1289,1383,1896
5659952,469.46,327.75,466.9,328.575,419,1271,393,1282,1387,1904
5659954,469.62,327.825,467.22,327.975,421,1271,396,1276,1384,1904
5659956,469.94,328.425,467.14,328.425,425,1277,396,1281,1383,1900
5659958,470.18,328.875,467.62,328.5,429,1282,401,1281,1382,1910
5659960,469.3,328.275,467.86,329.25,419,1277,404,1289,1383,1905
5659962,470.1,328.5,467.78,328.575,428,1278,404,1281,1383,1904
5659964,469.94,328.875,468.18,329.1,426,1282,408,1287,1387,1912
5659966,469.62,328.575,468.5,329.4,424,1280,413,1290,1380,1907
5659968,470.42,327.75,468.66,329.1,431,1270,414,1287,1383,1911
5659970,470.98,328.8,468.66,329.025,439,1282,415,1286,1385,1910
5659972,470.82,328.875,468.74,328.8,437,1283,415,1284,1384,1907
5659974,470.82,328.575,468.74,328.875,438,1280,416,1285,1383,1909
5659976,470.74,328.725,468.82,329.1,437,1281,417,1287,1381,1909
5659978,470.74,329.475,468.5,328.725,438,1290,414,1284,1381,1910
5659980,470.42,330,468.42,329.175,436,1296,414,1289,1383,1907
5659982,470.42,329.55,468.74,328.575,436,1292,417,1283,1384,1906
5659984,470.58,329.775,468.58,329.25,437,1294,416,1291,1382,1912
5659986,470.98,329.55,468.58,329.7,443,1291,418,1296,1382,1911
5659988,471.38,329.175,468.82,329.325,447,1287,420,1292,1382,1909
5659990,470.58,330,468.82,329.175,440,1297,421,1291,1381,1909
5659992,470.42,330.45,469.3,329.55,439,1303,427,1294,1382,1905
5659994,470.9,329.4,468.74,329.1,444,1291,421,1290,1381,1909
5659996,471.06,329.625,468.9,328.575,446,1294,422,1285,1381,1909
5659998,471.22,329.175,469.06,329.025,448,1289,425,1290,1378,1908
5660000,471.06,329.175,468.74,329.4,446,1289,423,1295,1382,1909
5660002,470.66,329.025,468.98,328.65,443,1289,425,1287,1381,1909
5660004,470.58,329.925,469.06,329.1,443,1299,427,1292,1379,1909
5660006,470.18,329.55,469.3,329.25,440,1295,430,1293,1379,1906
5660008,470.1,329.475,469.06,328.95,439,1295,427,1290,1380,1908
5660010,469.78,329.7,469.22,329.325,437,1298,430,1295,1377,1907
5660012,470.02,330.075,468.82,329.1,439,1302,426,1292,1382,1911
5660014,469.62,330.3,469.14,328.95,437,1305,430,1291,1379,1907
5660016,469.46,330.975,468.18,329.025,435,1312,420,1293,1379,1910
5660018,468.26,331.65,467.62,329.1,424,1321,415,1294,1375,1911
5660020,467.14,331.575,467.54,330.225,413,1322,415,1307,1372,1912
5660022,466.58,332.1,466.02,330.825,408,1328,401,1315,1374,1907
5660024,464.82,333.75,464.58,331.575,391,1348,387,1325,1373,1908
5660026,464.26,334.35,464.02,331.95,387,1355,381,1330,1376,1910
5660028,464.5,333.825,463.94,331.65,388,1349,380,1327,1378,1905
5660030,464.18,335.55,463.7,331.35,387,1369,378,1324,1370,1909
5660032,465.22,333.975,463.94,330.675,397,1350,380,1316,1380,1910
5660034,466.18,332.475,464.34,330.45,406,1333,385,1314,1375,1907
5660036,465.7,333.675,465.14,329.25,402,1347,392,1300,1372,1912
5660038,466.74,332.625,465.14,329.55,412,1334,393,1303,1375,1911
5660040,466.9,331.65,465.46,328.725,413,1323,395,1293,1374,1911
5660042,466.74,330.6,465.54,329.25,410,1312,396,1299,1365,1910
5660044,467.14,331.05,465.06,329.025,415,1317,391,1297,1371,1909
5660046,466.98,331.35,464.98,328.95,413,1320,390,1296,1370,1909
5660048,466.02,332.025,464.82,328.8,404,1328,388,1295,1372,1909
5660050,466.58,331.05,465.06,329.325,409,1317,391,1300,1371,1907
5660052,466.26,330.9,464.66,329.775,406,1316,388,1305,1374,1901
5660054,465.54,332.325,464.58,329.475,399,1332,386,1302,1370,1907
5660056,466.02,331.65,464.66,329.625,404,1324,387,1304,1369,1910
5660058,465.86,332.1,464.5,329.85,402,1329,386,1306,1371,1906
5660060,464.98,332.7,464.26,329.775,394,1336,383,1305,1368,1909
5660062,465.7,332.475,464.18,330.675,400,1333,383,1315,1369,1904
5660064,464.74,332.85,464.34,329.85,391,1338,384,1306,1374,1904
5660066,465.3,332.85,464.26,330.225,396,1337,382,1310,1361,1905
5660068,465.78,331.5,464.1,329.85,400,1322,380,1307,1369,1904
5660070,465.06,332.7,464.1,330.675,393,1336,381,1315,1366,1902
5660072,464.34,332.775,463.78,330.525,386,1338,377,1314,1367,1903
5660074,464.9,332.625,464.26,331.05,390,1336,382,1319,1363,1900
5660076,465.14,332.85,464.42,330.3,393,1338,383,1311,1365,1900
5660078,464.42,332.4,464.1,330.6,385,1334,379,1315,1362,1897
5660080,464.02,334.05,463.78,330.675,382,1352,376,1316,1364,1905
5660082,464.9,333.6,463.94,330.45,390,1346,377,1313,1363,1902
5660084,464.66,333.9,463.86,330.525,388,1350,376,1314,1364,1905
5660086,464.82,333.525,464.02,331.05,389,1347,378,1320,1359,1904
5660088,464.9,333.15,464.02,330.825,390,1342,378,1318,1360,1906
5660090,464.26,333.45,464.26,330.975,383,1347,380,1319,1365,1899
5660092,464.34,334.8,464.18,331.35,385,1360,380,1323,1357,1904
5660094,464.18,334.725,464.26,331.425,383,1360,380,1325,1362,1906
5660096,465.06,333.3,463.54,330.75,391,1344,372,1318,1360,1901
5660098,464.74,334.35,463.94,331.425,388,1356,376,1326,1356,1903
5660100,464.26,334.05,464.1,331.05,382,1354,378,1321,1360,1902
5660102,464.42,333.675,464.42,330.75,383,1349,380,1318,1362,1898
5660104,464.66,333.75,463.7,330.6,386,1350,373,1317,1356,1902
5660106,464.18,334.275,464.18,330.525,381,1357,377,1316,1360,1900
5660108,464.18,333.825,464.1,330.9,381,1352,376,1320,1355,1903
5660110,464.26,333.75,464.1,330.75,381,1351,376,1319,1357,1897
5660112,464.02,334.575,464.34,330.675,379,1360,379,1318,1355,1899
5660114,464.58,332.925,464.34,330.225,383,1342,378,1313,1355,1898
5660116,464.74,333.075,464.5,330.375,385,1343,380,1315,1355,1899
5660118,464.34,333.075,464.66,330.3,381,1344,381,1314,1354,1901
5660120,463.94,333.525,464.34,330.3,377,1349,378,1314,1354,1901
5660122,464.82,333.075,464.5,330.75,385,1344,380,1319,1355,1899
5660124,464.74,332.775,464.18,330.375,384,1340,376,1315,1355,1897
5660126,464.66,333.225,464.26,330.6,384,1346,377,1318,1351,1901
5660128,464.82,333.3,464.74,331.2,386,1346,383,1324,1357,1899
5660130,465.06,332.925,465.14,331.2,388,1342,387,1324,1356,1894
5660132,465.22,333.6,464.9,330.375,390,1349,383,1315,1358,1901
5660134,464.98,333.825,465.06,330.9,387,1352,385,1321,1355,1895
5660136,465.86,333.225,465.38,330.3,396,1345,388,1314,1353,1898
5660138,465.06,334.8,465.06,330.45,389,1363,385,1316,1353,1902
5660140,465.62,333.75,465.22,331.2,394,1351,387,1324,1356,1898
5660142,465.22,334.125,465.38,331.425,391,1356,389,1326,1355,1896
5660144,465.54,334.275,465.22,331.5,393,1357,388,1327,1351,1897
5660146,466.1,334.275,465.22,332.1,399,1357,388,1334,1354,1897
5660148,465.38,334.425,465.46,331.875,393,1359,391,1331,1353,1896
5660150,465.38,334.875,465.3,332.4,393,1364,390,1337,1348,1897
5660152,465.62,334.425,465.3,332.1,395,1359,389,1334,1352,1899
5660154,465.3,335.1,465.46,332.325,392,1366,392,1336,1351,1891
5660156,465.62,333.975,465.62,332.175,395,1354,393,1334,1351,1893
5660158,465.86,333.975,465.22,332.25,397,1353,389,1335,1355,1894
5660160,465.14,334.95,465.62,331.95,391,1365,393,1332,1352,1895
5660162,465.78,334.65,465.7,332.325,397,1360,394,1336,1353,1898
5660164,465.06,334.125,465.22,332.4,389,1355,390,1336,1353,1899
5660166,464.98,334.05,465.38,332.025,389,1355,391,1333,1353,1896
5660168,465.06,333.825,465.22,331.95,389,1353,389,1332,1351,1898
5660170,466.02,333.45,465.62,330.975,399,1347,392,1321,1354,1894
5660172,465.62,334.35,465.38,331.425,396,1357,390,1326,1350,1892
5660174,465.62,334.35,466.02,330.975,396,1357,397,1320,1348,1894
5660176,465.14,333.075,465.38,331.125,390,1344,390,1322,1354,1896
5660178,466.18,332.7,465.78,330.675,401,1338,395,1317,1353,1889
5660180,465.46,333.225,465.46,330.6,393,1345,391,1316,1352,1894
5660182,465.86,332.325,465.78,329.85,397,1334,393,1307,1352,1895
5660184,466.5,331.875,465.62,328.95,404,1328,391,1297,1356,1896
5660186,466.1,332.4,466.02,329.775,400,1334,397,1306,1356,1894
5660188,466.02,332.475,466.1,330,400,1335,398,1308,1348,1900
5660190,466.9,331.725,466.1,329.925,408,1325,398,1307,1355,1895
5660192,466.66,332.025,466.02,330.225,405,1329,397,1310,1355,1892
5660194,465.94,332.55,466.02,329.55,399,1335,396,1302,1350,1897
5660196,466.9,331.8,466.02,329.7,408,1326,397,1304,1357,1898
5660198,466.9,331.95,465.86,329.7,408,1326,395,1303,1353,1894
5660200,467.06,331.95,466.5,329.925,410,1327,402,1305,1355,1895
5660202,466.82,332.7,466.02,330.3,408,1335,397,1309,1355,1896
5660204,467.38,332.1,465.78,330.9,413,1327,395,1316,1358,1894
5660206,466.82,331.95,466.26,331.125,408,1325,401,1317,1354,1897
5660208,466.9,332.775,466.26,330.075,410,1334,400,1306,1356,1898
5660210,466.74,332.625,466.9,329.7,408,1332,407,1301,1353,1896
5660212,466.82,333,466.1,330.825,409,1336,399,1314,1355,1897
5660214,466.74,332.85,466.02,330.675,408,1334,399,1312,1357,1897
5660216,466.82,332.925,466.5,330.6,409,1335,403,1310,1350,1900
5660218,465.94,333.45,466.18,330.6,400,1341,400,1310,1354,1897
5660220,467.38,332.475,465.94,330.6,415,1329,397,1311,1356,1895
5660222,466.74,332.775,466.34,331.05,408,1333,401,1315,1352,1897
5660224,466.9,332.025,466.02,331.125,408,1325,398,1316,1355,1894
5660226,467.06,332.475,466.18,331.275,410,1329,400,1317,1355,1901
5660228,467.22,332.55,465.94,331.2,413,1330,397,1317,1350,1895
5660230,467.14,332.55,465.78,331.875,412,1330,397,1324,1355,1897
5660232,466.5,332.85,465.78,330.9,405,1334,396,1313,1353,1901
5660234,466.26,333.225,465.94,330.6,403,1338,397,1310,1354,1896
5660236,466.82,333.15,465.86,331.875,409,1336,397,1324,1355,1896
5660238,466.34,332.775,465.94,331.575,403,1333,398,1320,1354,1897
5660240,466.42,332.625,465.86,330.6,404,1331,396,1310,1356,1899
5660242,466.58,332.7,465.78,331.575,406,1332,396,1321,1355,1900
5660244,466.1,333.075,465.7,331.5,401,1337,395,1320,1358,1901
5660246,467.06,332.55,465.7,331.875,411,1330,395,1325,1357,1899
5660248,466.9,332.25,465.46,331.575,409,1327,393,1322,1357,1899
5660250,466.74,332.325,465.7,331.35,407,1328,395,1319,1354,1899
5660252,466.82,333.15,465.46,331.95,408,1337,393,1326,1353,1900
5660254,466.42,333.15,465.46,332.475,404,1338,393,1332,1358,1900
5660256,465.94,332.625,465.62,330.675,398,1333,393,1312,1360,1903
5660258,466.74,332.85,465.38,331.65,407,1335,391,1323,1351,1905
5660260,466.74,332.775,465.22,331.95,407,1334,390,1327,1355,1903
5660262,466.26,333.075,465.46,332.175,402,1338,393,1329,1359,1901
5660264,465.86,333.6,464.98,332.025,398,1344,388,1328,1355,1908
5660266,466.1,333.9,465.62,331.5,401,1348,394,1323,1356,1905
5660268,467.06,332.55,465.06,332.1,410,1332,389,1329,1361,1903
5660270,466.26,333.6,464.98,331.65,403,1345,387,1325,1356,1909
5660272,466.9,332.7,465.3,332.025,408,1335,390,1328,1358,1905
5660274,466.5,333.3,465.22,331.2,405,1341,389,1320,1356,1904
5660276,466.34,333.15,465.62,331.05,402,1340,393,1318,1358,1909
5660278,466.1,334.2,465.62,331.575,401,1352,393,1324,1353,1910
5660280,466.82,333,465.38,331.275,407,1339,390,1322,1358,1911
5660282,466.58,333.375,465.62,331.275,404,1343,392,1322,1356,1902
5660284,466.58,333.15,464.74,331.65,404,1341,384,1326,1356,1914
5660286,466.66,333.6,465.38,331.5,406,1345,390,1324,1359,1914
5660288,466.26,333.6,465.62,331.425,402,1346,392,1323,1359,1909
5660290,466.02,333.15,465.06,331.8,399,1342,387,1328,1360,1912
5660292,466.74,332.625,465.06,331.8,406,1335,387,1328,1361,1916
5660294,466.26,332.325,464.98,331.575,400,1333,386,1326,1359,1918
5660296,465.94,333.15,464.74,330.6,398,1342,383,1316,1359,1914
5660298,466.42,332.325,465.14,331.275,402,1333,387,1323,1360,1916
5660300,466.58,332.475,465.54,331.2,403,1334,391,1322,1363,1913
5660302,466.58,332.625,465.06,330.975,403,1336,385,1319,1358,1922
5660304,466.1,332.55,465.3,331.275,398,1335,388,1323,1357,1915
5660306,465.62,333,465.38,331.125,393,1341,389,1321,1360,1917
5660308,466.1,332.1,465.14,330.375,397,1331,386,1314,1366,1918
5660310,466.02,332.85,466.1,331.35,397,1339,396,1323,1362,1920
5660312,465.78,332.625,465.06,330.675,394,1337,385,1316,1360,1920
5660314,466.66,332.025,465.46,330.975,402,1330,389,1320,1366,1924
5660316,466.1,332.1,465.38,330.975,397,1331,388,1320,1365,1927
5660318,465.46,333,464.98,330.9,390,1341,383,1319,1363,1923
5660320,466.5,331.35,465.06,330.15,400,1323,384,1311,1364,1930
5660322,466.02,332.55,464.9,330.825,396,1336,383,1318,1363,1923
5660324,465.86,332.775,465.06,330.75,395,1338,384,1318,1359,1929
5660326,466.66,331.725,465.14,330.525,402,1326,385,1315,1368,1925
5660328,466.02,333.075,465.14,329.55,397,1341,384,1304,1365,1931
5660330,466.34,332.55,465.3,329.925,399,1336,386,1308,1366,1930
5660332,466.34,331.8,465.14,330.225,398,1327,384,1312,1363,1931
5660334,466.18,331.575,464.42,329.85,397,1325,377,1308,1365,1936
5660336,466.18,333.15,464.9,329.475,398,1342,381,1303,1364,1936
5660338,466.02,332.1,464.66,330.675,395,1330,379,1317,1366,1938
5660340,466.1,332.55,464.9,329.625,396,1336,381,1305,1370,1935
5660342,466.5,331.5,464.66,330.075,399,1324,379,1310,1368,1934
5660344,465.94,332.4,464.9,329.925,394,1334,381,1308,1371,1937
5660346,466.5,331.35,464.66,329.775,399,1322,378,1307,1368,1935
5660348,466.18,331.575,465.14,329.4,396,1325,383,1303,1365,1943
5660350,466.34,331.95,464.9,329.475,398,1328,381,1303,1368,1937
5660352,466.1,332.475,464.74,330.225,396,1334,380,1312,1367,1943
5660354,466.1,332.4,465.06,329.925,396,1333,382,1308,1370,1940
5660356,466.74,332.025,464.74,329.7,403,1329,379,1306,1369,1943
5660358,466.5,332.325,464.18,330.15,400,1332,373,1311,1371,1945
5660360,466.34,331.5,464.58,329.775,398,1323,378,1307,1366,1945
5660362,466.98,331.5,464.98,329.55,404,1322,381,1304,1371,1944
5660364,466.34,333.075,465.06,330.45,399,1340,383,1313,1371,1948
5660366,466.34,332.1,464.98,330.15,398,1329,381,1310,1369,1950
5660368,466.34,332.475,464.98,329.775,398,1333,381,1306,1377,1948
5660370,466.18,331.95,464.74,330.225,396,1328,379,1310,1373,1948
5660372,466.18,333.6,465.22,330.225,398,1346,384,1310,1371,1949
5660374,466.02,332.475,464.66,330.525,395,1333,379,1314,1377,1949
5660376,465.86,333.075,464.1,330.45,394,1340,373,1314,1376,1946
5660378,464.74,334.2,463.7,330.375,384,1354,369,1313,1372,1948
5660380,463.94,333.45,462.5,330.45,375,1346,356,1315,1371,1948
5660382,463.62,333.15,461.54,330.45,371,1343,347,1316,1373,1947
5660384,463.3,332.925,461.86,330.375,367,1341,350,1315,1368,1948
5660386,463.62,333.9,461.46,330.075,372,1351,346,1312,1374,1946
5660388,464.26,333.975,461.46,329.925,379,1351,346,1310,1378,1950
5660390,463.86,332.25,461.7,329.85,373,1333,348,1309,1376,1945
5660392,464.66,331.95,461.78,329.325,382,1329,348,1304,1375,1949
5660394,464.82,331.875,462.18,329.55,383,1328,353,1305,1374,1951
5660396,465.78,330.9,462.02,329.175,392,1317,350,1301,1375,1948
5660398,465.3,331.5,462.5,329.25,387,1323,356,1302,1377,1947
5660400,465.3,331.425,462.66,328.8,388,1323,357,1297,1375,1949
5660402,465.94,330.525,463.06,329.25,394,1312,362,1301,1378,1946
5660404,465.62,331.8,463.54,328.95,392,1327,367,1298,1378,1948
5660406,465.62,332.7,462.98,329.925,393,1335,362,1309,1382,1956
5660408,465.54,332.25,462.82,328.95,392,1331,360,1299,1375,1950
5660410,465.78,331.125,462.82,329.475,393,1319,360,1304,1378,1954
5660412,465.7,332.1,462.66,329.55,394,1330,359,1305,1384,1951
5660414,465.06,333.45,462.26,329.1,389,1345,355,1301,1383,1950
5660416,465.54,332.475,462.42,329.325,393,1334,357,1303,1384,1952
5660418,465.54,331.95,462.74,329.7,392,1328,360,1307,1382,1953
5660420,465.3,332.4,463.22,329.475,390,1333,365,1304,1382,1952
5660422,465.7,332.55,462.5,329.4,395,1334,358,1303,1381,1952
5660424,465.22,333.3,462.66,329.325,391,1343,360,1303,1383,1949
5660426,465.14,333.375,462.5,329.175,390,1343,358,1301,1376,1951
5660428,465.54,332.4,462.26,329.7,394,1333,356,1307,1381,1950
5660430,465.7,332.325,462.5,329.475,395,1332,358,1305,1383,1952
5660432,464.98,333.225,462.58,330.075,388,1343,359,1311,1387,1955
5660434,465.54,333.15,462.82,329.775,394,1341,362,1308,1384,1953
5660436,465.38,332.25,462.66,329.55,391,1331,359,1305,1383,1949
5660438,465.62,332.475,462.58,329.7,394,1334,359,1307,1381,1955
5660440,465.46,333.15,462.74,329.475,393,1341,361,1305,1382,1951
5660442,465.46,332.85,462.74,329.775,393,1338,361,1308,1385,1949
5660444,464.9,333.375,462.02,329.625,388,1344,353,1307,1384,1951
5660446,465.62,332.25,462.98,329.625,394,1331,364,1306,1387,1954
5660448,465.78,332.325,462.34,329.7,396,1332,357,1307,1385,1952
5660450,465.22,332.85,462.74,329.475,390,1338,362,1305,1381,1952
5660452,465.86,332.25,462.42,329.475,397,1331,358,1305,1384,1952
5660454,465.14,332.85,462.1,330.15,390,1338,355,1313,1386,1952
5660456,465.14,333,462.18,328.95,390,1340,355,1300,1382,1953
5660458,465.38,333.15,462.42,329.7,393,1341,359,1307,1384,1952
5660460,465.86,331.2,462.42,329.625,396,1320,358,1306,1385,1953
5660462,465.54,332.4,462.66,329.25,394,1333,360,1302,1383,1953
5660464,465.62,331.725,462.74,329.325,394,1325,362,1303,1385,1950
5660466,465.3,331.5,462.42,329.7,391,1323,359,1307,1385,1946
5660468,465.3,333.075,461.94,329.4,392,1341,353,1304,1384,1952
5660470,465.78,332.1,462.18,329.475,397,1329,356,1304,1388,1953
5660472,465.22,332.025,462.66,329.25,391,1328,361,1302,1384,1948
5660474,465.3,332.775,462.26,329.025,392,1337,357,1299,1387,1952
5660476,465.78,332.025,462.26,329.625,397,1328,358,1306,1385,1950
5660478,465.54,332.025,461.94,329.625,395,1327,354,1305,1391,1949
5660480,465.86,331.65,462.1,329.1,397,1323,355,1300,1386,1951
5660482,465.06,332.175,462.42,329.325,390,1330,359,1302,1386,1950
5660484,464.9,332.475,462.18,329.925,389,1333,357,1308,1390,1952
5660486,465.46,332.475,462.18,329.55,394,1332,357,1304,1385,1947
5660488,464.9,332.925,462.26,329.7,389,1337,358,1306,1387,1954
5660490,465.22,332.1,461.94,329.775,391,1327,355,1306,1390,1949
5660492,465.06,333.225,462.82,329.925,391,1340,364,1307,1387,1948
5660494,464.74,333.225,462.02,330.15,388,1340,356,1310,1385,1947
5660496,464.5,332.775,461.78,330.15,385,1335,354,1310,1388,1948
5660498,464.98,333.525,462.34,330.375,391,1342,360,1312,1388,1946
5660500,464.82,333.6,462.58,330.3,389,1344,362,1311,1388,1948
5660502,465.06,333.6,462.1,330.225,391,1343,357,1309,1385,1951
5660504,465.14,333.075,462.42,330.225,392,1338,360,1309,1385,1949
5660506,464.34,334.65,462.1,330.375,386,1355,357,1311,1386,1948
5660508,464.58,333.825,462.66,330.525,387,1346,363,1313,1390,1947
5660510,464.82,333.9,462.1,330.825,389,1346,358,1316,1384,1949
5660512,464.9,333.3,462.18,330.525,390,1340,358,1312,1387,1945
5660514,464.66,333.6,462.42,330.3,388,1343,360,1310,1389,1944
5660516,464.82,333.75,462.1,330.15,389,1345,356,1309,1388,1949
5660518,465.3,332.7,461.94,330.375,393,1333,355,1311,1390,1948
5660520,465.46,333.3,462.02,330.3,396,1339,356,1310,1385,1942
5660522,464.82,333.525,462.02,330.975,389,1342,357,1317,1386,1944
5660524,464.74,334.05,462.18,330.6,388,1348,358,1313,1386,1946
5660526,464.9,333,462.26,330.375,389,1336,358,1310,1384,1943
5660528,463.78,334.8,461.62,330.6,379,1357,352,1314,1387,1948
5660530,464.82,333.375,461.22,330.525,389,1340,348,1313,1387,1947
5660532,465.22,333.15,461.86,330.6,392,1337,355,1314,1385,1945
5660534,464.26,333.45,461.3,330.6,383,1342,349,1314,1383,1941
5660536,464.66,333.675,461.46,331.125,388,1344,351,1319,1387,1942
5660538,464.26,334.425,462.02,330.975,383,1352,357,1317,1389,1941
5660540,464.34,334.575,461.38,331.275,385,1354,350,1321,1384,1945
5660542,464.74,334.05,462.18,331.5,389,1348,358,1323,1385,1946
5660544,464.74,333.9,462.1,331.275,388,1346,357,1320,1388,1943
5660546,464.26,334.875,461.86,331.425,384,1357,355,1322,1385,1944
5660548,464.98,334.05,462.42,331.05,390,1347,360,1317,1385,1942
5660550,464.98,334.35,462.1,331.725,391,1350,358,1325,1386,1936
5660552,464.1,334.875,462.58,330.975,382,1357,362,1316,1384,1947
5660554,464.66,334.35,462.18,332.4,387,1351,359,1332,1385,1942
5660556,465.3,333.975,461.54,331.95,393,1346,352,1328,1386,1942
5660558,464.66,334.05,462.34,332.025,387,1347,360,1328,1381,1937
5660560,464.98,334.125,462.34,331.05,391,1347,360,1318,1388,1942
5660562,465.14,333.15,462.1,331.2,391,1337,358,1319,1383,1938
5660564,464.82,333.9,462.26,330.975,389,1345,359,1316,1384,1942
5660566,465.22,332.4,462.18,330.375,391,1328,358,1310,1386,1938
5660568,464.98,331.95,462.26,330.075,388,1323,358,1306,1385,1942
5660570,465.22,331.8,462.18,329.625,390,1321,356,1301,1382,1934
5660572,466.26,330.3,462.42,328.5,400,1304,358,1289,1381,1932
5660574,465.86,330.075,461.94,328.8,396,1302,353,1293,1381,1932
5660576,465.86,329.475,462.02,328.95,395,1296,354,1295,1385,1935
5660578,466.1,329.85,462.98,329.025,398,1300,364,1294,1379,1936
5660580,465.94,328.95,462.18,328.275,396,1290,355,1287,1380,1934
5660582,465.94,328.8,462.26,328.5,395,1288,356,1288,1379,1931
5660584,465.86,329.4,462.34,328.425,395,1294,357,1288,1377,1932
5660586,466.1,328.875,462.5,328.125,397,1288,358,1285,1381,1936
5660588,466.02,328.575,462.1,328.95,396,1285,355,1294,1379,1931
5660590,465.94,330.225,462.58,329.25,396,1303,360,1297,1381,1938
5660592,465.46,331.125,462.5,329.1,393,1313,360,1295,1378,1935
5660594,465.62,329.775,462.58,329.4,393,1299,361,1298,1380,1931
5660596,465.54,330.975,462.66,329.55,394,1311,362,1300,1382,1935
5660598,465.46,331.2,463.38,329.325,393,1314,369,1297,1382,1931
5660600,465.78,330.6,462.26,329.625,395,1308,358,1301,1376,1930
5660602,465.22,332.625,462.74,330.3,393,1330,363,1307,1380,1932
5660604,465.3,333.675,462.66,330.825,394,1341,364,1313,1382,1926
5660606,465.38,332.55,462.34,332.4,394,1329,362,1331,1381,1925
5660608,465.14,331.95,462.5,331.575,391,1324,363,1322,1380,1931
5660610,465.46,332.775,462.58,330.75,395,1332,363,1313,1379,1930
5660612,464.9,332.85,462.98,331.875,389,1333,369,1325,1380,1934
5660614,465.14,334.2,462.98,331.5,393,1349,368,1322,1383,1931
5660616,464.58,333.3,462.98,331.575,386,1339,368,1322,1374,1930
5660618,464.66,333.975,463.14,332.175,388,1346,371,1329,1378,1930
5660620,464.82,334.2,463.06,332.175,390,1349,370,1329,1381,1930
5660622,465.46,333.6,463.14,332.4,396,1342,371,1332,1381,1927
5660624,465.22,333.15,463.14,331.875,394,1338,370,1326,1379,1926
5660626,465.38,334.2,463.7,332.25,396,1349,377,1330,1381,1923
5660628,465.7,332.4,463.14,331.65,397,1329,370,1323,1380,1929
5660630,464.82,334.35,463.38,331.2,390,1351,372,1319,1378,1927
5660632,465.06,333.675,464.02,331.5,392,1344,379,1321,1381,1928
5660634,465.38,332.25,463.06,330.825,394,1328,368,1316,1376,1921
5660636,464.9,332.475,463.14,331.2,389,1332,370,1319,1376,1926
5660638,465.14,332.7,463.3,331.05,393,1334,371,1318,1381,1924
5660640,465.46,331.65,462.34,330.9,395,1322,361,1318,1376,1927
5660642,465.22,331.125,462.82,331.8,391,1317,367,1327,1376,1925
5660644,465.54,330.45,462.58,331.125,394,1309,364,1320,1379,1922
5660646,464.9,331.125,462.26,330.075,387,1317,359,1308,1378,1921
5660648,465.38,331.125,462.34,331.05,392,1317,360,1319,1375,1922
5660650,465.3,330.825,462.66,330.225,391,1314,362,1310,1379,1922
5660652,465.14,330.9,462.26,330.225,390,1314,359,1310,1379,1919
5660654,465.06,331.125,462.26,329.7,389,1316,357,1304,1374,1922
5660656,465.46,330.6,462.1,329.625,392,1310,355,1303,1376,1921
5660658,465.3,330.375,462.02,330.45,390,1307,355,1311,1375,1917
5660660,464.98,329.475,462.02,329.85,385,1298,355,1305,1375,1923
5660662,465.3,328.875,462.1,329.4,388,1290,355,1300,1379,1921
5660664,464.26,330.15,462.26,329.55,378,1305,356,1301,1375,1922
5660666,464.02,329.625,461.94,329.325,374,1299,352,1297,1373,1923
5660668,465.22,329.1,462.26,328.875,387,1292,355,1293,1373,1922
5660670,464.26,329.25,461.62,329.25,376,1293,348,1296,1372,1921
5660672,464.66,328.575,461.94,329.25,379,1286,351,1296,1377,1916
5660674,465.14,328.575,461.78,328.65,384,1284,349,1289,1382,1919
5660676,464.66,328.2,462.1,329.325,378,1281,353,1295,1374,1921
5660678,464.58,328.65,461.94,329.325,378,1284,350,1295,1370,1917
5660680,464.5,329.025,461.46,329.025,377,1289,345,1292,1374,1922
5660682,465.22,328.65,461.22,329.775,384,1283,343,1299,1375,1914
5660684,464.98,328.425,461.46,329.625,381,1280,346,1297,1378,1919
5660686,464.58,329.1,461.78,329.25,377,1287,348,1292,1377,1916
5660688,464.66,328.5,461.14,329.1,377,1281,341,1291,1380,1915
5660690,464.02,329.025,461.78,329.775,371,1286,348,1296,1375,1917
5660692,464.66,329.55,461.3,329.1,378,1291,342,1290,1375,1910
5660694,464.34,329.4,461.7,329.325,374,1289,346,1290,1374,1910
5660696,463.94,329.4,461.78,329.775,370,1289,348,1295,1375,1917
5660698,464.26,329.4,461.86,329.85,372,1287,348,1296,1377,1909
5660700,464.5,328.725,461.54,329.775,375,1280,344,1295,1378,1910
5660702,464.34,329.175,460.98,330.075,372,1285,339,1298,1375,1914
5660704,464.26,329.475,461.46,329.4,372,1287,343,1290,1376,1911
5660706,464.74,330.15,461.38,329.85,377,1294,341,1295,1374,1905
5660708,464.66,328.95,461.3,330.3,375,1281,341,1299,1375,1913
5660710,464.58,330.225,461.78,329.85,375,1294,346,1293,1376,1908
5660712,465.14,328.35,461.62,329.1,379,1274,343,1285,1377,1908
5660714,464.9,329.85,461.94,329.175,378,1289,346,1286,1372,1904
5660716,464.98,330.525,462.26,329.625,380,1297,350,1290,1378,1903
5660718,464.82,329.85,462.18,328.95,378,1289,349,1283,1370,1900
5660720,465.46,329.775,462.5,328.875,384,1288,352,1281,1374,1902
5660722,465.62,329.025,462.26,328.35,385,1280,349,1276,1379,1899
5660724,465.46,328.65,463.06,328.425,383,1276,357,1276,1377,1901
5660726,465.7,328.725,462.5,328.95,386,1276,352,1282,1377,1900
5660728,466.02,328.875,462.98,329.475,389,1278,358,1287,1378,1896
5660730,466.1,328.875,463.3,328.725,390,1277,360,1278,1381,1899
5660732,465.54,329.85,462.82,329.475,385,1288,356,1287,1373,1898
5660734,466.1,329.475,463.22,329.1,391,1284,360,1283,1376,1894
5660736,466.1,329.1,463.7,328.425,390,1280,364,1275,1372,1894
5660738,466.1,329.775,464.02,329.775,391,1287,369,1290,1372,1898
5660740,466.18,329.1,463.46,329.7,391,1280,364,1289,1378,1897
5660742,465.7,330.15,464.34,329.775,388,1292,374,1290,1375,1888
5660744,466.5,329.025,464.1,330,395,1279,371,1292,1376,1892
5660746,466.1,330,464.1,330,393,1291,372,1293,1375,1893
5660748,466.82,328.575,464.58,330.075,399,1274,377,1293,1372,1894
5660750,466.34,330.075,464.1,329.775,396,1291,372,1291,1373,1891
5660752,466.5,329.025,464.42,330.15,397,1280,376,1295,1376,1886
5660754,466.26,330,464.26,330.9,396,1291,376,1303,1373,1885
5660756,466.58,330.375,464.58,330.15,401,1295,380,1295,1374,1888
5660758,466.18,330.3,464.34,330.225,397,1295,378,1296,1371,1886
5660760,466.34,329.1,464.26,330.75,397,1282,378,1302,1372,1886
5660762,466.26,330,464.42,329.925,399,1292,380,1293,1373,1892
5660764,466.18,330.525,464.66,330.675,398,1298,383,1302,1371,1887
5660766,466.34,329.025,464.26,330.975,400,1282,380,1305,1371,1885
5660768,466.42,329.7,464.82,330.15,401,1289,385,1296,1372,1884
5660770,466.1,329.475,463.94,329.7,399,1288,376,1293,1373,1884
5660772,466.02,329.7,464.98,330.375,398,1290,388,1298,1372,1882
5660774,466.5,329.7,464.42,329.55,404,1290,383,1291,1375,1884
5660776,466.02,329.325,464.26,329.475,399,1287,381,1290,1378,1884
5660778,466.42,329.775,464.34,328.875,405,1292,382,1284,1376,1879
5660780,466.42,328.275,465.14,329.25,404,1275,391,1287,1372,1881
5660782,466.26,328.95,464.74,328.875,403,1283,387,1284,1374,1877
5660784,466.02,329.4,464.26,329.025,401,1289,382,1286,1376,1882
5660786,466.5,328.5,464.74,329.775,406,1278,389,1294,1373,1879
5660788,466.02,329.325,464.5,329.025,402,1287,386,1286,1373,1880
5660790,466.1,329.7,464.66,329.7,404,1292,389,1293,1372,1878
5660792,465.62,329.475,464.98,330.15,399,1290,393,1298,1369,1876
5660794,466.26,329.475,464.42,329.1,406,1289,387,1287,1367,1875
5660796,465.86,330.375,464.5,328.5,403,1299,387,1281,1372,1876
5660798,465.62,329.625,464.74,329.4,401,1291,391,1290,1368,1873
5660800,465.62,330.075,464.18,328.5,401,1296,384,1281,1367,1874
5660802,465.62,329.25,464.9,328.35,401,1287,392,1278,1371,1878
5660804,465.94,328.95,464.66,328.575,404,1284,390,1281,1368,1871
5660806,465.7,328.875,464.1,328.725,402,1283,385,1283,1374,1872
5660808,466.02,328.575,464.42,328.35,405,1279,388,1279,1373,1869
5660810,465.62,328.65,464.58,327.675,401,1280,389,1271,1372,1872
5660812,465.86,328.5,464.26,327.45,403,1278,386,1269,1367,1873
5660814,465.62,327.825,463.94,327.075,400,1271,382,1264,1372,1873
5660816,465.94,327.825,463.78,327.375,403,1271,381,1268,1367,1874
5660818,465.86,327.15,463.78,327.525,402,1263,381,1269,1371,1869
5660820,466.42,326.475,463.54,327.3,407,1255,378,1267,1373,1870
5660822,465.14,327.9,463.62,326.925,395,1271,378,1262,1368,1870
5660824,465.7,327.6,463.86,327.075,401,1268,381,1264,1371,1865
5660826,465.54,327.075,463.86,327.9,399,1262,382,1272,1371,1868
5660828,464.82,328.35,463.38,327.225,392,1276,376,1265,1369,1872
5660830,465.3,327.675,463.62,327.15,397,1267,379,1264,1371,1866
5660832,465.22,326.925,463.78,327.975,395,1259,381,1272,1370,1865
5660834,464.34,329.1,463.14,327.6,388,1283,374,1269,1366,1872
5660836,464.9,327.525,463.06,327.075,392,1266,373,1262,1370,1867
5660838,465.14,327.525,463.3,327.675,394,1265,375,1269,1368,1865
5660840,464.5,328.35,463.06,327.75,389,1275,373,1269,1367,1866
5660842,464.58,328.8,463.14,328.425,390,1279,374,1277,1366,1864
5660844,464.74,327.825,462.34,327.9,390,1269,365,1272,1368,1868
5660846,464.34,329.025,463.14,327.975,387,1282,374,1272,1363,1865
5660848,464.34,329.25,462.74,327.975,387,1284,369,1272,1367,1869
5660850,464.34,329.1,462.74,327.9,387,1282,369,1271,1364,1868
5660852,464.5,329.25,462.74,328.725,388,1284,370,1280,1364,1869
5660854,463.94,330,462.9,328.65,383,1292,370,1279,1368,1866
5660856,463.78,330,462.66,328.95,381,1293,368,1282,1365,1868
5660858,464.1,330.15,463.22,329.1,385,1294,374,1283,1365,1868
5660860,463.78,330.825,462.98,329.175,382,1302,372,1285,1368,1866
5660862,463.38,330.375,462.66,329.175,377,1297,368,1285,1360,1862
5660864,464.18,330.45,462.66,328.575,386,1297,367,1279,1364,1869
5660866,464.18,330.9,463.22,329.475,386,1303,374,1288,1367,1867
5660868,463.7,330.6,463.06,329.475,380,1300,372,1289,1364,1865
5660870,464.26,330.15,462.9,329.55,385,1294,371,1290,1365,1866
5660872,463.7,330.975,463.38,329.85,380,1304,376,1292,1362,1865
5660874,463.7,331.35,462.58,330.15,380,1309,367,1297,1365,1866
5660876,463.54,331.275,463.22,329.025,378,1308,373,1284,1358,1865
5660878,463.78,331.35,462.34,329.1,380,1309,363,1287,1362,1866
5660880,463.86,330.75,462.26,329.1,381,1303,363,1287,1364,1867
5660882,463.7,331.05,462.58,328.575,379,1306,365,1281,1360,1866
5660884,463.54,330.825,462.58,328.65,377,1304,365,1282,1366,1869
5660886,464.1,330.75,462.34,328.35,382,1303,362,1280,1366,1867
5660888,463.7,330.975,462.42,328.725,379,1306,363,1284,1364,1867
5660890,463.78,330.375,462.34,327.975,378,1300,361,1276,1362,1871
5660892,463.3,331.125,462.18,328.2,374,1308,359,1278,1364,1867
5660894,463.54,330.225,462.18,329.175,375,1299,360,1289,1364,1863
5660896,464.02,330.6,462.26,328.35,381,1302,360,1280,1363,1869
5660898,463.38,330.9,462.42,328.575,374,1307,362,1283,1363,1869
5660900,463.86,330.375,462.5,328.65,379,1301,362,1283,1362,1865
5660902,463.86,330.45,462.42,328.425,379,1302,362,1282,1363,1871
5660904,463.78,330.9,462.18,328.5,378,1307,359,1282,1365,1871
5660906,463.62,331.5,462.34,328.95,377,1314,361,1287,1365,1867
5660908,463.94,330.825,462.5,328.95,380,1306,362,1287,1368,1870
5660910,463.94,331.35,462.34,330.075,380,1312,362,1300,1365,1866
5660912,463.86,330.9,462.74,329.1,379,1307,365,1289,1361,1871
5660914,464.42,330.675,462.82,329.625,385,1304,366,1295,1366,1868
5660916,464.18,331.2,462.74,330.075,382,1310,366,1299,1357,1869
5660918,463.7,332.475,462.82,329.25,379,1324,367,1290,1359,1873
5660920,464.1,331.65,462.5,330.45,382,1315,364,1304,1365,1873
5660922,463.86,331.725,462.82,330.225,379,1316,367,1301,1363,1868
5660924,463.14,332.475,462.58,330,373,1325,365,1299,1356,1873
5660926,463.94,331.875,462.34,330.375,381,1318,362,1303,1364,1872
5660928,464.42,331.425,462.9,330.9,385,1312,368,1308,1366,1871
5660930,463.7,331.65,462.58,330,377,1315,364,1299,1361,1875
5660932,463.78,331.5,462.66,330.075,378,1314,365,1300,1360,1875
5660934,464.34,331.125,462.5,329.925,384,1309,363,1298,1367,1873
5660936,463.7,331.725,462.58,329.925,377,1316,364,1298,1361,1880
5660938,463.94,331.425,462.26,330.3,380,1312,361,1302,1363,1876
5660940,463.94,331.65,462.66,329.925,380,1315,365,1298,1364,1872
5660942,463.78,331.725,462.98,330.15,379,1316,369,1300,1363,1880
5660944,464.34,330.6,462.1,329.625,383,1303,359,1295,1368,1875
5660946,464.02,330.45,462.58,329.475,380,1302,364,1292,1362,1875
5660948,464.5,329.25,462.5,329.25,384,1288,362,1291,1366,1878
5660950,464.18,330.75,462.18,329.4,382,1304,359,1292,1364,1881
5660952,464.42,329.7,462.02,329.1,383,1292,357,1289,1364,1877
5660954,464.66,329.475,461.94,328.575,386,1289,356,1283,1369,1875
5660956,464.5,330.225,461.94,329.1,384,1298,356,1288,1367,1878
5660958,465.3,328.8,462.58,329.175,392,1281,363,1288,1366,1876
5660960,464.66,329.625,462.26,328.5,386,1291,359,1281,1367,1883
5660962,464.66,329.7,461.78,328.575,386,1291,355,1282,1365,1880
5660964,465.06,328.8,461.94,328.8,389,1280,357,1284,1365,1879
5660966,464.82,329.325,462.66,327.9,387,1286,363,1273,1370,1881
5660968,465.46,328.95,462.42,328.575,393,1281,361,1281,1368,1882
5660970,464.98,329.625,461.94,328.275,389,1288,355,1277,1362,1884
5660972,464.74,330.075,462.42,328.275,387,1293,361,1277,1366,1882
5660974,464.98,329.025,461.94,328.95,389,1281,357,1284,1367,1882
5660976,464.98,329.1,462.58,329.4,389,1282,364,1287,1368,1879
5660978,465.38,329.25,462.18,329.025,393,1283,360,1283,1366,1882
5660980,465.14,329.25,462.66,328.95,391,1282,365,1282,1366,1889
5660982,465.38,329.175,462.66,329.325,394,1281,366,1286,1371,1887
5660984,465.46,329.175,463.06,329.85,395,1280,370,1290,1371,1889
5660986,465.22,329.25,462.82,329.775,392,1281,368,1289,1367,1886
5660988,465.94,328.575,462.34,329.55,399,1273,362,1287,1369,1891
5660990,466.18,329.325,463.38,329.175,402,1280,372,1282,1370,1891
5660992,465.38,329.625,462.66,329.55,394,1284,365,1286,1370,1888
5660994,465.38,329.925,462.9,329.325,394,1287,368,1283,1369,1892
5660996,465.62,329.475,462.74,329.1,397,1282,366,1281,1372,1888
5660998,465.62,329.85,462.74,329.7,396,1285,366,1287,1371,1890
5661000,466.02,329.1,462.5,330.075,400,1277,364,1292,1374,1889
5661002,465.7,330.075,462.82,330.525,398,1288,368,1296,1373,1885
5661004,465.54,330.375,462.58,330,396,1291,365,1290,1374,1891
5661006,465.78,329.325,462.66,330.15,398,1279,366,1292,1373,1893
5661008,465.54,330.15,462.74,330,397,1289,367,1290,1368,1899
5661010,465.7,330.45,462.82,331.05,398,1292,369,1301,1374,1899
5661012,466.1,329.175,463.54,329.4,401,1278,374,1282,1375,1897
5661014,465.86,330.45,462.98,329.175,400,1292,369,1281,1372,1897
5661016,465.94,330.075,463.3,330.225,400,1287,373,1291,1375,1900
5661018,465.94,329.85,463.14,330.75,400,1285,372,1297,1371,1900
5661020,466.1,329.925,463.3,330.975,402,1286,374,1300,1372,1903
5661022,465.78,330.45,462.74,331.125,399,1292,368,1303,1375,1898
5661024,465.78,329.775,463.38,330.675,398,1285,373,1297,1372,1906
5661026,466.02,330.525,463.06,330.525,401,1292,370,1296,1375,1900
5661028,465.86,331.05,462.98,331.05,400,1298,370,1302,1376,1908
5661030,466.18,329.925,462.98,332.175,402,1286,371,1314,1373,1904
5661032,465.94,331.125,463.06,331.2,401,1299,370,1303,1371,1905
5661034,466.26,329.925,463.14,331.125,402,1286,371,1303,1375,1907
5661036,466.34,330.075,463.7,331.65,404,1288,378,1308,1373,1909
5661038,465.94,330.975,463.54,330.975,400,1298,375,1301,1373,1911
5661040,465.78,330.675,463.38,330.975,399,1295,374,1301,1376,1911
5661042,466.02,329.25,462.66,330.45,400,1280,366,1296,1374,1911
5661044,466.02,330,463.78,330.975,400,1288,378,1301,1373,1913
5661046,465.86,330.375,463.22,331.35,399,1292,372,1306,1376,1910
5661048,466.18,330,462.98,331.275,402,1288,370,1306,1375,1915
5661050,466.02,330.375,462.58,331.5,400,1293,366,1308,1375,1913
5661052,465.54,330.75,462.66,332.475,396,1297,367,1319,1378,1911
5661054,466.02,330.15,462.34,331.125,400,1290,362,1305,1374,1917
5661056,465.78,330.675,462.74,330.6,397,1297,366,1299,1377,1919
5661058,465.78,330.6,462.98,331.35,397,1296,368,1307,1377,1916
5661060,465.62,329.7,462.82,330.45,394,1287,365,1298,1378,1924
5661062,465.38,330.45,462.34,330.225,392,1295,360,1297,1377,1917
5661064,465.22,330.15,462.26,330.75,390,1293,360,1302,1380,1920
5661066,465.38,329.775,462.1,330.375,391,1288,358,1298,1381,1923
5661068,465.78,329.4,461.86,331.65,395,1284,356,1312,1378,1919
5661070,465.7,329.775,461.62,331.5,394,1288,353,1312,1377,1917
5661072,465.62,329.1,462.34,330.825,393,1281,360,1304,1377,1920
5661074,465.46,329.325,461.62,330.825,390,1284,352,1304,1381,1924
5661076,465.46,328.95,461.22,330.75,391,1280,348,1304,1386,1926
5661078,465.54,328.8,461.86,331.125,390,1278,354,1308,1383,1930
5661080,465.3,330.075,461.94,330.975,390,1293,355,1306,1381,1923
5661082,465.7,330.675,462.66,331.2,394,1299,363,1308,1381,1927
5661084,466.1,330.45,463.22,331.275,398,1296,368,1308,1382,1926
5661086,466.66,330,464.18,331.05,402,1291,377,1305,1380,1931
5661088,467.14,331.35,464.74,330.75,409,1305,383,1301,1379,1935
5661090,468.42,330.675,464.98,331.725,421,1296,386,1311,1384,1930
5661092,468.1,330,465.62,331.2,417,1289,392,1305,1381,1928
5661094,468.26,332.7,465.62,332.25,421,1318,393,1316,1383,1933
5661096,467.86,331.275,465.46,331.35,415,1303,390,1306,1385,1928
5661098,467.54,331.125,464.34,330.825,411,1302,377,1302,1380,1928
5661100,467.06,332.925,464.1,330.9,408,1322,374,1303,1386,1938
5661102,467.3,330.75,463.54,330.375,407,1298,368,1298,1384,1932
5661104,467.78,329.55,463.54,330.675,412,1285,368,1301,1387,1933
5661106,467.3,330.9,464.02,330.225,407,1299,373,1295,1384,1935
5661108,467.38,328.875,463.62,330.075,406,1277,368,1294,1386,1934
5661110,467.78,330.45,464.26,330.6,412,1293,375,1299,1385,1941
5661112,467.46,329.925,464.26,330.6,408,1288,375,1299,1391,1934
5661114,467.7,330.525,463.7,330.75,410,1294,369,1302,1388,1933
5661116,467.46,330.15,463.94,330.675,408,1291,371,1301,1386,1944
5661118,467.78,330.375,463.46,330.6,411,1292,366,1300,1385,1936
5661120,468.26,328.8,464.02,329.85,415,1275,371,1292,1384,1938
5661122,467.7,329.85,463.38,330.375,410,1287,365,1297,1386,1938
5661124,468.1,329.85,464.02,330.75,413,1287,371,1300,1389,1939
5661126,468.34,328.35,464.5,330.75,415,1270,377,1300,1385,1934
5661128,468.74,329.025,464.26,330.825,420,1276,374,1301,1392,1939
5661130,468.26,329.55,464.5,331.125,414,1283,377,1304,1390,1940
5661132,468.1,328.5,464.1,330.525,412,1272,372,1298,1387,1943
5661134,468.42,329.175,464.26,330.975,416,1278,375,1303,1392,1942
5661136,468.18,329.1,463.54,330.825,414,1278,366,1302,1390,1939
5661138,468.58,328.725,464.02,330.975,418,1274,372,1303,1391,1939
5661140,468.82,329.4,463.86,330.9,421,1280,371,1302,1391,1944
5661142,467.78,329.925,463.7,330.975,411,1287,370,1303,1394,1941
5661144,468.5,328.875,463.7,330.825,417,1276,369,1301,1390,1943
5661146,469.38,329.4,463.86,330.525,427,1280,371,1299,1395,1944
5661148,468.5,329.7,463.46,330.6,419,1284,367,1300,1394,1942
5661150,468.66,329.55,463.94,330.15,420,1283,371,1294,1390,1939
5661152,469.06,328.875,464.26,330.9,424,1275,375,1302,1396,1947
5661154,468.42,329.625,463.54,329.925,418,1284,367,1292,1391,1942
5661156,468.9,327.75,463.7,330.525,421,1263,370,1299,1391,1943
5661158,469.38,328.125,464.02,330.525,427,1266,373,1299,1396,1946
5661160,468.66,329.025,464.1,329.925,421,1277,373,1292,1390,1945
5661162,468.58,328.725,464.18,330.525,420,1274,375,1298,1394,1944
5661164,469.38,328.8,463.86,330.15,428,1274,372,1295,1394,1944
5661166,468.58,329.625,463.46,330.6,422,1284,369,1300,1393,1942
5661168,468.42,328.65,464.34,331.425,418,1273,379,1308,1393,1946
5661170,468.98,328.35,463.54,330.375,425,1269,370,1298,1395,1945
5661172,468.98,328.5,464.02,330.75,425,1271,375,1301,1395,1948
5661174,468.9,329.55,464.34,330.825,426,1283,379,1302,1396,1943
5661176,469.14,328.8,464.42,330.375,427,1275,379,1297,1398,1945
5661178,468.98,328.2,464.02,330.825,426,1269,377,1302,1395,1943
5661180,469.14,328.95,464.1,330.6,428,1277,376,1300,1397,1943
5661182,468.42,328.425,464.26,329.625,420,1272,378,1289,1395,1943
5661184,468.9,328.2,464.1,330.375,425,1268,377,1298,1397,1942
5661186,468.58,328.425,463.78,330.675,423,1272,375,1302,1400,1945
5661188,468.82,328.125,463.94,329.25,425,1268,374,1285,1394,1940
5661190,468.98,329.175,463.62,329.775,428,1279,373,1292,1402,1941
5661192,469.46,327.975,463.46,330,432,1266,371,1295,1398,1946
5661194,468.34,328.35,464.18,329.1,421,1271,378,1284,1392,1942
5661196,469.14,328.2,463.94,330.075,429,1269,377,1295,1398,1940
5661198,468.5,329.55,463.86,329.7,424,1284,375,1291,1400,1942
5661200,468.74,328.35,463.94,329.475,425,1271,376,1288,1395,1942
5661202,468.98,328.65,463.7,329.7,428,1274,375,1291,1398,1940
5661204,468.98,328.5,464.18,330.15,429,1272,379,1296,1400,1946
5661206,469.06,328.575,464.34,329.625,430,1273,381,1290,1394,1939
5661208,469.06,328.5,464.18,330.075,429,1273,380,1295,1398,1939
5661210,468.5,328.5,464.18,329.85,424,1273,380,1293,1393,1935
5661212,468.5,329.25,464.5,330,424,1281,384,1294,1397,1940
5661214,468.58,328.725,464.18,329.925,425,1276,380,1293,1393,1934
5661216,469.06,328.125,464.5,329.475,429,1268,383,1288,1395,1939
5661218,469.06,328.875,464.1,329.475,431,1277,379,1288,1397,1937
5661220,468.82,329.1,463.94,329.7,429,1279,378,1291,1395,1940
5661222,469.14,328.2,463.78,329.7,431,1269,377,1292,1396,1939
5661224,468.98,327.9,464.26,328.875,429,1266,381,1282,1397,1935
5661226,468.34,328.575,464.02,329.4,423,1274,378,1288,1397,1934
5661228,468.34,327.6,463.86,329.025,422,1264,377,1284,1393,1936
5661230,468.98,327.6,464.02,329.625,429,1263,379,1290,1394,1937
5661232,468.58,327.675,464.02,329.1,425,1264,379,1284,1391,1937
5661234,468.34,327.525,464.82,329.025,423,1262,387,1283,1394,1937
5661236,468.66,327.6,464.18,329.175,426,1263,380,1285,1397,1936
5661238,468.42,327.15,463.46,328.8,423,1259,372,1282,1391,1937
5661240,468.5,327.375,463.86,328.95,424,1260,377,1283,1394,1936
5661242,468.66,327.825,463.62,329.1,426,1265,375,1285,1398,1937
5661244,468.02,327.75,463.38,328.875,419,1265,371,1282,1394,1933
5661246,468.5,327.825,464.26,328.8,424,1266,381,1281,1389,1936
5661248,468.58,327.375,463.94,328.95,425,1260,378,1283,1392,1935
5661250,468.02,327.75,463.54,329.4,419,1265,374,1288,1392,1933
5661252,468.5,328.2,463.78,329.25,424,1269,376,1286,1391,1933
5661254,468.5,327.825,463.46,329.175,424,1265,373,1285,1394,1934
5661256,468.1,328.575,463.94,329.325,421,1274,378,1286,1391,1933
5661258,468.5,327.3,463.7,329.475,424,1259,375,1289,1389,1929
5661260,468.58,327.45,464.34,329.1,425,1262,382,1284,1394,1934
5661262,468.58,327.75,463.78,329.1,424,1265,376,1284,1388,1932
5661264,468.26,328.2,463.78,329.325,422,1270,376,1287,1389,1932
5661266,468.66,328.05,464.26,329.325,426,1268,381,1286,1390,1927
5661268,468.18,328.2,464.42,329.1,420,1269,382,1283,1389,1928
5661270,468.18,327.975,464.58,328.65,420,1267,382,1279,1390,1930
5661272,468.66,328.125,464.66,329.175,425,1268,384,1284,1393,1927
5661274,468.02,329.025,465.06,329.325,419,1279,388,1285,1391,1928
5661276,468.18,327.825,464.26,329.325,419,1266,380,1286,1393,1932
5661278,468.18,327.45,464.5,329.325,419,1261,382,1286,1389,1931
5661280,468.5,327.675,465.3,328.95,422,1263,390,1281,1391,1927
5661282,468.74,327.375,464.66,329.325,425,1260,384,1285,1389,1928
5661284,468.74,327.3,464.66,328.8,424,1259,383,1280,1391,1932
5661286,468.66,327.525,465.14,329.325,424,1262,389,1285,1392,1924
5661288,468.5,327.6,464.74,329.025,422,1263,384,1283,1393,1924
5661290,469.14,327.225,464.66,329.025,428,1259,383,1283,1392,1927
5661292,468.9,327.375,464.98,329.1,426,1260,387,1283,1391,1928
5661294,468.02,327.375,464.82,329.025,417,1261,385,1283,1390,1928
5661296,468.58,327.6,464.26,328.8,422,1263,378,1281,1390,1928
5661298,468.18,327.975,465.06,328.95,419,1268,387,1281,1391,1928
5661300,468.1,327.75,464.66,328.875,418,1265,382,1281,1388,1927
5661302,468.1,327.825,464.82,329.475,418,1266,385,1287,1387,1928
5661304,468.18,328.35,464.98,329.7,419,1272,387,1290,1391,1931
5661306,468.18,328.8,464.26,329.925,419,1276,379,1293,1387,1924
5661308,468.58,328.65,465.14,329.475,424,1275,388,1287,1391,1931
5661310,467.7,329.175,465.06,329.4,414,1281,387,1287,1390,1924
5661312,467.78,329.025,464.98,330.525,415,1280,388,1299,1390,1928
5661314,467.94,329.85,465.54,329.925,418,1289,393,1292,1384,1927
5661316,467.54,329.7,464.98,329.925,414,1287,387,1293,1389,1930
5661318,467.54,329.55,464.82,331.125,414,1286,386,1306,1382,1926
5661320,466.34,330.45,464.02,330.3,402,1297,378,1297,1379,1926
5661322,465.3,331.35,461.94,330.45,392,1307,356,1301,1381,1931
5661324,465.86,329.7,461.14,331.275,396,1289,348,1312,1386,1926
5661326,465.06,329.55,460.02,329.85,388,1288,335,1297,1386,1930
5661328,464.18,330.075,460.1,329.775,379,1295,336,1297,1385,1928
5661330,464.9,328.875,460.18,329.025,385,1281,335,1288,1386,1927
5661332,465.62,328.875,460.42,329.1,393,1280,338,1289,1380,1930
5661334,465.86,329.025,461.3,328.95,395,1282,347,1287,1388,1927
5661336,466.74,329.175,462.58,328.05,405,1283,360,1276,1385,1928
5661338,466.98,328.875,462.82,327.975,407,1279,362,1274,1383,1925
5661340,467.54,328.65,463.14,328.05,412,1277,366,1275,1386,1933
5661342,467.62,327.675,462.58,328.125,412,1266,360,1276,1385,1927
5661344,467.7,327.375,462.26,327.825,412,1263,356,1274,1387,1926
5661346,467.22,327.15,462.02,328.35,407,1261,354,1279,1384,1927
5661348,467.54,326.925,462.26,328.125,410,1258,356,1276,1388,1928
5661350,467.46,327.15,462.1,327.9,410,1261,354,1275,1385,1927
5661352,467.3,326.775,462.58,327.975,408,1257,359,1275,1386,1926
5661354,467.22,326.475,462.74,327.975,406,1253,361,1275,1388,1928
5661356,467.54,326.85,462.58,327.75,410,1258,359,1272,1385,1931
5661358,468.02,326.25,463.06,328.2,414,1250,364,1277,1389,1931
5661360,467.62,326.625,462.9,327.975,411,1255,363,1274,1385,1931
5661362,467.7,326.25,463.22,328.05,411,1251,365,1275,1386,1929
5661364,467.3,327.075,463.22,328.125,408,1260,365,1276,1386,1931
5661366,467.86,326.925,463.3,328.05,413,1258,366,1276,1386,1933
5661368,467.7,327.075,463.22,328.8,412,1260,366,1284,1387,1935
5661370,467.46,327.75,463.38,329.025,410,1268,368,1286,1387,1934
5661372,467.86,326.7,462.9,329.025,413,1256,363,1287,1382,1934
5661374,467.54,328.425,464.02,329.4,411,1275,375,1289,1385,1934
5661376,467.7,328.875,463.22,329.7,414,1280,367,1294,1389,1935
5661378,466.42,329.4,463.62,329.85,401,1287,372,1296,1386,1940
5661380,467.22,329.1,463.86,329.925,409,1284,374,1296,1389,1935
5661382,467.3,329.7,463.62,330.975,410,1290,373,1308,1382,1940
5661384,467.14,329.625,464.02,330.3,408,1290,376,1300,1388,1936
5661386,467.06,329.25,463.78,330.3,407,1286,374,1301,1387,1937
5661388,466.82,329.625,463.7,330.375,404,1290,372,1302,1384,1941
5661390,466.9,330.375,463.94,330.675,407,1299,376,1305,1385,1939
5661392,467.3,329.025,464.26,330.3,409,1283,378,1301,1391,1940
5661394,467.3,330.3,464.1,330.375,410,1298,377,1302,1384,1943
5661396,467.22,330.375,464.1,330,410,1299,376,1298,1388,1943
5661398,467.46,330.15,464.34,330.75,411,1296,379,1306,1387,1939
5661400,467.46,329.4,463.86,330.6,410,1289,374,1306,1388,1948
5661402,467.22,330.45,464.02,329.925,409,1301,375,1299,1388,1947
5661404,467.22,329.325,464.5,330.075,408,1288,380,1300,1386,1942
5661406,467.3,329.775,463.78,329.325,409,1294,372,1292,1388,1943
5661408,467.22,328.95,464.18,330.075,408,1284,377,1301,1393,1945
5661410,467.54,329.175,463.78,329.325,411,1287,372,1292,1387,1945
5661412,467.46,329.025,464.02,330,410,1286,375,1300,1388,1947
5661414,467.78,328.575,463.86,329.85,413,1280,373,1298,1389,1943
5661416,467.3,328.725,463.38,330.375,408,1283,368,1305,1391,1950
5661418,467.7,328.95,463.3,329.7,412,1284,367,1297,1391,1947
5661420,466.9,327.9,463.62,329.325,402,1273,370,1293,1391,1946
5661422,466.82,327.15,463.38,329.7,401,1265,367,1297,1390,1947
5661424,466.82,327.375,463.06,329.55,401,1268,363,1295,1392,1951
5661426,466.98,328.125,463.22,329.85,403,1276,365,1298,1390,1950
5661428,467.06,327.225,462.9,330.075,403,1265,362,1301,1394,1952
5661430,466.58,327.3,463.3,329.1,398,1267,365,1290,1394,1950
5661432,466.74,326.85,463.06,329.625,398,1261,363,1295,1393,1951
5661434,466.34,327.75,462.82,329.1,395,1271,359,1289,1396,1952
5661436,466.26,327.375,463.3,329.55,394,1267,366,1294,1391,1955
5661438,465.78,326.625,462.98,330.15,388,1258,362,1300,1396,1952
5661440,465.78,327.3,462.66,329.4,389,1266,358,1292,1393,1953
5661442,466.42,327.525,462.82,330,395,1267,359,1298,1393,1955
5661444,465.94,327.15,462.66,329.925,389,1263,358,1297,1395,1955
5661446,465.38,327.075,462.66,329.925,383,1262,358,1296,1401,1956
5661448,464.98,327.6,463.06,329.925,380,1269,362,1296,1397,1955
5661450,465.22,327.225,462.9,330.6,381,1263,360,1302,1397,1956
5661452,464.9,326.55,463.14,329.7,377,1256,362,1292,1396,1959
5661454,465.3,327.375,462.82,330.15,382,1264,359,1297,1399,1955
5661456,464.66,326.475,462.82,330.075,373,1255,358,1296,1399,1955
5661458,464.98,327.075,462.9,330.375,377,1261,359,1299,1398,1958
5661460,464.82,327.675,462.98,329.85,376,1268,359,1293,1401,1959
5661462,464.9,327.225,463.14,330.225,376,1262,361,1296,1400,1957
5661464,465.14,327.225,463.14,330.675,378,1262,361,1301,1398,1966
5661466,465.3,327.525,462.82,330.45,380,1264,357,1299,1402,1958
5661468,464.82,327.375,463.46,331.05,375,1263,364,1304,1401,1962
5661470,465.38,326.4,463.22,331.05,379,1251,362,1304,1405,1963
5661472,465.06,326.4,463.3,330.525,376,1251,362,1298,1403,1964
5661474,464.9,328.05,462.98,331.05,375,1269,359,1304,1402,1960
5661476,465.06,328.425,463.14,331.05,377,1273,360,1303,1407,1965
5661478,465.46,327,463.54,330.975,380,1256,364,1302,1405,1963
5661480,464.98,328.575,463.38,331.05,376,1274,362,1303,1407,1966
5661482,465.78,327.675,463.22,331.35,383,1263,360,1306,1405,1964
5661484,465.46,327.825,463.78,331.575,381,1265,367,1308,1404,1964
5661486,465.46,328.575,463.86,331.425,381,1273,367,1306,1406,1967
5661488,465.54,328.275,463.3,332.1,382,1270,362,1313,1407,1967
5661490,465.54,329.775,464.02,331.575,384,1286,369,1307,1410,1968
5661492,465.78,327.9,464.42,331.05,384,1266,373,1301,1408,1971
5661494,465.54,328.875,464.34,331.725,383,1276,373,1308,1405,1966
5661496,465.78,329.7,463.86,331.8,386,1285,368,1310,1418,1968
5661498,466.82,328.575,464.02,331.65,396,1272,370,1309,1405,1969
5661500,466.34,328.65,464.82,331.8,391,1274,378,1309,1411,1972
5661502,466.66,329.25,464.02,331.35,395,1280,370,1305,1417,1968
5661504,466.98,328.875,464.42,332.1,398,1275,374,1313,1410,1971
5661506,466.1,329.475,464.98,331.8,390,1283,380,1310,1416,1972
5661508,466.74,329.1,464.74,331.275,397,1278,377,1304,1417,1975
5661510,466.18,328.95,465.06,331.65,391,1278,381,1308,1414,1973
5661512,467.38,328.875,465.06,331.875,403,1276,382,1311,1414,1978
5661514,467.14,330.375,464.98,332.25,403,1293,382,1316,1417,1972
5661516,467.54,329.7,465.14,332.175,406,1285,384,1315,1416,1976
5661518,466.66,329.925,465.14,332.025,398,1289,385,1313,1417,1977
5661520,467.22,330.375,465.38,332.25,405,1294,387,1316,1419,1974
5661522,467.62,331.35,465.3,331.875,411,1304,387,1313,1423,1976
5661524,467.22,329.325,465.7,332.475,405,1283,392,1319,1419,1979
5661526,467.14,330.675,465.78,332.55,406,1299,393,1320,1420,1980
5661528,467.54,330.9,465.54,332.85,410,1301,391,1323,1420,1978
5661530,466.66,329.775,465.94,332.4,400,1290,396,1319,1419,1981
5661532,467.46,331.125,465.78,332.4,411,1304,394,1320,1423,1981
5661534,467.38,330.525,465.7,331.95,410,1298,393,1315,1423,1980
5661536,466.5,330.9,466.02,332.325,401,1303,398,1319,1424,1982
5661538,467.06,331.05,465.7,332.25,408,1305,395,1319,1426,1981
5661540,467.06,331.725,465.94,332.1,409,1312,397,1317,1426,1981
5661542,466.66,330.6,466.02,332.625,404,1302,399,1324,1426,1978
5661544,467.3,330.225,465.14,332.1,410,1297,390,1319,1424,1983
5661546,466.82,330.9,465.54,332.475,407,1306,396,1324,1426,1980
5661548,466.34,330.45,465.7,332.325,402,1301,397,1322,1425,1985
5661550,466.34,330.825,465.7,332.325,404,1306,398,1323,1433,1985
5661552,466.34,330.3,465.78,332.025,403,1300,399,1319,1428,1983
5661554,466.42,331.8,465.3,332.325,406,1317,395,1324,1427,1983
5661556,466.66,331.05,465.78,332.1,407,1308,400,1321,1427,1985
5661558,466.42,331.125,465.46,331.95,406,1310,397,1320,1429,1984
5661560,466.26,330.6,465.38,331.875,404,1304,396,1319,1433,1982
5661562,466.66,330.9,464.98,331.875,409,1308,393,1321,1428,1985
5661564,466.34,331.125,465.38,332.025,406,1310,397,1321,1432,1982
5661566,465.86,330.825,465.3,331.875,401,1308,397,1321,1432,1989
5661568,466.1,330.9,465.06,331.725,404,1309,394,1319,1430,1983
5661570,466.26,330.825,464.74,331.425,406,1308,391,1317,1431,1982
5661572,465.78,331.35,464.98,331.575,401,1315,393,1317,1432,1986
5661574,465.3,329.7,464.98,331.425,395,1297,393,1316,1435,1983
5661576,465.54,330.45,465.06,331.275,399,1305,394,1314,1435,1987
5661578,465.46,329.625,464.74,331.65,397,1296,392,1319,1435,1984
5661580,465.22,330,464.82,331.35,395,1301,392,1315,1436,1983
5661582,465.3,330,464.66,330.9,396,1301,390,1311,1437,1983
5661584,465.3,329.85,464.1,331.05,396,1299,385,1313,1433,1983
5661586,465.3,328.725,464.9,331.275,395,1286,393,1315,1435,1989
5661588,465.38,329.4,464.34,330.525,397,1294,387,1306,1433,1986
5661590,464.98,329.7,464.02,330.75,393,1296,384,1309,1435,1981
5661592,465.22,329.775,463.62,330.675,395,1297,379,1308,1437,1987
5661594,464.98,329.4,463.86,330.9,392,1293,382,1310,1436,1982
5661596,464.58,329.55,463.86,330.525,388,1295,381,1307,1437,1982
5661598,465.22,329.1,463.86,331.125,394,1290,381,1312,1434,1985
5661600,464.98,329.4,464.18,331.35,392,1292,386,1314,1437,1985
5661602,464.9,329.475,464.18,331.125,390,1293,385,1312,1436,1985
5661604,465.14,330,463.94,331.05,393,1298,382,1311,1439,1986
5661606,464.9,330,463.38,331.05,391,1299,376,1312,1438,1986
5661608,464.66,330.15,463.46,331.875,388,1300,377,1321,1437,1983
5661610,464.66,330.375,462.98,331.875,388,1303,372,1321,1438,1983
5661612,464.82,330.675,462.9,332.025,390,1306,371,1323,1441,1984
5661614,464.58,331.2,463.3,332.025,388,1311,376,1322,1443,1984
5661616,464.18,329.775,462.5,332.025,382,1297,367,1323,1437,1986
5661618,464.74,331.2,463.06,332.4,389,1311,373,1326,1442,1985
5661620,464.34,330.075,463.06,332.25,384,1300,373,1324,1437,1983
5661622,464.5,331.05,463.3,332.1,386,1310,374,1322,1444,1985
5661624,464.58,330.825,462.82,332.1,387,1307,370,1323,1443,1981
5661626,464.18,331.125,463.14,331.875,383,1311,372,1320,1440,1982
5661628,464.66,330.45,462.34,331.95,387,1303,364,1322,1440,1983
5661630,465.06,330.975,463.22,332.025,391,1308,373,1322,1440,1984
5661632,464.9,330.975,463.14,332.25,389,1309,373,1324,1444,1983
5661634,464.98,330.6,463.06,332.025,390,1305,371,1322,1442,1977
5661636,464.66,331.875,463.7,331.725,388,1319,377,1318,1439,1988
5661638,464.42,331.725,463.22,331.95,384,1317,372,1321,1440,1982
5661640,464.9,331.275,463.14,331.95,389,1312,371,1321,1443,1980
5661642,464.74,331.725,462.9,331.8,388,1318,369,1320,1440,1981
5661644,465.06,331.65,463.62,332.1,391,1317,376,1323,1437,1985
5661646,464.74,331.725,463.14,332.4,387,1318,371,1327,1441,1984
5661648,465.06,331.575,463.54,332.55,391,1316,376,1328,1445,1984
5661650,464.82,331.275,463.3,332.475,388,1313,374,1328,1444,1983
5661652,464.9,331.875,462.9,332.475,390,1319,369,1328,1444,1981
5661654,464.82,332.25,462.82,332.625,390,1324,369,1330,1444,1984
5661656,464.66,332.475,463.38,332.25,388,1327,375,1326,1441,1979
5661658,464.82,332.625,462.74,332.025,389,1328,368,1324,1444,1978
5661660,464.5,332.55,462.82,332.625,387,1329,369,1331,1444,1981
5661662,464.1,333.225,463.78,332.85,383,1336,379,1333,1442,1979
5661664,464.34,332.55,463.22,332.7,384,1329,373,1331,1438,1977
5661666,464.66,332.625,463.06,332.7,388,1330,372,1332,1442,1978
5661668,464.5,332.7,463.46,332.475,386,1331,375,1330,1439,1975
5661670,464.66,333.9,462.9,332.175,390,1344,370,1327,1444,1978
5661672,464.26,333.3,462.66,333.375,385,1338,369,1341,1440,1976
5661674,465.06,333.15,463.46,334.125,394,1336,378,1348,1439,1975
5661676,464.58,332.925,463.86,333.675,388,1334,382,1344,1442,1974
5661678,465.54,334.05,464.5,333.15,400,1346,388,1338,1438,1972
5661680,466.34,334.2,464.9,333.975,408,1347,393,1346,1438,1972
5661682,466.66,333.225,465.3,332.85,411,1336,396,1334,1437,1977
5661684,467.14,333.675,465.38,332.7,416,1341,397,1332,1439,1975
5661686,467.54,333.975,465.62,332.4,420,1344,399,1329,1438,1974
5661688,466.9,332.625,465.14,331.8,413,1330,393,1323,1441,1972
5661690,466.74,332.625,464.66,330.975,411,1331,387,1315,1443,1969
5661692,466.74,332.625,464.18,331.125,411,1330,382,1317,1442,1973
5661694,466.34,332.1,464.1,331.05,406,1326,381,1317,1440,1971
5661696,466.26,331.95,464.02,331.2,405,1324,380,1319,1439,1968
5661698,466.42,332.325,463.22,330.975,407,1328,372,1318,1440,1970
5661700,466.42,331.575,463.86,331.35,406,1320,379,1321,1440,1967
5661702,466.18,331.725,463.7,331.05,404,1322,377,1318,1437,1965
5661704,466.66,332.175,463.7,331.425,409,1327,377,1322,1439,1967
5661706,466.42,331.575,462.58,330.9,406,1321,365,1318,1436,1967
5661708,466.66,331.5,462.58,331.2,408,1319,365,1321,1436,1965
5661710,466.1,331.725,463.14,331.575,402,1323,371,1324,1436,1965
5661712,466.42,330.675,462.9,330.825,405,1311,368,1317,1433,1967
5661714,466.82,330.675,463.22,331.05,408,1311,372,1318,1436,1964
5661716,466.42,331.95,463.22,331.65,406,1324,372,1325,1437,1962
5661718,466.66,330.9,463.22,331.275,407,1313,372,1321,1437,1962
5661720,466.26,330.45,462.58,331.35,403,1308,365,1322,1438,1963
5661722,466.1,330.9,462.74,330.825,401,1313,366,1316,1438,1962
5661724,465.78,330.225,462.66,330.675,398,1306,365,1315,1439,1961
5661726,466.5,330.525,462.34,330.675,405,1308,361,1314,1433,1961
5661728,465.86,330.15,462.58,331.05,398,1305,365,1318,1433,1967
5661730,466.1,330.825,462.5,330.9,402,1311,364,1316,1439,1962
5661732,466.26,330.45,462.26,330.9,403,1307,361,1316,1439,1962
5661734,466.5,330.225,462.66,330.9,406,1303,366,1315,1432,1961
5661736,467.06,330.375,462.66,330.6,411,1305,366,1312,1429,1959
5661738,467.14,329.85,462.26,330.525,412,1298,361,1311,1430,1959
5661740,466.9,330.825,462.42,330.975,410,1309,363,1316,1430,1960
5661742,466.98,329.775,462.58,331.2,409,1297,365,1317,1429,1959
5661744,466.9,330.225,462.5,330.225,410,1302,363,1307,1426,1959
5661746,467.22,329.625,462.5,330.45,412,1294,364,1308,1424,1957
5661748,467.14,331.35,462.5,331.575,413,1313,365,1321,1432,1957
5661750,467.38,330,462.5,331.275,414,1298,364,1317,1427,1955
5661752,466.5,330.3,462.66,331.35,405,1302,366,1318,1429,1958
5661754,467.54,330.9,462.18,331.2,416,1307,361,1316,1424,1954
5661756,467.38,330.975,462.98,331.35,415,1308,369,1317,1430,1956
5661758,467.86,330.825,462.82,330.975,420,1305,367,1313,1424,1954
5661760,467.7,331.725,462.82,330.675,419,1316,366,1310,1423,1951
5661762,467.46,331.65,463.06,331.2,416,1314,369,1315,1424,1949
5661764,467.78,331.2,462.66,330.75,419,1309,364,1310,1424,1951
5661766,467.86,332.4,462.1,331.95,421,1322,359,1323,1423,1946
5661768,467.94,331.95,463.06,331.5,421,1317,369,1318,1418,1946
5661770,467.86,331.35,462.82,331.5,420,1311,367,1317,1422,1949
5661772,468.18,332.4,462.58,330.975,424,1322,363,1312,1422,1941
5661774,468.26,331.575,463.3,332.625,424,1312,373,1329,1423,1945
5661776,468.66,330.975,463.14,331.95,428,1306,371,1322,1418,1945
5661778,468.18,331.575,463.54,331.725,422,1313,374,1319,1419,1943
5661780,468.34,331.5,462.82,332.175,424,1312,367,1325,1420,1945
5661782,468.5,332.025,463.06,331.95,426,1318,369,1322,1420,1940
5661784,467.86,332.1,463.22,331.575,419,1319,370,1318,1419,1940
5661786,468.5,332.025,463.14,331.65,426,1318,369,1319,1420,1936
5661788,468.18,332.7,463.46,331.95,424,1325,373,1322,1415,1934
5661790,468.34,332.775,463.46,332.925,425,1325,375,1333,1415,1931
5661792,468.18,332.625,463.78,331.65,423,1325,377,1319,1412,1930
5661794,468.18,333,463.46,332.25,424,1329,374,1326,1412,1930
5661796,468.9,331.35,463.62,332.4,430,1310,376,1327,1408,1931
5661798,468.26,331.05,463.06,332.4,423,1308,370,1328,1416,1928
5661800,468.42,332.175,463.86,332.85,427,1320,379,1332,1411,1924
5661802,467.78,332.25,463.62,333.3,419,1321,377,1338,1409,1926
5661804,467.86,333.375,463.78,332.775,422,1334,378,1331,1416,1929
5661806,467.78,332.85,463.7,333.3,420,1328,377,1337,1411,1922
5661808,468.26,332.85,463.46,333.3,426,1327,375,1338,1410,1918
5661810,468.18,332.7,463.78,332.25,424,1327,377,1327,1411,1918
5661812,468.42,331.8,463.86,332.475,426,1317,379,1329,1406,1918
5661814,468.58,332.55,463.78,333.3,429,1325,379,1338,1410,1918
5661816,468.34,332.7,463.3,332.925,426,1327,373,1334,1409,1918
5661818,468.66,332.1,463.14,332.475,428,1320,371,1330,1406,1914
5661820,468.5,332.1,463.3,332.775,427,1320,373,1334,1408,1914
5661822,468.66,332.1,462.98,332.325,429,1321,369,1329,1406,1914
5661824,468.18,332.025,463.06,332.925,424,1320,371,1335,1404,1910
5661826,468.42,330.75,463.3,332.25,425,1307,373,1329,1407,1911
5661828,468.34,330.75,463.38,332.475,424,1307,373,1331,1402,1910
5661830,468.1,331.5,463.06,332.85,422,1315,371,1336,1406,1909
5661832,468.34,330.975,463.06,332.4,425,1310,371,1331,1401,1908
5661834,468.34,330.975,463.54,332.7,424,1310,375,1334,1403,1904
5661836,468.18,329.625,462.9,332.475,421,1296,368,1332,1397,1908
5661838,468.1,330.075,463.22,332.55,421,1301,372,1332,1400,1902
5661840,467.94,329.1,463.14,332.325,418,1291,370,1330,1398,1905
5661842,467.62,331.05,462.66,332.1,416,1312,365,1329,1399,1906
5661844,467.86,330.375,463.22,332.025,418,1305,371,1327,1400,1905
5661846,467.54,329.625,462.74,332.1,414,1297,366,1329,1394,1905
5661848,467.86,329.7,462.82,331.5,417,1297,366,1322,1391,1904
5661850,467.46,329.55,463.22,332.25,413,1296,370,1330,1395,1901
5661852,467.78,329.1,463.22,331.575,415,1291,370,1323,1393,1904
5661854,467.7,329.55,462.9,331.2,415,1296,366,1319,1397,1903
5661856,467.46,328.5,463.14,331.8,411,1285,369,1326,1394,1895
5661858,467.86,328.275,463.46,331.8,415,1282,373,1325,1392,1897
5661860,467.54,329.325,462.42,331.5,412,1294,361,1323,1392,1898
5661862,467.54,328.65,462.9,331.8,411,1287,366,1326,1391,1895
5661864,467.78,327.525,462.58,330.975,413,1274,362,1317,1387,1891
5661866,467.54,328.95,462.74,330.525,412,1290,363,1312,1395,1895
5661868,466.9,328.725,463.14,331.725,405,1288,368,1324,1395,1895
5661870,467.78,328.35,463.3,331.65,414,1283,370,1323,1391,1894
5661872,467.7,329.7,462.58,331.425,414,1297,361,1322,1391,1889
5661874,468.1,328.275,462.66,331.275,416,1282,362,1320,1387,1888
5661876,468.02,328.875,462.66,331.125,416,1288,362,1319,1390,1885
5661878,467.38,329.1,463.3,330.975,409,1291,368,1316,1392,1885
5661880,467.7,329.25,462.9,331.275,412,1293,364,1320,1390,1890
5661882,467.54,329.025,462.82,331.725,410,1290,364,1324,1390,1887
5661884,467.86,328.875,463.06,331.875,413,1288,366,1326,1391,1888
5661886,467.46,329.85,463.06,331.65,410,1299,365,1324,1389,1889
5661888,467.86,329.325,462.82,332.1,413,1293,364,1328,1388,1888
5661890,467.78,329.325,462.74,331.425,413,1293,362,1321,1388,1885
5661892,468.18,328.65,463.06,331.05,416,1285,365,1317,1391,1886
5661894,468.02,329.175,462.98,331.95,415,1291,365,1327,1387,1885
5661896,467.3,329.1,462.74,331.725,407,1291,362,1324,1388,1881
5661898,467.86,328.575,462.74,331.575,412,1285,362,1323,1384,1881
5661900,467.78,328.5,463.22,332.7,411,1284,367,1334,1387,1882
5661902,467.94,328.425,462.66,331.8,413,1283,361,1325,1385,1877
5661904,467.38,329.85,463.14,332.85,409,1299,367,1336,1386,1885
5661906,467.78,329.325,462.42,332.475,412,1292,359,1333,1386,1879
5661908,467.94,329.4,463.14,331.95,414,1294,367,1326,1390,1881
5661910,468.02,329.7,462.98,332.4,415,1297,365,1331,1389,1880
5661912,468.18,329.175,463.94,332.25,417,1291,375,1329,1389,1878
5661914,468.5,329.625,464.5,333.15,420,1295,382,1337,1388,1881
5661916,469.62,329.775,464.98,332.925,432,1296,387,1335,1390,1877
5661918,471.54,328.875,465.3,332.55,452,1284,390,1331,1387,1882
5661920,471.94,329.325,466.26,332.7,457,1289,400,1331,1394,1875
5661922,472.98,329.1,467.3,332.25,467,1284,411,1325,1389,1872
5661924,472.82,330.45,466.98,331.95,467,1299,407,1322,1389,1869
5661926,472.74,329.775,466.82,331.5,466,1293,405,1317,1389,1870
5661928,472.9,330.15,466.98,331.575,468,1296,407,1318,1390,1870
5661930,473.54,329.925,467.46,332.25,475,1293,413,1325,1388,1869
5661932,473.54,330.75,467.22,331.575,476,1302,410,1318,1387,1868
5661934,473.94,330.9,467.3,332.1,480,1303,412,1323,1391,1867
5661936,474.18,329.475,467.54,331.95,482,1288,414,1322,1384,1870
5661938,474.1,330.975,467.54,332.475,482,1304,415,1327,1386,1869
5661940,473.62,329.925,467.54,332.1,476,1293,414,1323,1391,1867
5661942,473.54,329.4,467.54,332.625,475,1288,415,1329,1385,1866
5661944,473.06,330.825,467.3,331.725,472,1304,413,1320,1392,1863
5661946,473.14,329.175,466.9,332.55,472,1286,409,1329,1389,1869
5661948,472.98,329.475,467.46,332.7,470,1289,415,1330,1385,1870
5661950,473.14,329.925,467.06,332.55,473,1293,412,1329,1390,1863
5661952,473.3,329.925,467.62,333.225,474,1294,418,1335,1391,1870
5661954,472.82,329.55,467.46,333.375,469,1290,417,1337,1390,1866
5661956,473.06,329.1,467.3,333.15,471,1285,415,1335,1389,1862
5661958,473.06,330.3,467.38,332.925,472,1298,416,1332,1388,1863
5661960,473.22,329.25,467.38,332.025,474,1287,414,1323,1384,1866
5661962,472.74,329.775,467.38,332.1,469,1293,415,1324,1387,1864
5661964,472.74,329.4,467.38,331.875,469,1289,414,1322,1392,1864
5661966,472.98,329.85,467.14,332.4,472,1293,414,1328,1387,1861
5661968,472.9,328.875,467.22,332.25,470,1283,414,1326,1388,1864
5661970,473.22,329.7,467.14,332.625,475,1292,414,1330,1390,1861
5661972,473.14,329.55,467.38,332.925,474,1290,417,1333,1385,1862
5661974,473.54,329.4,467.38,332.325,479,1288,416,1327,1388,1860
5661976,473.14,329.175,466.9,332.55,474,1286,412,1330,1388,1866
5661978,473.06,329.55,467.46,332.775,474,1291,418,1332,1391,1866
5661980,472.98,328.8,467.06,333.15,473,1282,414,1336,1387,1865
5661982,472.9,330.15,467.22,333.9,473,1297,417,1344,1388,1865
5661984,473.14,328.65,467.14,332.85,474,1281,416,1333,1385,1863
5661986,472.5,329.1,467.06,333.225,468,1287,415,1337,1386,1866
5661988,472.82,329.4,467.3,332.55,473,1289,417,1330,1388,1864
5661990,472.5,328.65,466.74,332.925,468,1282,412,1334,1389,1861
5661992,472.74,328.275,466.9,332.55,470,1278,413,1330,1387,1859
5661994,472.66,329.925,466.9,332.625,472,1295,413,1331,1388,1859
5661996,472.58,328.65,466.5,332.55,469,1281,410,1330,1389,1864
5661998,472.9,328.65,466.9,333.825,472,1281,415,1344,1385,1864
5662000,472.34,329.025,466.9,333,467,1286,414,1335,1389,1864
5662002,472.66,328.875,466.34,333,470,1284,408,1335,1388,1861
5662004,472.42,329.55,466.34,332.175,469,1291,408,1327,1393,1867
5662006,472.74,329.25,466.98,332.85,472,1288,415,1333,1392,1860
5662008,472.82,328.875,466.98,333.075,473,1284,416,1336,1390,1864
5662010,472.42,329.775,466.58,332.925,470,1294,411,1334,1390,1861
5662012,472.66,329.175,466.74,333.525,471,1287,414,1341,1389,1863
5662014,472.66,329.4,466.5,333.3,472,1289,411,1338,1390,1863
5662016,472.58,328.8,466.42,332.475,470,1283,409,1329,1389,1867
5662018,472.5,329.475,466.18,333.3,470,1290,408,1339,1393,1859
5662020,473.14,329.55,466.82,333.6,477,1291,415,1341,1392,1867
5662022,472.66,330.075,466.66,333.375,472,1297,413,1339,1390,1866
5662024,472.82,329.775,466.9,334.2,474,1293,416,1348,1394,1870
5662026,472.5,330.525,466.66,333.375,471,1302,413,1339,1393,1866
5662028,472.42,329.775,466.74,333.15,470,1293,413,1337,1394,1868
5662030,472.34,329.7,466.74,333.45,469,1293,414,1339,1394,1866
5662032,472.42,329.625,466.58,333.15,469,1292,412,1336,1394,1871
5662034,472.42,328.875,466.74,334.875,469,1284,415,1355,1393,1866
5662036,472.5,329.7,466.82,333.975,470,1293,415,1345,1394,1872
5662038,472.42,330,466.58,333.75,470,1296,412,1344,1396,1869
5662040,472.34,329.025,466.18,334.5,469,1285,409,1352,1391,1869
5662042,472.26,329.55,466.26,333.15,468,1291,409,1337,1394,1872
5662044,471.94,329.4,466.18,333.525,464,1291,408,1341,1399,1871
5662046,472.34,330,466.74,334.275,470,1296,415,1349,1395,1869
5662048,472.34,329.325,466.18,333.9,468,1289,409,1346,1392,1874
5662050,472.42,328.8,465.94,334.5,469,1283,407,1352,1392,1869
5662052,472.18,329.775,466.58,334.2,468,1294,413,1348,1397,1872
5662054,472.5,329.25,466.34,333.45,470,1288,410,1340,1399,1874
5662056,472.42,329.775,466.18,334.05,470,1293,409,1347,1399,1876
5662058,472.02,329.475,466.34,334.125,465,1291,411,1348,1399,1877
5662060,472.02,329.325,466.18,333.45,465,1289,408,1341,1397,1877
5662062,472.02,328.725,466.26,332.775,465,1283,409,1333,1400,1873
5662064,471.94,328.5,466.34,333.15,464,1281,410,1337,1393,1875
5662066,472.42,329.25,466.02,333.375,469,1288,406,1340,1398,1876
5662068,472.18,328.8,466.34,333.75,466,1284,410,1344,1399,1876
5662070,472.26,329.1,466.58,333.75,467,1287,412,1343,1397,1874
5662072,473.06,329.55,466.1,333.9,476,1291,407,1345,1399,1882
5662074,472.58,328.65,466.34,334.05,470,1282,410,1346,1397,1874
5662076,472.58,329.475,466.1,333.15,471,1290,406,1337,1405,1882
5662078,472.74,329.1,466.5,333.675,471,1286,410,1342,1403,1880
5662080,472.66,330.45,466.18,334.125,472,1300,408,1347,1403,1879
5662082,472.66,329.85,466.18,333.6,471,1294,407,1342,1402,1882
5662084,472.58,328.875,466.34,333.525,469,1284,409,1341,1398,1880
5662086,473.62,328.875,466.82,334.125,481,1282,414,1346,1403,1876
5662088,472.66,329.325,466.18,332.925,471,1288,406,1335,1404,1883
5662090,473.38,329.475,466.42,333.675,478,1289,409,1342,1405,1881
5662092,473.46,328.875,466.1,334.05,478,1282,406,1346,1403,1882
5662094,472.82,329.475,466.82,333.6,472,1290,413,1341,1409,1882
5662096,472.5,328.65,466.74,333.675,468,1281,412,1342,1406,1881
5662098,473.14,329.175,466.5,334.05,474,1286,410,1346,1405,1883
5662100,473.3,328.8,466.18,332.55,476,1282,404,1330,1406,1888
5662102,473.54,329.25,466.66,333.375,478,1287,410,1339,1407,1884
5662104,473.38,329.7,466.34,333.075,477,1291,406,1335,1409,1891
5662106,473.06,329.475,465.78,333.825,473,1289,401,1344,1408,1887
5662108,473.06,330.75,466.02,333.75,474,1303,403,1344,1414,1890
5662110,472.9,330.225,466.18,333.6,472,1297,405,1342,1410,1891
5662112,473.06,330.75,466.34,334.05,474,1303,407,1346,1411,1893
5662114,472.98,330.6,466.26,334.125,473,1301,406,1348,1414,1892
5662116,472.5,330.3,465.94,333.975,467,1299,402,1346,1413,1899
5662118,471.46,331.8,465.46,334.425,457,1317,397,1352,1414,1892
5662120,470.26,331.575,464.1,334.8,445,1315,383,1357,1415,1901
5662122,469.3,333.375,463.22,335.85,436,1336,374,1370,1421,1901
5662124,468.42,332.55,461.54,335.625,426,1328,357,1369,1417,1903
5662126,467.22,333.825,460.26,336.375,415,1343,344,1378,1418,1903
5662128,465.22,333.75,459.54,335.775,393,1344,336,1373,1419,1904
5662130,464.9,333.075,459.62,336.225,390,1338,337,1378,1419,1908
5662132,465.06,334.05,459.7,336,392,1348,338,1376,1418,1909
5662134,466.26,334.125,459.86,335.775,405,1348,339,1373,1419,1909
5662136,466.9,333.225,460.58,336,410,1337,347,1375,1424,1912
5662138,467.78,333.075,460.66,335.625,420,1336,348,1371,1423,1916
5662140,468.58,332.775,461.22,334.8,428,1331,353,1361,1423,1918
5662142,468.34,333.075,461.06,334.35,425,1335,350,1357,1424,1915
5662144,469.06,332.625,461.3,334.65,432,1329,353,1360,1426,1920
5662146,469.06,333,461.46,334.8,433,1334,355,1361,1426,1923
5662148,469.14,331.5,461.3,333.3,432,1317,352,1345,1424,1920
5662150,468.98,331.575,461.7,333.675,430,1319,356,1349,1427,1922
5662152,468.82,331.575,461.3,333.525,429,1318,352,1348,1429,1926
5662154,469.3,329.7,461.14,332.625,432,1298,349,1339,1426,1921
5662156,469.14,330.525,461.46,333.6,431,1307,353,1349,1427,1923
5662158,469.46,329.1,460.42,332.925,433,1291,342,1343,1428,1928
5662160,469.22,329.55,460.9,332.7,431,1296,347,1339,1426,1928
5662162,469.22,329.55,460.9,332.55,432,1296,347,1337,1425,1934
5662164,469.78,329.1,461.14,332.55,437,1290,349,1338,1430,1935
5662166,469.62,330.3,461.38,332.4,436,1303,352,1335,1431,1930
5662168,469.7,330.225,460.9,333,437,1303,347,1343,1433,1932
5662170,469.46,330.975,461.06,332.625,435,1311,349,1338,1430,1935
5662172,469.3,331.35,460.66,332.85,434,1315,345,1341,1434,1939
5662174,469.78,330.9,461.46,333.9,438,1310,354,1352,1436,1936
5662176,469.54,331.05,461.86,333.3,436,1312,358,1345,1439,1937
5662178,469.46,330.825,461.22,333.675,435,1310,351,1349,1434,1940
5662180,469.54,330.375,461.46,333.15,435,1305,353,1343,1434,1940
5662182,469.46,331.425,461.54,333.15,436,1316,354,1344,1432,1941
5662184,470.18,330.9,461.38,333.825,443,1310,353,1351,1436,1944
5662186,469.78,330.675,461.46,333.6,438,1308,353,1348,1437,1943
5662188,469.3,331.95,461.46,333.15,434,1322,353,1344,1440,1944
5662190,470.02,331.5,461.78,333.45,441,1317,357,1347,1442,1947
5662192,469.7,332.175,461.38,333.6,439,1324,352,1349,1439,1948
5662194,469.78,332.325,461.7,334.575,439,1326,357,1359,1444,1948
5662196,469.94,332.25,462.34,332.85,441,1324,362,1340,1444,1953
5662198,470.26,332.325,462.5,332.775,444,1326,363,1339,1442,1952
5662200,470.26,332.4,461.78,332.175,444,1326,355,1333,1444,1958
5662202,469.54,331.95,461.78,333.3,437,1322,356,1345,1443,1956
5662204,470.02,332.1,462.18,332.025,441,1323,359,1331,1444,1965
5662206,470.02,332.55,462.66,333.15,442,1328,365,1342,1445,1965
5662208,469.94,332.475,462.18,332.775,441,1328,360,1339,1443,1967
5662210,469.78,332.175,462.26,332.175,439,1324,360,1332,1446,1966
5662212,469.7,332.55,462.42,332.475,439,1328,362,1336,1447,1967
5662214,469.22,331.875,462.18,332.625,433,1321,360,1337,1448,1966
5662216,469.54,332.4,462.1,332.175,436,1327,358,1333,1448,1966
5662218,469.78,332.4,462.42,332.25,439,1327,361,1333,1449,1968
5662220,469.06,332.25,462.5,332.925,431,1325,363,1340,1451,1971
5662222,468.82,332.7,461.7,332.925,429,1331,355,1341,1454,1970
5662224,468.98,332.925,461.86,333,431,1333,356,1342,1454,1975
5662226,468.26,331.95,461.78,332.925,422,1323,356,1341,1455,1973
5662228,468.42,331.725,461.54,333,424,1321,353,1342,1454,1974
5662230,468.5,332.475,461.46,333.3,425,1328,352,1345,1455,1977
5662232,468.02,331.5,461.94,332.775,419,1318,357,1339,1457,1976
5662234,468.1,331.2,461.54,332.625,420,1314,353,1337,1459,1978
5662236,467.94,331.125,461.46,332.25,418,1314,351,1334,1459,1977
5662238,468.02,331.125,461.22,332.625,419,1314,349,1337,1461,1980
5662240,467.54,331.65,461.46,332.775,414,1320,351,1339,1463,1978
5662242,467.54,332.1,461.46,333.075,415,1324,351,1342,1462,1982
5662244,467.94,330.525,461.22,332.1,416,1307,348,1332,1460,1983
5662246,467.54,331.35,461.06,332.025,413,1316,346,1330,1464,1982
5662248,467.78,331.125,461.38,333.375,415,1313,350,1345,1463,1987
5662250,467.62,330.75,461.3,332.925,413,1309,348,1339,1462,1988
5662252,467.7,331.125,460.98,331.95,414,1313,345,1329,1467,1988
5662254,467.22,331.575,461.54,332.1,409,1318,350,1330,1466,1988
5662256,467.06,331.425,461.3,332.325,408,1316,347,1332,1466,1989
5662258,467.7,331.125,461.38,332.7,413,1311,348,1336,1469,1992
5662260,467.54,332.25,461.22,332.325,413,1324,347,1331,1468,1989
5662262,467.3,331.65,461.14,332.25,410,1317,346,1331,1468,1990
5662264,467.3,331.425,460.98,331.95,409,1315,343,1327,1469,1991
5662266,467.78,331.65,461.54,332.475,414,1316,349,1332,1465,1994
5662268,467.3,330.975,461.7,332.175,408,1310,351,1328,1472,1993
5662270,467.38,331.95,461.54,332.7,410,1319,349,1334,1469,1994
5662272,467.06,331.65,461.54,332.55,405,1317,348,1332,1475,1995
5662274,467.14,331.5,461.78,332.775,406,1314,351,1334,1474,2000
5662276,467.14,331.575,461.46,332.625,406,1315,347,1333,1478,1998
5662278,466.82,331.575,461.06,332.775,402,1315,343,1334,1474,1999
5662280,466.9,332.025,461.7,332.925,404,1320,350,1335,1471,2003
5662282,467.22,332.55,461.7,332.85,407,1325,349,1334,1474,2003
5662284,466.66,331.575,461.38,332.85,400,1314,346,1334,1475,2005
5662286,466.58,331.65,461.22,333.225,399,1315,344,1338,1477,2004
5662288,467.3,331.725,461.46,332.925,406,1315,346,1335,1476,2008
5662290,466.58,331.8,461.86,333.3,398,1316,350,1338,1478,2006
5662292,466.9,331.95,461.62,332.025,402,1318,347,1324,1478,2008
5662294,467.14,331.35,462.1,332.325,403,1310,351,1326,1479,2012
5662296,467.06,331.35,462.82,332.25,403,1310,359,1325,1479,2010
5662298,467.22,331.35,462.26,331.725,404,1310,353,1320,1479,2012
5662300,467.46,331.275,462.5,331.8,407,1309,355,1320,1480,2014
5662302,467.3,331.05,462.42,331.725,405,1307,354,1320,1478,2015
5662304,468.02,331.35,462.42,331.575,412,1309,354,1318,1484,2017
5662306,468.18,331.65,463.06,331.65,414,1312,361,1318,1480,2014
5662308,468.9,331.275,462.82,330.975,422,1307,357,1311,1485,2021
5662310,469.3,330.975,462.66,332.25,426,1303,357,1324,1485,2019
5662312,468.74,331.575,462.98,331.425,420,1311,360,1315,1486,2018
5662314,469.38,331.425,463.06,331.275,427,1309,361,1314,1488,2018
5662316,469.06,331.05,463.62,331.35,424,1304,367,1314,1488,2016
5662318,469.38,330.825,463.62,331.575,427,1302,368,1316,1486,2022
5662320,469.3,331.575,464.1,331.35,427,1310,372,1314,1492,2022
5662322,469.06,330.675,464.1,331.875,424,1301,373,1319,1488,2018
5662324,469.22,331.2,463.14,331.875,427,1306,363,1320,1489,2021
5662326,468.9,331.05,463.94,331.575,424,1305,372,1316,1493,2016
5662328,468.98,330.75,464.02,331.65,424,1302,373,1318,1492,2019
5662330,469.7,331.875,463.94,331.875,434,1314,373,1320,1495,2023
5662332,468.98,331.5,463.14,331.5,426,1310,364,1317,1493,2025
5662334,468.5,332.1,463.46,331.35,422,1318,369,1315,1497,2026
5662336,469.46,331.575,463.54,332.1,432,1311,370,1323,1496,2028
5662338,468.82,331.425,463.38,331.575,426,1311,369,1318,1497,2030
5662340,469.22,331.725,463.7,331.725,430,1314,372,1319,1496,2023
5662342,469.54,331.425,463.14,331.95,434,1310,368,1323,1497,2033
5662344,468.9,331.275,463.7,332.025,428,1310,373,1323,1496,2030
5662346,468.66,331.425,463.06,332.475,426,1311,369,1329,1496,2025
5662348,468.58,331.2,463.46,332.1,426,1309,372,1325,1497,2032
5662350,468.34,331.5,463.22,331.95,424,1313,371,1324,1497,2033
5662352,468.82,330.975,464.02,331.275,429,1307,378,1316,1498,2031
5662354,468.58,331.575,463.78,331.875,428,1314,377,1323,1499,2031
5662356,468.9,331.5,463.38,331.425,430,1313,372,1319,1501,2033
5662358,468.66,330.9,463.3,331.35,429,1307,372,1319,1498,2031
5662360,468.66,330.975,463.7,331.875,428,1308,377,1323,1497,2037
5662362,468.66,331.425,464.1,331.35,430,1314,382,1318,1499,2035
5662364,468.9,330.975,463.06,331.8,432,1308,372,1324,1499,2034
5662366,468.58,331.05,463.78,331.2,429,1310,379,1317,1499,2037
5662368,468.18,331.2,463.86,330.525,425,1313,379,1310,1500,2039
5662370,468.34,331.575,463.7,331.05,428,1317,379,1316,1504,2039
5662372,468.1,331.125,463.7,331.05,425,1312,379,1316,1504,2038
5662374,467.94,331.125,463.38,331.275,423,1313,375,1319,1501,2035
5662376,468.1,330.9,463.3,330.675,425,1310,375,1313,1505,2042
5662378,467.78,331.2,462.98,331.05,422,1314,371,1317,1505,2037
5662380,467.78,331.05,463.22,330.675,422,1312,373,1313,1500,2041
5662382,468.02,331.575,463.3,330.825,425,1318,375,1315,1501,2042
5662384,468.18,331.5,463.38,330.225,427,1317,375,1308,1502,2039
5662386,468.34,330.6,463.14,330.225,428,1307,373,1309,1503,2039
5662388,468.18,330.3,463.22,331.05,426,1304,374,1317,1501,2041
5662390,468.34,331.05,462.5,330.525,428,1312,366,1313,1503,2044
5662392,467.54,330.9,462.66,330.225,420,1311,368,1309,1501,2039
5662394,467.86,330.675,463.54,329.775,423,1309,376,1303,1505,2047
5662396,467.7,330.525,462.9,330.3,421,1306,370,1310,1505,2046
5662398,467.86,330.6,462.74,329.55,422,1307,368,1301,1507,2050
5662400,467.86,330.15,463.22,329.325,422,1303,372,1299,1504,2045
5662402,467.62,330.225,462.82,330.225,420,1303,370,1308,1506,2047
5662404,467.94,330.3,462.98,329.925,424,1304,371,1305,1505,2048
5662406,467.62,330.9,462.74,329.925,421,1311,369,1305,1506,2048
5662408,467.7,330.15,462.98,329.7,421,1302,371,1303,1503,2048
5662410,467.38,330.3,462.98,330.225,418,1304,372,1308,1506,2048
5662412,467.62,330.525,462.74,329.925,420,1307,369,1306,1504,2051
5662414,467.46,330.45,462.34,330.375,418,1306,365,1311,1505,2049
5662416,467.06,330.6,462.58,330.075,414,1308,367,1307,1509,2049
5662418,467.38,330.9,462.34,329.625,419,1311,364,1302,1506,2049
5662420,466.9,330.825,462.26,330.75,414,1310,364,1315,1504,2049
5662422,466.82,331.05,462.1,330.825,412,1313,363,1316,1505,2048
5662424,467.3,330.9,462.18,330.375,418,1311,363,1310,1502,2049
5662426,466.82,331.125,461.86,330.225,412,1314,360,1310,1507,2051
5662428,467.06,331.275,462.18,330,415,1315,363,1307,1506,2053
5662430,466.9,330.75,462.26,330.15,413,1310,364,1309,1504,2048
5662432,467.06,331.35,462.26,330.225,415,1316,364,1309,1506,2051
5662434,466.98,331.5,462.34,330.675,415,1318,365,1314,1507,2047
5662436,466.74,331.125,461.7,330.075,412,1314,358,1308,1507,2047
5662438,466.9,331.2,462.26,330.825,413,1315,365,1316,1504,2049
5662440,466.34,331.5,461.7,330.225,408,1319,357,1310,1506,2050
5662442,466.82,331.275,462.26,329.85,412,1316,363,1305,1502,2049
5662444,466.66,331.2,461.94,329.625,410,1315,359,1303,1504,2050
5662446,467.46,331.65,462.5,329.925,419,1319,365,1306,1504,2050
5662448,467.22,331.875,462.02,329.85,417,1322,360,1306,1502,2048
5662450,467.3,331.875,462.34,330.525,417,1323,363,1313,1506,2047
5662452,467.54,331.125,462.5,330.825,418,1315,365,1317,1503,2054
5662454,467.62,332.325,462.18,330.525,420,1328,361,1314,1505,2048
5662456,467.46,331.725,462.34,330.525,417,1321,363,1314,1503,2051
5662458,467.38,331.425,462.34,331.65,416,1318,364,1326,1500,2049
5662460,467.46,331.65,462.18,330.6,417,1321,360,1315,1502,2048
5662462,467.14,332.55,462.34,331.05,414,1331,363,1320,1501,2045
5662464,467.14,331.725,462.1,330.675,414,1323,360,1316,1503,2052
5662466,467.38,331.875,462.34,330.675,416,1324,362,1316,1500,2050
5662468,467.46,332.325,461.94,331.125,417,1329,358,1322,1499,2048
5662470,467.22,332.1,461.86,331.05,414,1326,357,1321,1498,2049
5662472,467.14,331.95,462.66,331.275,413,1325,366,1323,1505,2051
5662474,467.06,332.55,462.34,331.05,413,1332,361,1321,1503,2048
5662476,467.38,332.4,461.78,331.05,416,1330,356,1321,1497,2046
5662478,467.7,332.625,462.26,331.35,419,1332,361,1325,1498,2050
5662480,466.98,332.475,462.26,331.35,412,1331,361,1324,1500,2044
5662482,467.3,332.25,462.26,331.35,414,1330,360,1325,1501,2048
5662484,467.62,332.175,461.94,331.65,418,1328,357,1329,1499,2042
5662486,467.94,332.4,462.34,330.9,421,1330,360,1321,1495,2043
5662488,467.86,332.85,462.26,330.975,421,1335,359,1321,1497,2044
5662490,468.1,332.475,462.74,331.5,422,1331,365,1327,1498,2041
5662492,468.34,332.4,462.5,330.525,424,1330,361,1317,1495,2044
5662494,468.02,332.55,462.5,331.425,421,1332,361,1326,1495,2043
5662496,468.18,332.85,462.34,330.375,423,1336,359,1315,1496,2041
5662498,468.1,332.85,462.74,331.8,422,1336,365,1330,1495,2039
5662500,468.02,332.925,462.58,331.5,422,1337,363,1327,1497,2040
5662502,468.26,333.225,462.74,331.8,424,1340,365,1330,1493,2039
5662504,468.34,332.55,463.06,331.5,424,1333,368,1327,1490,2043
5662506,468.9,333.075,462.9,331.725,431,1338,366,1329,1492,2038
5662508,468.66,333.15,463.22,331.725,428,1338,369,1329,1493,2039
5662510,468.5,333,463.22,332.175,426,1337,370,1334,1490,2041
5662512,468.98,333,462.74,331.8,432,1336,364,1330,1488,2042
5662514,468.5,332.925,462.82,331.575,426,1336,365,1328,1488,2037
5662516,468.66,332.85,463.22,331.575,428,1335,369,1328,1488,2037
5662518,468.82,332.55,463.14,331.65,429,1332,369,1328,1490,2041
5662520,468.58,332.475,462.5,331.575,427,1331,362,1329,1485,2033
5662522,469.14,332.7,462.66,331.65,432,1333,363,1328,1490,2037
5662524,469.38,331.95,462.34,331.725,434,1324,360,1330,1484,2035
5662526,469.06,332.625,462.58,331.65,431,1332,363,1329,1486,2036
5662528,468.98,332.7,463.22,331.65,431,1333,369,1328,1486,2040
5662530,468.82,332.55,462.66,332.025,429,1331,364,1332,1486,2036
5662532,468.42,332.4,462.74,331.875,425,1330,364,1330,1483,2035
5662534,468.98,332.325,462.74,331.35,431,1329,365,1325,1486,2032
5662536,468.98,332.475,462.82,331.2,431,1330,364,1323,1484,2034
5662538,469.14,332.325,463.06,331.65,432,1328,368,1327,1484,2028
5662540,469.14,332.4,463.06,331.8,432,1329,368,1329,1484,2035
5662542,469.22,332.625,462.82,331.8,434,1330,366,1329,1486,2032
5662544,468.74,332.775,463.06,332.025,429,1332,368,1331,1481,2030
5662546,469.46,332.85,463.3,331.95,436,1332,371,1330,1484,2031
5662548,469.14,332.4,463.38,331.425,433,1328,371,1323,1482,2029
5662550,469.22,332.625,463.46,332.025,434,1329,373,1329,1483,2029
5662552,469.14,332.55,462.82,331.35,433,1328,366,1322,1485,2024
5662554,469.3,331.95,463.14,331.275,435,1322,369,1321,1481,2022
5662556,469.3,332.475,463.46,331.35,435,1327,373,1322,1481,2027
5662558,469.38,332.775,463.14,331.8,437,1330,370,1326,1481,2022
5662560,470.02,332.55,464.1,331.8,442,1327,380,1325,1477,2025
5662562,470.26,333.075,463.22,331.65,446,1332,370,1324,1477,2021
5662564,469.78,332.85,463.78,331.275,440,1330,375,1319,1478,2018
5662566,469.86,332.775,464.1,331.875,441,1328,380,1325,1472,2017
5662568,470.66,333.45,463.62,331.875,451,1335,374,1326,1476,2018
5662570,470.66,333.075,464.5,331.95,450,1331,384,1325,1474,2019
5662572,470.66,333.525,464.02,331.95,450,1335,379,1326,1476,2018
5662574,470.82,333.6,463.54,333,452,1335,375,1337,1472,2024
5662576,470.26,333.45,464.02,332.7,446,1334,379,1333,1472,2020
5662578,471.22,333.45,463.38,332.85,456,1334,373,1335,1470,2019
5662580,470.66,334.2,463.86,332.55,451,1342,377,1332,1470,2016
5662582,471.22,334.2,463.94,332.55,457,1341,378,1331,1471,2014
5662584,470.9,334.125,463.94,332.25,453,1341,378,1328,1469,2012
5662586,471.22,333.525,464.02,332.925,456,1334,379,1335,1470,2016
5662588,470.34,333.75,463.78,331.875,447,1337,376,1324,1470,2011
5662590,470.74,333.6,463.78,332.925,451,1335,377,1336,1470,2010
5662592,470.66,334.2,464.02,332.1,451,1342,378,1326,1468,2013
5662594,470.74,333.9,462.9,332.85,451,1338,368,1336,1465,2014
5662596,470.98,334.725,463.94,332.625,454,1347,378,1332,1469,2017
5662598,470.5,334.35,464.18,332.55,448,1343,380,1331,1466,2010
5662600,471.3,334.425,463.14,333.6,457,1344,370,1343,1469,2012
5662602,471.22,333.75,463.14,333.225,455,1337,370,1340,1468,2011
5662604,471.46,334.425,463.46,333.075,458,1344,373,1338,1464,2010
5662606,471.38,334.425,462.9,333.75,458,1344,368,1346,1465,2012
5662608,470.9,334.35,463.86,333.675,452,1344,378,1344,1462,2009
5662610,470.82,334.425,463.22,333.6,452,1345,371,1344,1461,2010
5662612,471.94,334.725,462.66,333.75,464,1347,366,1346,1464,2012
5662614,471.46,335.4,462.98,333.45,459,1355,368,1344,1461,2012
5662616,471.38,334.5,463.22,333.45,457,1346,371,1343,1461,2010
5662618,471.38,335.1,463.06,333.675,458,1353,369,1346,1461,2005
5662620,470.82,334.5,463.38,333.6,452,1347,373,1345,1462,2010
5662622,470.82,335.4,463.7,333.3,452,1357,376,1342,1457,2008
5662624,471.38,335.175,462.58,333.9,459,1354,364,1349,1461,2011
5662626,471.3,335.625,462.9,333.3,458,1359,367,1343,1460,2007
5662628,471.38,336.375,463.54,333.375,459,1367,374,1344,1455,2004
5662630,470.9,336.6,462.66,334.275,454,1371,366,1354,1458,2008
5662632,471.14,336.525,463.14,333.6,457,1370,370,1346,1458,2005
5662634,471.62,335.85,463.46,333.675,461,1362,373,1348,1456,2004
5662636,470.9,336.6,462.98,333.6,454,1371,368,1347,1461,2006
5662638,470.58,335.85,462.9,333.975,450,1364,368,1352,1458,2005
5662640,470.5,335.55,463.22,333.075,449,1360,370,1341,1456,2009
5662642,470.1,334.2,462.42,333.525,443,1347,361,1348,1456,2009
5662644,470.1,333.225,462.5,331.8,442,1336,360,1329,1455,2004
5662646,469.86,332.925,462.9,330.825,439,1333,363,1319,1458,1999
5662648,471.06,332.55,462.34,330.6,451,1328,358,1317,1456,2001
5662650,470.98,332.55,462.98,330.225,450,1329,364,1312,1459,2001
5662652,471.62,331.95,462.98,329.475,456,1322,363,1304,1453,1999
5662654,471.46,332.55,463.14,330.075,455,1328,365,1311,1458,1999
5662656,471.54,331.875,462.9,329.925,455,1321,362,1310,1455,1996
5662658,470.9,331.5,462.26,329.7,448,1318,355,1308,1451,1994
5662660,471.46,331.125,462.18,330.075,453,1314,354,1312,1450,1996
5662662,471.06,330.975,461.94,329.1,448,1312,350,1302,1454,1998
5662664,470.9,331.575,461.62,329.175,447,1319,347,1303,1451,1995
5662666,470.9,331.5,462.1,329.7,446,1319,352,1309,1454,1998
5662668,471.06,331.95,462.18,329.325,449,1323,353,1305,1451,1997
5662670,470.58,332.025,461.94,330.225,443,1325,351,1314,1454,1992
5662672,470.5,331.95,462.18,329.55,443,1324,352,1307,1456,1998
5662674,471.22,331.725,462.18,329.85,449,1321,352,1310,1451,1996
5662676,470.74,332.1,461.94,329.4,445,1326,349,1306,1448,1994
5662678,471.46,331.725,462.5,330.15,451,1320,355,1313,1450,1995
5662680,471.3,331.35,462.26,329.175,449,1317,352,1303,1448,1996
5662682,470.18,331.875,461.94,329.4,437,1324,349,1305,1450,1995
5662684,471.38,331.425,461.54,329.7,450,1317,345,1309,1449,1992
5662686,471.06,331.425,462.1,329.625,446,1318,350,1308,1451,1994
5662688,470.9,331.35,461.7,329.7,445,1317,346,1309,1449,1996
5662690,471.46,331.425,461.78,329.925,450,1317,347,1311,1447,1993
5662692,471.14,332.325,461.86,329.925,448,1327,348,1311,1450,1991
5662694,471.22,332.025,461.46,330.375,448,1323,343,1316,1448,1991
5662696,470.98,332.325,462.02,330.075,445,1327,349,1313,1450,1991
5662698,471.14,332.475,462.02,330.525,447,1329,349,1317,1447,1991
5662700,471.38,332.175,461.7,329.85,449,1325,345,1311,1446,1994
5662702,471.86,332.4,461.62,330.075,454,1327,344,1312,1447,1989
5662704,470.98,332.85,462.1,329.7,445,1333,348,1308,1447,1991
5662706,470.98,333,461.7,330.375,446,1334,345,1315,1444,1990
5662708,471.14,332.4,461.78,330.45,447,1327,346,1317,1446,1988
5662710,471.38,332.775,462.26,330.675,450,1330,352,1318,1444,1987
5662712,471.38,332.175,462.02,330.075,448,1324,348,1312,1443,1989
5662714,471.3,332.775,461.7,330.75,449,1330,346,1320,1443,1985
5662716,471.7,332.325,461.86,330.375,452,1325,347,1315,1442,1987
5662718,471.38,332.55,461.62,330,449,1328,344,1311,1445,1985
5662720,471.38,332.925,461.94,330.075,450,1332,347,1312,1441,1989
5662722,471.7,332.175,461.94,329.925,452,1324,348,1310,1441,1988
5662724,472.02,332.625,461.78,330.15,456,1328,346,1313,1445,1987
5662726,471.46,333.225,461.94,330.75,451,1335,349,1319,1443,1984
5662728,472.02,332.475,462.1,330.675,456,1326,350,1318,1443,1983
5662730,471.62,332.25,461.94,330.45,453,1324,349,1315,1441,1984
5662732,471.7,332.925,462.18,330,454,1332,351,1311,1440,1986
5662734,471.46,332.85,462.26,330.45,452,1331,352,1315,1442,1984
5662736,471.46,333.075,461.86,330.075,452,1333,348,1311,1442,1982
5662738,471.62,332.925,462.1,329.85,454,1332,351,1309,1440,1983
5662740,471.78,332.325,461.86,329.925,455,1325,348,1310,1445,1979
5662742,471.46,332.85,461.78,330.075,452,1331,348,1312,1440,1980
5662744,471.86,332.925,461.7,329.7,456,1331,347,1308,1443,1982
5662746,471.62,332.775,462.18,330.45,454,1330,352,1315,1441,1984
5662748,471.46,331.8,462.02,330.3,451,1320,351,1314,1442,1981
5662750,471.54,332.625,461.86,330.375,454,1328,350,1314,1441,1979
5662752,471.62,332.85,461.94,329.775,455,1331,350,1308,1442,1978
5662754,471.62,332.325,461.7,330.6,455,1325,349,1317,1442,1978
5662756,471.38,332.925,461.78,330.45,453,1331,350,1315,1438,1977
5662758,471.7,332.475,461.94,330.75,457,1326,352,1318,1439,1976
5662760,471.06,332.925,461.94,329.85,450,1332,351,1309,1437,1977
5662762,471.3,332.4,461.54,329.7,453,1326,347,1307,1438,1975
5662764,471.54,333,461.62,330.525,455,1332,349,1316,1437,1972
5662766,471.62,333.225,461.54,330.525,457,1334,348,1316,1434,1974
5662768,471.46,332.7,462.1,330.45,455,1329,354,1314,1438,1974
5662770,470.74,332.85,460.98,330.675,448,1331,343,1319,1437,1971
5662772,471.22,332.85,461.78,330.525,453,1330,351,1316,1439,1972
5662774,470.82,333.525,461.54,330.075,450,1338,349,1311,1441,1976
5662776,471.14,332.925,461.7,330.075,453,1331,350,1311,1434,1971
5662778,471.22,332.775,461.46,330,454,1330,348,1311,1440,1967
5662780,471.22,333.075,461.86,329.85,454,1333,352,1308,1434,1968
5662782,471.38,333.075,461.54,330.075,456,1332,349,1311,1433,1970
5662784,471.3,333.975,461.86,330.45,456,1343,353,1315,1434,1969
5662786,470.82,333.45,461.46,329.85,450,1338,348,1309,1431,1966
5662788,470.98,333.9,460.74,330.75,453,1342,342,1319,1433,1962
5662790,471.14,333.525,461.38,330.3,455,1338,349,1313,1431,1963
5662792,470.26,333.75,461.22,330.15,445,1341,347,1312,1432,1961
5662794,470.9,334.575,461.38,330.375,453,1349,349,1315,1432,1959
5662796,470.74,334.8,461.62,329.7,452,1352,351,1307,1432,1961
5662798,470.82,334.125,461.62,329.55,452,1345,350,1306,1432,1958
5662800,471.54,333.975,461.86,329.925,459,1343,353,1309,1427,1956
5662802,470.98,334.275,461.38,329.925,454,1347,349,1309,1429,1957
5662804,471.22,333.975,461.3,330.6,456,1343,349,1317,1424,1951
5662806,470.98,334.05,461.3,330.3,454,1344,348,1314,1428,1950
5662808,471.3,334.05,461.62,330.15,457,1343,351,1312,1427,1951
5662810,470.98,335.025,461.3,330.375,455,1354,348,1314,1425,1948
5662812,470.74,334.8,461.14,329.7,452,1352,346,1308,1429,1942
5662814,470.74,335.25,461.22,329.925,452,1357,347,1310,1427,1950
5662816,471.7,334.275,461.62,329.625,462,1345,351,1306,1424,1950
5662818,470.5,334.8,461.38,329.325,449,1353,348,1303,1425,1947
5662820,470.58,335.625,460.98,330.3,451,1362,345,1314,1424,1949
5662822,470.98,334.8,460.9,329.925,455,1352,344,1311,1422,1944
5662824,470.82,333.6,461.3,330.225,452,1339,348,1313,1427,1942
5662826,470.9,334.575,461.3,329.475,454,1349,348,1305,1421,1942
5662828,470.18,335.7,460.82,330.3,448,1362,344,1314,1423,1939
5662830,470.82,333.75,461.14,330,452,1341,346,1311,1421,1938
5662832,470.82,335.175,461.06,328.95,454,1356,345,1300,1421,1942
5662834,470.66,334.725,461.22,330,452,1352,348,1311,1422,1938
5662836,470.66,334.425,461.54,329.775,451,1349,351,1308,1419,1938
5662838,470.1,334.65,460.74,329.625,445,1352,342,1307,1421,1937
5662840,470.66,334.275,460.9,330.525,451,1346,345,1317,1421,1938
5662842,470.98,334.875,460.66,330.225,455,1352,342,1314,1421,1932
5662844,470.26,335.025,461.7,330.15,447,1355,352,1312,1419,1934
5662846,470.82,334.2,461.46,329.7,452,1346,349,1307,1419,1933
5662848,470.74,333.75,461.38,330.075,451,1341,349,1312,1418,1932
5662850,470.66,334.875,461.38,329.7,451,1353,348,1307,1418,1928
5662852,470.9,334.125,461.46,329.775,452,1345,349,1308,1416,1931
5662854,470.42,335.025,461.78,330.375,448,1355,353,1314,1420,1927
5662856,470.58,334.5,461.86,329.025,449,1349,352,1299,1418,1926
5662858,470.82,334.5,462.34,330,452,1348,358,1309,1418,1925
5662860,471.06,334.125,461.78,329.925,454,1344,353,1309,1411,1919
5662862,470.9,334.875,461.94,330.15,454,1352,355,1311,1413,1921
5662864,470.58,334.35,462.18,330,449,1347,356,1309,1412,1922
5662866,470.58,335.325,461.86,329.775,450,1357,353,1306,1410,1920
5662868,471.3,333.675,461.94,330.3,456,1339,355,1312,1412,1919
5662870,471.06,334.575,462.02,330.225,455,1348,355,1311,1409,1921
5662872,470.82,335.4,462.42,329.925,453,1357,359,1307,1413,1921
5662874,471.22,333.45,462.18,330,454,1335,356,1308,1408,1918
5662876,470.9,334.575,461.86,329.25,453,1348,352,1301,1407,1918
5662878,471.14,335.55,461.78,330.525,456,1358,352,1314,1409,1916
5662880,471.14,333.9,461.86,330.15,454,1341,353,1310,1414,1912
5662882,470.98,334.05,461.94,329.925,452,1342,353,1307,1408,1911
5662884,471.22,333.825,461.78,329.55,454,1339,351,1303,1408,1911
5662886,470.98,334.05,462.42,329.7,452,1341,357,1304,1411,1911
5662888,471.14,333.6,462.18,329.25,453,1337,355,1300,1411,1913
5662890,471.06,333.9,461.7,329.325,453,1340,350,1301,1404,1912
5662892,471.06,333.225,461.94,329.7,452,1332,352,1305,1406,1909
5662894,471.22,334.425,461.78,330.3,454,1345,351,1311,1409,1909
5662896,470.5,334.05,462.18,329.925,447,1342,355,1307,1407,1908
5662898,470.9,334.2,461.7,330.525,451,1344,351,1314,1407,1909
5662900,471.06,334.875,461.22,330.75,454,1351,346,1316,1411,1908
5662902,470.34,334.275,460.58,329.7,445,1344,338,1306,1410,1907
5662904,470.1,334.725,459.7,329.85,443,1349,329,1309,1405,1907
5662906,469.78,334.8,459.78,330.075,439,1350,329,1310,1409,1900
5662908,469.54,334.95,459.14,328.95,437,1352,321,1299,1404,1900
5662910,469.3,335.7,458.74,327.9,435,1361,315,1288,1409,1900
5662912,469.7,336.225,458.98,327.75,439,1366,318,1286,1405,1904
5662914,469.62,334.275,459.06,328.5,436,1345,319,1294,1405,1899
5662916,469.62,333.525,458.74,328.05,435,1337,316,1289,1406,1905
5662918,469.94,333.975,458.58,326.85,440,1341,312,1276,1407,1904
5662920,470.18,333.525,459.22,326.775,441,1336,319,1275,1407,1901
5662922,470.5,332.4,459.3,327.3,443,1324,320,1281,1402,1900
5662924,470.34,332.925,459.22,326.7,442,1329,318,1274,1404,1897
5662926,470.74,332.25,459.3,326.7,446,1321,319,1274,1408,1898
5662928,470.1,333.375,459.62,326.55,440,1334,323,1272,1406,1900
5662930,470.34,333.225,459.22,327.525,443,1332,320,1283,1406,1896
5662932,470.1,332.775,459.38,327.675,439,1328,322,1284,1407,1897
5662934,470.02,333.3,459.06,327.675,439,1333,318,1285,1407,1893
5662936,470.34,333.3,459.14,327.375,442,1334,318,1281,1404,1898
5662938,470.26,333.75,459.38,327.975,442,1338,321,1287,1406,1896
5662940,470.18,332.475,458.98,327.375,440,1324,316,1282,1406,1893
5662942,470.42,332.55,458.98,327.075,442,1325,316,1279,1408,1896
5662944,470.26,331.35,459.22,327.15,439,1312,318,1279,1402,1898
5662946,470.34,332.775,458.5,326.85,441,1327,311,1277,1400,1893
5662948,470.34,333.15,459.22,327.375,442,1332,319,1281,1405,1896
5662950,470.34,332.475,459.3,327.45,441,1325,319,1282,1410,1895
5662952,470.18,332.4,458.9,327.675,439,1324,316,1285,1403,1894
5662954,471.06,333,458.58,327.225,449,1329,312,1281,1408,1897
5662956,470.66,333.075,459.54,327.6,445,1330,322,1284,1404,1897
5662958,470.98,333,459.38,327.6,448,1329,321,1283,1400,1897
5662960,470.26,333.975,458.66,327.45,442,1340,313,1283,1406,1894
5662962,470.34,334.275,458.58,327.75,443,1344,312,1287,1403,1898
5662964,470.82,333.225,459.3,327.15,446,1332,319,1279,1408,1900
5662966,471.06,333.075,459.22,327.975,449,1330,319,1288,1399,1895
5662968,470.58,333.375,458.74,327.6,445,1334,314,1284,1407,1895
5662970,470.98,333.3,459.86,327.6,448,1332,325,1283,1402,1893
5662972,470.18,333,459.38,327.675,440,1330,320,1285,1405,1896
5662974,471.14,331.95,458.98,326.925,448,1318,315,1276,1406,1897
5662976,470.9,330.525,459.3,326.7,444,1302,319,1274,1404,1896
5662978,470.9,331.35,459.22,327.375,445,1311,318,1281,1402,1896
5662980,470.5,331.275,458.58,325.875,441,1311,310,1266,1403,1893
5662982,471.54,329.625,459.3,326.55,450,1292,319,1272,1399,1897
5662984,471.3,328.575,459.3,325.875,446,1281,318,1264,1402,1902
5662986,471.38,329.175,458.9,325.275,448,1286,312,1258,1396,1895
5662988,471.54,328.125,459.14,325.125,449,1275,315,1257,1400,1900
5662990,470.9,328.575,458.9,324.975,443,1281,312,1255,1402,1898
5662992,471.3,327.15,459.22,324.975,445,1265,316,1254,1400,1893
5662994,471.22,327,459.38,324.9,444,1263,318,1253,1402,1901
5662996,471.22,327.375,458.98,325.05,444,1267,313,1256,1403,1899
5662998,471.38,326.85,459.7,325.125,445,1261,321,1255,1401,1897
5663000,471.3,327.975,459.78,324.225,446,1273,321,1245,1401,1896
5663002,471.3,326.7,459.38,324.975,445,1259,317,1254,1403,1898
5663004,471.06,327.3,459.94,325.275,442,1266,323,1256,1402,1900
5663006,471.22,327.825,459.86,325.05,445,1271,323,1253,1405,1901
5663008,470.98,329.55,459.62,325.275,444,1290,320,1256,1402,1897
5663010,471.14,328.05,460.02,325.8,444,1274,325,1261,1401,1898
5663012,471.78,329.775,460.34,326.325,452,1291,329,1266,1401,1906
5663014,470.74,329.4,459.86,326.25,442,1289,325,1266,1403,1905
5663016,471.14,328.65,460.42,327.075,445,1280,331,1275,1399,1904
5663018,471.22,330.525,459.78,326.475,448,1300,324,1269,1407,1906
5663020,471.06,330.6,460.02,326.55,447,1302,327,1269,1402,1902
5663022,470.74,330.525,460.58,326.85,443,1301,333,1272,1404,1903
5663024,470.5,330.975,460.66,326.85,441,1306,334,1272,1407,1908
5663026,471.7,331.2,460.58,327.375,455,1307,334,1278,1406,1903
5663028,470.98,329.7,460.18,328.05,445,1292,330,1286,1407,1904
5663030,470.74,331.575,460.34,327.525,445,1312,331,1280,1407,1913
5663032,470.58,330.825,460.66,326.775,442,1305,334,1272,1410,1908
5663034,470.98,331.35,460.26,327.075,447,1310,331,1275,1405,1905
5663036,470.98,331.35,461.38,327.45,447,1310,342,1278,1406,1908
5663038,470.42,331.875,460.98,327.225,442,1316,338,1277,1409,1905
5663040,470.58,332.025,460.82,327.075,444,1318,337,1275,1409,1908
5663042,470.82,332.325,460.9,327.15,447,1321,337,1276,1404,1912
5663044,471.06,332.25,460.9,327.9,450,1320,338,1283,1409,1915
5663046,470.98,331.5,460.74,327.45,448,1312,336,1279,1409,1911
5663048,470.42,330.75,460.9,326.925,442,1304,338,1273,1408,1914
5663050,470.9,330.225,461.06,327.825,447,1297,341,1283,1408,1914
5663052,470.1,329.4,460.5,327.675,437,1290,335,1282,1406,1913
5663054,471.06,330.675,460.74,327,449,1302,337,1274,1407,1918
5663056,470.5,329.1,460.58,327.45,442,1286,335,1279,1406,1914
5663058,470.5,328.125,460.42,327.75,440,1275,334,1282,1408,1909
5663060,469.7,328.95,459.94,327.375,432,1285,328,1279,1409,1913
5663062,470.02,328.2,460.26,326.775,435,1276,332,1272,1408,1914
5663064,469.78,328.2,459.94,326.625,433,1276,328,1270,1406,1910
5663066,470.18,327.525,459.62,326.475,436,1268,324,1268,1405,1912
5663068,470.18,328.125,459.86,326.325,436,1275,326,1267,1408,1916
5663070,470.1,327.975,459.7,327,435,1273,325,1273,1407,1918
5663072,470.66,326.775,459.54,326.475,440,1259,323,1267,1403,1916
5663074,470.02,327.675,459.54,326.1,434,1268,322,1263,1414,1914
5663076,470.42,327.3,459.3,326.1,437,1264,320,1263,1410,1920
5663078,470.34,327,459.38,326.925,436,1259,321,1271,1408,1917
5663080,470.18,327.15,459.3,326.475,435,1261,320,1266,1409,1921
5663082,470.66,326.4,459.14,326.1,439,1251,317,1261,1408,1918
5663084,469.78,326.775,458.98,325.8,430,1257,315,1258,1410,1916
5663086,470.34,326.775,459.62,325.95,435,1255,322,1257,1406,1919
5663088,469.94,326.85,459.22,326.325,431,1256,318,1262,1411,1920
5663090,470.26,325.95,459.22,326.325,433,1245,317,1261,1409,1920
5663092,469.86,326.625,458.66,325.8,429,1253,311,1256,1410,1916
5663094,470.1,326.7,459.46,326.325,431,1252,319,1260,1410,1920
5663096,470.18,327.075,458.74,326.7,432,1256,312,1264,1413,1923
5663098,470.1,326.925,459.14,326.775,430,1253,315,1264,1410,1921
5663100,469.78,326.925,458.82,326.475,427,1253,311,1261,1410,1923
5663102,470.42,327,458.98,327,433,1252,313,1265,1411,1922
5663104,469.22,327.375,459.06,327.6,421,1258,315,1271,1412,1925
5663106,469.06,327.225,459.14,327.075,419,1255,315,1264,1412,1922
5663108,468.98,328.5,459.06,327.675,419,1269,315,1271,1417,1926
5663110,468.98,327.15,458.18,327.525,417,1253,304,1269,1412,1926
5663112,468.66,327.6,458.58,327.75,414,1259,309,1272,1412,1928
5663114,468.74,328.875,458.42,328.125,416,1271,307,1275,1419,1929
5663116,468.98,327.6,458.58,328.275,417,1257,309,1276,1415,1930
5663118,468.5,327.375,458.42,328.425,412,1255,307,1277,1414,1934
5663120,468.74,328.575,458.9,328.2,416,1267,312,1275,1417,1934
5663122,468.66,328.8,458.1,328.875,414,1270,303,1282,1418,1935
5663124,468.82,328.05,458.34,328.35,415,1262,306,1276,1416,1934
5663126,468.42,328.8,458.26,328.125,412,1269,305,1273,1421,1935
5663128,468.5,326.85,458.26,328.425,411,1248,305,1277,1420,1938
5663130,469.46,326.925,458.58,328.05,420,1248,308,1271,1416,1933
5663132,469.3,326.925,459.38,327.525,419,1248,315,1265,1418,1936
5663134,468.9,327.75,458.5,327.675,416,1257,307,1267,1420,1935
5663136,468.82,326.85,458.58,328.125,414,1248,308,1272,1422,1936
5663138,469.14,326.775,458.66,328.275,418,1246,309,1274,1419,1938
5663140,469.3,327,458.82,328.05,419,1248,310,1271,1418,1938
5663142,468.82,326.775,459.14,328.5,414,1246,315,1275,1419,1941
5663144,469.3,327.075,459.22,328.2,420,1249,315,1272,1419,1941
5663146,469.94,326.7,459.54,328.575,427,1244,319,1276,1417,1944
5663148,469.86,326.925,459.3,328.125,425,1247,316,1272,1420,1939
5663150,469.7,327.9,459.22,328.875,425,1257,316,1280,1421,1939
5663152,469.54,327,459.7,328.275,422,1248,320,1273,1423,1943
5663154,469.7,326.7,459.46,328.8,425,1244,319,1278,1424,1942
5663156,469.22,327.6,459.78,329.025,420,1255,323,1281,1421,1944
5663158,469.86,327.825,459.38,328.95,428,1257,319,1281,1425,1946
5663160,469.86,328.125,459.62,329.025,428,1261,322,1282,1427,1949
5663162,469.3,328.425,459.3,329.175,423,1265,319,1284,1432,1950
5663164,469.62,330.225,459.46,329.4,428,1284,321,1286,1430,1951
5663166,469.62,329.775,459.78,329.85,428,1279,326,1291,1430,1952
5663168,469.14,329.55,459.78,329.7,424,1277,325,1289,1432,1950
5663170,469.3,329.85,460.26,330.3,426,1281,332,1296,1431,1952
5663172,469.38,330.375,459.62,330.45,428,1286,325,1298,1436,1955
5663174,469.22,329.85,459.46,330.45,426,1281,324,1298,1434,1955
5663176,468.5,330,459.3,330.225,419,1283,322,1297,1435,1957
5663178,469.38,330.525,459.46,330.75,429,1289,325,1302,1436,1959
5663180,469.22,329.4,459.46,329.7,427,1277,325,1291,1437,1956
5663182,468.74,330.45,459.3,330.225,424,1289,324,1297,1438,1956
5663184,469.22,330.75,459.62,329.625,429,1293,327,1290,1438,1965
5663186,468.82,330.3,459.3,330,425,1288,324,1296,1441,1960
5663188,468.98,330.075,459.14,330.075,427,1286,324,1297,1438,1964
5663190,469.22,330.375,459.14,329.85,430,1289,324,1295,1444,1962
5663192,468.9,329.55,459.3,329.325,427,1281,325,1289,1439,1966
5663194,468.82,330.3,459.38,329.625,427,1290,327,1292,1441,1962
5663196,468.66,330,459.7,329.7,425,1286,331,1294,1446,1964
5663198,468.9,329.925,458.98,330.225,428,1286,325,1300,1443,1968
5663200,468.9,329.55,459.3,329.7,428,1282,327,1294,1440,1971
5663202,468.66,330.375,459.54,329.775,427,1291,330,1295,1447,1970
5663204,468.18,329.25,459.22,329.7,421,1280,327,1294,1447,1968
5663206,468.5,328.875,459.22,329.1,424,1276,327,1288,1444,1971
5663208,468.58,328.875,459.14,328.875,425,1276,326,1286,1446,1972
5663210,468.58,328.875,459.06,328.875,426,1276,326,1286,1443,1970
5663212,467.86,328.8,458.9,328.65,418,1275,324,1284,1451,1973
5663214,468.5,328.95,459.14,328.65,425,1277,327,1284,1447,1973
5663216,468.42,328.95,459.14,328.5,425,1277,327,1282,1457,1974
5663218,468.5,328.35,458.9,328.575,425,1271,325,1283,1451,1977
5663220,468.34,328.65,458.98,327.825,424,1274,325,1275,1453,1980
5663222,467.94,328.875,458.98,328.35,420,1276,325,1281,1455,1980
5663224,468.1,327.15,458.98,327.525,420,1257,325,1272,1452,1982
5663226,468.74,327.45,459.22,327.6,427,1260,328,1272,1453,1981
5663228,468.34,327.075,458.9,327.15,423,1257,324,1268,1456,1984
5663230,468.66,326.925,458.58,327.45,426,1254,321,1271,1455,1980
5663232,468.82,326.775,458.58,327.525,428,1252,321,1272,1456,1988
5663234,468.66,326.175,458.26,327.375,426,1246,318,1270,1453,1981
5663236,468.58,326.55,458.74,327.225,425,1250,323,1268,1457,1989
5663238,469.22,326.4,458.58,326.7,433,1247,321,1262,1459,1989
5663240,468.26,327.3,459.14,327.075,423,1257,327,1265,1463,1992
5663242,467.86,326.4,458.42,327.45,418,1248,320,1269,1461,1993
5663244,468.42,326.7,458.9,326.7,424,1251,324,1261,1461,1997
5663246,467.46,327.3,458.26,327.45,415,1257,318,1269,1466,1996
5663248,467.62,326.775,458.5,327.675,416,1252,321,1272,1466,1994
5663250,467.46,326.775,458.1,327.375,414,1251,317,1268,1470,1998
5663252,467.3,327.375,457.86,327.225,413,1258,314,1267,1470,1999
5663254,467.78,327.45,457.86,327.9,418,1258,315,1273,1473,2000
5663256,466.66,327.675,458.26,327.75,407,1261,318,1272,1476,2001
5663258,466.82,328.125,458.42,327.225,409,1266,320,1265,1474,2002
5663260,466.98,327.525,457.78,328.2,410,1259,315,1277,1475,2003
5663262,467.06,327.525,457.94,327.15,411,1258,315,1265,1473,2003
5663264,466.82,327.45,458.26,327.3,408,1258,318,1266,1476,2006
5663266,466.82,328.5,457.7,327.75,409,1270,313,1271,1476,2006
5663268,467.14,328.125,458.18,328.425,412,1265,318,1278,1480,2008
5663270,466.9,328.05,457.78,327.75,409,1264,314,1271,1480,2013
5663272,466.74,328.275,457.86,328.35,408,1267,315,1277,1478,2007
5663274,466.74,328.65,457.94,328.275,409,1271,315,1276,1482,2009
5663276,467.14,329.025,458.02,327.975,413,1274,316,1273,1485,2013
5663278,467.3,328.425,457.94,328.5,414,1268,315,1279,1483,2013
5663280,466.82,328.8,458.18,328.35,409,1273,318,1277,1489,2015
5663282,466.5,328.95,457.62,328.125,405,1275,311,1275,1487,2016
5663284,466.9,328.275,457.94,328.05,409,1267,314,1274,1487,2017
5663286,466.82,328.5,457.62,328.575,408,1270,311,1281,1490,2018
5663288,466.18,329.025,456.98,328.575,401,1276,305,1281,1491,2020
5663290,466.42,328.5,457.62,328.5,403,1270,311,1280,1493,2019
5663292,466.34,328.2,457.46,328.725,402,1267,310,1283,1487,2021
5663294,466.9,328.875,457.14,328.8,409,1274,306,1284,1492,2023
5663296,466.66,328.725,457.22,328.5,406,1273,307,1281,1497,2028
5663298,466.1,328.65,457.22,327.75,400,1273,306,1273,1496,2028
5663300,466.5,328.35,456.98,328.125,404,1270,304,1277,1493,2027
5663302,466.34,328.275,457.62,328.125,401,1269,310,1277,1497,2027
5663304,466.5,328.275,457.86,327.45,403,1268,312,1269,1495,2032
5663306,466.26,327.9,456.9,327.525,400,1265,301,1271,1494,2031
5663308,467.3,327.15,456.9,327.825,410,1256,301,1275,1500,2030
5663310,467.06,327.675,456.82,327.675,408,1262,300,1273,1498,2034
5663312,467.22,326.775,456.98,328.2,408,1252,302,1278,1499,2032
5663314,466.74,328.275,457.94,327.975,404,1269,311,1275,1500,2037
5663316,467.38,328.425,458.34,328.425,412,1270,316,1280,1499,2041
5663318,468.34,329.925,460.34,329.025,423,1285,338,1284,1499,2040
5663320,470.82,329.475,461.54,328.8,448,1278,350,1281,1500,2046
5663322,472.26,330,462.74,328.875,464,1282,363,1280,1502,2041
5663324,473.06,330.9,463.38,328.8,473,1291,369,1279,1504,2046
5663326,474.02,331.425,463.46,329.325,483,1295,370,1284,1502,2044
5663328,473.3,331.275,462.98,328.95,475,1294,365,1280,1510,2044
5663330,472.26,331.5,462.66,329.475,464,1298,362,1286,1512,2050
5663332,471.3,331.5,461.06,329.4,454,1299,345,1287,1508,2052
5663334,469.62,331.125,460.26,329.475,436,1297,336,1289,1511,2050
5663336,467.78,331.65,458.34,330.675,417,1304,317,1304,1507,2053
5663338,467.62,330.825,457.14,330.15,414,1295,304,1300,1507,2052
5663340,467.62,330.375,456.82,329.7,414,1291,300,1295,1507,2059
5663342,467.54,331.35,456.98,330.525,414,1301,301,1303,1509,2057
5663344,467.78,330.45,457.06,330.3,415,1291,302,1301,1509,2058
5663346,467.7,330.975,457.94,329.85,415,1297,311,1296,1506,2057
5663348,467.78,331.35,457.7,329.925,416,1301,309,1297,1511,2060
5663350,468.58,330.675,458.74,329.55,423,1292,319,1291,1511,2062
5663352,468.82,329.925,457.7,329.55,425,1284,308,1292,1511,2061
5663354,468.18,330.525,458.02,330,419,1291,311,1296,1509,2065
5663356,468.58,330.075,457.7,329.325,423,1286,308,1289,1513,2064
5663358,468.1,330,457.78,329.1,418,1285,309,1287,1514,2063
5663360,468.66,329.55,457.62,329.1,423,1279,306,1287,1512,2070
5663362,468.42,329.55,457.38,329.475,420,1280,304,1291,1513,2069
5663364,468.26,329.4,458.42,329.325,418,1278,315,1288,1516,2076
5663366,468.58,328.8,458.34,328.425,421,1271,313,1278,1515,2072
5663368,468.5,328.875,457.46,329.775,420,1272,305,1294,1520,2077
5663370,468.74,328.575,458.26,328.95,422,1268,312,1284,1518,2080
5663372,468.42,328.575,458.1,327.9,419,1268,309,1272,1519,2080
5663374,468.9,328.65,458.1,328.725,423,1268,310,1281,1519,2079
5663376,468.58,327.675,458.66,328.275,419,1258,315,1275,1520,2083
5663378,468.58,328.5,458.34,327.975,419,1266,311,1272,1518,2081
5663380,468.82,328.125,458.42,327.9,421,1262,313,1271,1517,2085
5663382,468.82,327.975,457.94,327.75,421,1260,307,1269,1527,2085
5663384,469.06,327.225,458.34,327.525,423,1251,311,1266,1521,2083
5663386,469.38,327.375,458.66,328.425,426,1252,315,1275,1524,2091
5663388,468.66,327.45,458.34,327.525,418,1253,310,1265,1526,2090
5663390,468.82,327.225,458.9,327.75,420,1250,316,1267,1523,2089
5663392,469.22,327.45,458.82,327.375,424,1252,315,1262,1529,2090
5663394,468.5,327.15,458.9,328.5,416,1249,316,1274,1527,2096
5663396,469.06,326.475,458.34,329.025,421,1241,311,1280,1526,2101
5663398,468.66,327.675,458.74,329.1,418,1254,315,1280,1532,2098
5663400,468.66,327.825,458.34,328.125,418,1256,310,1270,1529,2098
5663402,468.5,327.825,458.82,330.45,416,1255,317,1294,1528,2109
5663404,469.14,327.675,458.74,329.925,422,1253,316,1288,1532,2112
5663406,468.42,327.3,458.66,330.6,414,1249,315,1295,1531,2117
5663408,468.42,327.9,458.42,330.375,415,1255,313,1293,1533,2115
5663410,468.02,327.825,459.22,330.825,411,1254,321,1296,1537,2118
5663412,468.58,328.125,459.3,330.075,416,1257,321,1288,1532,2123
5663414,468.74,327.6,459.62,330,418,1251,324,1287,1533,2122
5663416,468.74,327.225,458.58,330.45,418,1247,314,1292,1536,2124
5663418,468.58,327.975,459.06,330.975,416,1254,320,1297,1536,2126
5663420,468.82,328.35,458.34,329.775,419,1258,311,1285,1542,2128
5663422,468.26,327.975,458.34,330.75,413,1254,311,1296,1538,2131
5663424,468.66,327.675,458.5,330.45,417,1251,313,1292,1542,2132
5663426,468.26,327.6,458.82,329.85,412,1250,315,1285,1538,2136
5663428,468.66,327,458.82,329.775,416,1244,315,1284,1540,2143
5663430,469.22,327.15,458.98,329.85,422,1244,317,1285,1540,2139
5663432,468.66,327.375,458.58,329.775,417,1247,313,1284,1543,2147
5663434,468.5,327.525,458.82,330.6,414,1249,316,1293,1545,2149
5663436,468.9,327,458.58,330,419,1243,312,1286,1544,2146
5663438,468.66,326.775,459.14,329.625,415,1241,319,1281,1541,2147
5663440,468.74,327,458.66,330.15,416,1243,314,1288,1543,2150
5663442,469.14,326.775,458.26,329.7,420,1240,309,1283,1547,2152
5663444,468.74,327.675,458.66,329.025,417,1250,313,1276,1548,2154
5663446,468.34,326.925,458.82,329.7,412,1242,315,1283,1553,2154
5663448,468.66,326.85,458.5,329.475,415,1242,311,1281,1547,2158
5663450,468.42,327,459.22,329.1,412,1243,317,1276,1550,2156
5663452,468.42,326.625,458.9,329.025,412,1239,314,1276,1550,2158
5663454,468.74,327.225,458.9,328.8,415,1245,313,1273,1553,2164
5663456,468.1,327.75,458.34,329.55,410,1252,309,1282,1555,2160
5663458,468.98,326.775,458.66,329.1,417,1241,311,1277,1552,2163
5663460,468.66,327.15,458.02,328.725,414,1245,304,1273,1552,2167
5663462,467.86,326.625,458.66,328.875,405,1240,311,1274,1552,2170
5663464,468.5,327.225,458.66,329.025,412,1246,311,1276,1557,2169
5663466,467.78,327.525,458.42,329.175,405,1250,308,1278,1556,2170
5663468,468.02,326.55,458.26,329.1,407,1239,306,1278,1554,2169
5663470,467.86,326.7,458.5,328.575,404,1241,308,1272,1557,2172
5663472,468.1,326.4,458.26,329.25,406,1237,306,1279,1559,2175
5663474,467.54,326.475,458.42,329.1,400,1239,307,1277,1557,2182
5663476,468.18,327,458.82,329.175,407,1244,312,1278,1558,2176
5663478,467.3,327.15,458.42,328.95,397,1246,306,1275,1558,2180
5663480,468.02,325.875,458.82,327.975,404,1232,309,1264,1559,2184
5663482,467.22,326.625,458.42,328.575,396,1241,305,1272,1555,2179
5663484,467.38,326.325,458.34,329.1,397,1238,305,1277,1560,2183
5663486,467.46,325.95,458.74,328.65,397,1233,308,1272,1565,2186
5663488,467.38,325.65,457.78,328.275,396,1230,298,1269,1558,2188
5663490,467.22,326.4,458.34,328.5,395,1238,304,1271,1562,2192
5663492,467.54,326.475,458.02,327.825,398,1239,300,1264,1561,2190
5663494,467.22,326.55,458.58,328.05,395,1240,305,1266,1569,2196
5663496,468.18,326.475,458.58,328.125,404,1237,305,1266,1563,2194
5663498,468.1,326.325,458.34,327.6,403,1235,302,1260,1562,2195
5663500,468.18,325.425,458.42,328.275,403,1226,303,1267,1561,2198
5663502,468.42,325.575,459.3,327.9,405,1227,312,1262,1564,2201
5663504,468.42,325.725,459.3,328.2,405,1229,312,1266,1562,2201
5663506,469.14,325.725,460.26,327.9,412,1227,321,1261,1562,2202
5663508,469.94,325.5,460.26,327.3,420,1224,321,1254,1565,2206
5663510,470.98,325.05,461.22,326.85,431,1218,330,1248,1565,2206
5663512,472.18,325.35,462.34,326.625,444,1220,342,1244,1566,2208
5663514,473.3,324.45,462.82,325.425,454,1208,345,1230,1569,2204
5663516,473.3,323.925,463.38,325.35,454,1202,351,1229,1566,2205
5663518,473.86,322.725,463.62,324.9,458,1189,353,1223,1568,2208
5663520,473.86,322.8,463.46,324.9,458,1190,351,1223,1569,2208
5663522,474.26,322.65,463.22,324.675,462,1187,348,1221,1569,2210
5663524,474.1,321.3,463.3,324.975,459,1173,350,1224,1570,2214
5663526,474.18,321.225,462.66,324.825,460,1171,342,1223,1569,2211
5663528,473.54,322.275,462.74,324.45,454,1183,343,1219,1568,2214
5663530,474.26,320.925,462.58,324.45,460,1167,341,1218,1571,2218
5663532,473.7,321.675,462.34,324.375,455,1176,338,1218,1574,2213
5663534,473.14,322.575,462.66,324.675,450,1186,342,1221,1570,2221
5663536,474.18,321.6,462.5,324.3,460,1175,340,1216,1569,2223
5663538,473.3,321.825,462.74,324.375,450,1177,342,1217,1573,2224
5663540,473.46,322.275,462.74,324.375,453,1182,343,1217,1578,2223
5663542,474.02,321.375,463.06,324.45,458,1172,346,1217,1577,2224
5663544,474.1,321.3,462.82,323.55,459,1171,343,1207,1574,2225
5663546,474.02,321,462.98,324.225,458,1167,345,1214,1576,2228
5663548,474.26,321.45,462.74,324.375,461,1172,343,1216,1572,2231
5663550,473.62,322.35,462.74,323.7,455,1181,342,1209,1579,2225
5663552,473.86,321.825,462.98,324,457,1176,345,1211,1578,2233
5663554,474.26,321,462.58,324.15,460,1166,341,1213,1577,2230
5663556,474.1,321,462.66,324.15,459,1166,342,1213,1579,2232
5663558,474.02,321.15,463.3,323.625,458,1167,348,1206,1576,2237
5663560,473.46,321.9,462.98,324.15,453,1177,345,1212,1580,2235
5663562,474.34,320.475,463.7,323.475,461,1159,352,1203,1578,2239
5663564,474.42,320.325,463.38,323.775,462,1158,349,1207,1579,2238
5663566,474.26,321.075,463.14,323.475,461,1166,347,1204,1582,2241
5663568,474.66,320.025,463.78,323.25,464,1154,353,1201,1579,2241
5663570,474.98,320.1,463.86,323.925,468,1154,355,1208,1582,2242
5663572,474.66,320.775,463.46,323.475,465,1162,350,1203,1584,2247
5663574,474.74,319.725,463.22,323.7,465,1150,348,1206,1586,2245
5663576,474.1,319.35,463.3,323.85,458,1147,349,1207,1587,2243
5663578,474.66,319.725,463.14,323.625,464,1150,347,1205,1584,2246
5663580,474.5,319.875,463.62,323.625,462,1152,352,1204,1579,2246
5663582,474.5,319.875,463.14,323.025,462,1152,347,1198,1582,2243
5663584,474.1,320.025,463.38,323.775,459,1153,350,1205,1588,2249
5663586,474.98,320.25,463.22,323.925,468,1155,349,1207,1583,2248
5663588,474.66,320.625,463.62,323.85,465,1159,353,1206,1590,2249
5663590,474.5,320.325,463.06,324,464,1155,347,1208,1588,2253
5663592,474.1,319.8,463.3,323.925,459,1150,350,1207,1586,2251
5663594,473.54,320.55,463.06,324,455,1159,347,1207,1586,2252
5663596,474.02,321,462.98,324.225,459,1163,347,1210,1587,2251
5663598,474.1,320.325,463.54,324.525,460,1155,353,1212,1593,2254
5663600,474.02,320.475,463.22,324.675,459,1157,350,1215,1590,2258
5663602,474.26,319.95,463.54,324.45,462,1151,353,1211,1588,2254
5663604,473.7,321,463.22,324.075,457,1163,350,1208,1592,2255
5663606,473.06,321.075,463.14,324.375,450,1164,349,1210,1594,2256
5663608,473.46,319.65,463.14,324.6,453,1148,349,1213,1597,2258
5663610,473.46,320.625,463.7,324.525,454,1158,355,1211,1595,2259
5663612,473.86,321.45,463.38,324.75,458,1167,352,1214,1595,2259
5663614,474.1,321.15,463.14,324.975,460,1163,349,1216,1595,2261
5663616,473.62,320.025,463.38,324.6,455,1151,351,1212,1594,2259
5663618,473.46,320.7,463.7,324.9,454,1159,356,1214,1600,2261
5663620,473.3,321,463.22,324.9,452,1162,350,1215,1597,2263
5663622,473.22,320.25,463.7,324.975,451,1154,356,1215,1595,2261
5663624,473.14,321,463.3,324.3,450,1161,351,1208,1596,2259
5663626,473.7,319.725,463.46,324.825,455,1147,353,1213,1595,2263
5663628,473.46,321.225,463.14,324.975,454,1163,350,1215,1598,2263
5663630,473.38,321.6,463.14,324.9,454,1167,350,1214,1598,2262
5663632,473.46,320.55,463.46,324.525,454,1156,352,1210,1597,2262
5663634,473.7,320.025,463.38,324.525,456,1150,352,1209,1597,2260
5663636,473.54,321,463.78,324.6,455,1160,356,1210,1600,2261
5663638,473.78,320.625,463.62,324.825,457,1156,355,1212,1596,2262
5663640,473.94,319.95,463.86,324.375,458,1148,356,1207,1597,2260
5663642,473.54,321.525,463.7,325.2,456,1165,356,1216,1599,2263
5663644,473.54,320.925,463.38,324.075,455,1159,352,1204,1596,2264
5663646,473.62,320.175,463.54,324.525,455,1150,353,1209,1601,2265
5663648,473.54,321.375,463.78,325.125,455,1163,356,1214,1601,2262
5663650,473.62,320.55,463.7,324.3,456,1154,355,1206,1601,2267
5663652,474.02,320.4,463.54,324.6,459,1151,354,1209,1599,2265
5663654,474.02,320.25,463.7,324.6,459,1149,355,1208,1598,2263
5663656,473.78,319.575,464.1,324.075,455,1143,359,1202,1602,2269
5663658,473.06,319.5,463.54,324.3,448,1142,353,1204,1603,2264
5663660,473.62,319.275,464.34,323.85,454,1139,361,1199,1601,2267
5663662,473.46,320.7,464.18,324.3,454,1155,360,1203,1605,2267
5663664,473.3,320.475,463.94,324.225,452,1152,358,1203,1605,2268
5663666,473.38,319.725,463.62,324.225,452,1144,354,1203,1601,2270
5663668,473.62,320.1,464.26,324.45,455,1147,361,1204,1597,2270
5663670,474.18,319.725,463.94,324.825,461,1142,358,1208,1602,2269
5663672,474.26,320.25,464.02,324,462,1148,358,1200,1601,2271
5663674,473.78,319.425,464.42,324.375,456,1139,363,1203,1603,2274
5663676,473.78,320.325,464.42,324.45,457,1149,363,1204,1601,2271
5663678,474.26,319.8,465.14,323.775,461,1143,369,1195,1603,2275
5663680,474.02,319.875,464.66,324.225,459,1143,365,1201,1603,2272
5663682,474.34,320.025,464.98,324.525,463,1144,369,1203,1603,2275
5663684,473.62,320.325,465.54,324.15,455,1149,374,1199,1605,2271
5663686,473.78,320.25,464.74,324.225,458,1148,366,1200,1604,2270
5663688,473.94,320.1,464.9,324.675,459,1146,369,1204,1606,2273
5663690,474.5,320.7,465.06,323.775,465,1151,369,1194,1605,2276
5663692,473.94,319.8,465.3,323.925,458,1142,372,1196,1603,2274
5663694,473.62,319.95,465.06,323.925,455,1143,370,1196,1607,2273
5663696,474.26,319.95,464.98,323.925,462,1143,368,1196,1610,2274
5663698,474.5,320.175,465.62,323.7,465,1144,375,1193,1607,2272
5663700,474.5,319.5,465.46,323.625,464,1138,374,1192,1604,2272
5663702,474.5,320.1,465.78,323.925,465,1144,377,1195,1605,2277
5663704,474.66,319.875,465.3,323.7,467,1141,372,1192,1603,2279
5663706,474.58,319.65,465.38,324,466,1138,373,1195,1604,2275
5663708,473.94,319.95,465.22,324.525,459,1142,372,1201,1608,2277
5663710,474.58,320.475,465.38,323.775,466,1147,373,1193,1610,2275
5663712,473.94,319.725,465.3,324.225,458,1139,372,1198,1607,2276
5663714,474.02,320.025,465.46,324.6,460,1143,375,1201,1608,2278
5663716,474.5,319.65,465.54,324.225,464,1138,375,1197,1609,2275
5663718,474.82,319.35,465.3,323.7,468,1134,372,1191,1604,2276
5663720,473.94,319.2,465.46,324,458,1133,374,1194,1612,2278
5663722,474.58,320.475,465.06,324.45,467,1146,371,1199,1609,2275
5663724,474.58,319.425,465.86,324.3,465,1135,379,1197,1604,2276
5663726,474.26,319.35,465.86,324.375,462,1134,379,1198,1610,2277
5663728,474.34,320.25,465.62,324.075,463,1144,376,1195,1608,2277
5663730,473.86,320.475,465.86,324.3,459,1146,378,1197,1608,2277
5663732,474.02,320.4,465.54,324.9,460,1145,376,1203,1610,2284
5663734,473.46,321.075,465.06,324.975,455,1153,371,1204,1609,2279
5663736,472.1,321.225,464.5,324.45,441,1156,365,1199,1611,2278
5663738,471.06,321.975,462.98,324.975,431,1165,349,1207,1611,2277
5663740,470.42,321.45,462.74,324.75,424,1160,346,1204,1609,2276
5663742,470.26,321.75,460.9,324.6,422,1163,327,1204,1614,2274
5663744,468.98,321.75,460.66,324.75,409,1165,325,1206,1617,2277
5663746,469.14,321.45,460.26,324.3,410,1161,319,1201,1609,2278
5663748,469.7,322.125,460.82,324.6,416,1168,326,1204,1614,2275
5663750,469.3,322.2,460.98,324.075,412,1169,327,1198,1611,2279
5663752,470.34,322.35,461.94,324.3,423,1169,337,1200,1613,2275
5663754,469.94,322.95,461.7,324,419,1176,334,1196,1619,2272
5663756,471.3,321.15,461.54,324.6,432,1155,333,1202,1610,2276
5663758,470.66,322.875,461.62,324.3,427,1174,333,1199,1618,2281
5663760,470.66,321.825,462.26,324.75,426,1162,340,1203,1604,2277
5663762,471.62,320.925,462.26,324.3,435,1151,340,1198,1605,2277
5663764,471.3,321.225,462.18,324.375,432,1154,340,1199,1611,2274
5663766,470.9,321.525,462.02,324.675,428,1158,338,1202,1609,2275
5663768,470.9,320.925,462.1,324.3,428,1151,338,1197,1609,2275
5663770,470.9,322.35,462.26,325.2,429,1166,341,1207,1612,2278
5663772,470.34,322.575,462.1,324.9,423,1170,339,1204,1610,2274
5663774,470.82,321.525,461.94,324.825,426,1157,336,1203,1610,2272
5663776,470.58,322.575,462.02,323.925,425,1168,336,1193,1617,2278
5663778,470.58,321.9,462.34,325.425,424,1161,341,1208,1609,2275
5663780,470.58,322.35,462.58,324.225,425,1166,343,1195,1610,2276
5663782,470.9,321.6,462.58,325.05,427,1157,342,1203,1610,2278
5663784,470.82,321.45,462.42,325.125,426,1155,341,1204,1610,2272
5663786,471.06,321.975,462.42,324.525,428,1161,340,1197,1610,2272
5663788,471.14,321.9,462.82,324.525,428,1160,344,1197,1608,2277
5663790,470.66,321.9,462.66,325.125,424,1159,342,1203,1611,2274
5663792,471.22,321.9,462.82,324.45,429,1159,344,1196,1607,2280
5663794,470.9,322.2,462.82,324.825,426,1162,344,1199,1606,2272
5663796,471.22,320.475,462.26,324.6,427,1143,338,1197,1606,2276
5663798,471.54,320.4,462.18,324.375,430,1142,336,1194,1609,2277
5663800,471.46,320.1,462.74,324.3,429,1139,342,1193,1602,2272
5663802,471.3,319.95,462.9,324.3,428,1136,343,1193,1607,2273
5663804,471.78,319.575,462.66,324,432,1132,340,1189,1604,2279
5663806,471.06,319.65,463.14,324.3,424,1133,345,1192,1603,2276
5663808,471.22,319.275,462.58,323.1,425,1129,339,1180,1602,2276
5663810,471.46,318.825,462.66,323.175,427,1124,339,1180,1605,2276
5663812,472.02,318.6,462.42,323.625,432,1120,337,1185,1603,2277
5663814,471.94,318.6,462.58,322.875,432,1120,337,1177,1603,2278
5663816,471.86,319.05,462.98,323.25,431,1125,343,1180,1603,2281
5663818,472.42,318.375,463.38,323.55,436,1117,347,1183,1600,2277
5663820,472.42,318.15,462.9,323.025,436,1115,341,1177,1599,2280
5663822,472.66,318.6,463.3,323.625,439,1119,346,1183,1599,2277
5663824,472.74,318.6,463.7,323.475,439,1119,349,1182,1604,2279
5663826,472.34,318.525,463.78,323.55,435,1118,350,1182,1601,2270
5663828,472.66,319.125,464.02,324,439,1124,354,1186,1603,2280
5663830,472.74,319.2,464.42,324.3,440,1125,358,1189,1603,2276
5663832,472.98,319.575,464.1,324.9,443,1129,355,1196,1598,2274
5663834,472.82,320.4,464.58,325.35,442,1138,361,1201,1603,2278
5663836,472.02,321.075,464.66,325.5,435,1146,362,1202,1603,2279
5663838,473.22,321.375,464.42,325.275,448,1148,360,1200,1601,2279
5663840,472.82,321.525,464.74,325.95,444,1150,363,1207,1601,2276
5663842,473.14,321.675,464.74,325.425,448,1152,364,1202,1599,2276
5663844,471.78,322.95,464.5,325.425,435,1167,361,1201,1600,2280
5663846,472.66,323.025,464.82,325.725,444,1167,365,1205,1601,2275
5663848,472.9,322.425,464.9,325.5,446,1161,365,1203,1599,2275
5663850,472.74,323.025,464.74,326.025,446,1168,364,1208,1595,2277
5663852,472.58,323.7,464.98,325.725,445,1175,367,1205,1593,2275
5663854,472.5,322.65,465.14,325.725,443,1164,369,1205,1598,2280
5663856,472.82,324,465.38,325.575,447,1178,371,1203,1603,2279
5663858,473.46,322.65,465.38,325.95,453,1163,372,1207,1601,2275
5663860,472.34,323.25,464.82,325.65,442,1170,366,1205,1599,2274
5663862,473.14,323.25,465.38,325.125,451,1170,371,1199,1588,2280
5663864,472.98,322.125,465.22,324.975,448,1158,370,1197,1599,2283
5663866,473.46,322.275,464.98,325.2,454,1159,367,1200,1598,2278
5663868,473.14,321.3,464.74,325.425,449,1149,366,1202,1595,2275
5663870,473.94,321.3,465.62,324.9,458,1148,374,1196,1590,2276
5663872,473.22,321.3,465.46,324.9,450,1148,373,1196,1594,2279
5663874,473.3,320.325,465.62,324.975,450,1137,374,1196,1591,2276
5663876,473.3,320.25,465.54,324.75,450,1137,373,1194,1589,2278
5663878,473.14,319.5,464.98,324.825,448,1128,368,1195,1595,2278
5663880,473.7,319.125,465.22,324.675,454,1124,371,1193,1593,2278
5663882,473.38,319.5,465.46,324.6,451,1128,373,1191,1594,2278
5663884,472.9,320.25,465.3,323.925,446,1136,370,1184,1595,2275
5663886,473.14,319.875,465.38,324.45,448,1131,372,1189,1591,2278
5663888,472.98,319.125,464.9,323.85,446,1123,366,1182,1592,2271
5663890,472.9,319.275,464.98,324.825,445,1124,368,1192,1590,2279
5663892,472.98,319.125,465.46,324.375,445,1122,372,1187,1593,2274
5663894,472.5,319.425,465.22,324.375,441,1125,369,1186,1595,2275
5663896,472.66,319.35,464.98,324.3,442,1124,366,1185,1589,2275
5663898,472.74,319.275,465.14,324.525,443,1121,368,1186,1588,2271
5663900,472.58,319.575,465.14,324.675,441,1125,368,1188,1593,2278
5663902,472.98,318.975,464.42,324.6,444,1116,360,1186,1588,2270
5663904,472.82,319.875,464.9,324.525,443,1126,365,1185,1590,2267
5663906,472.58,319.875,464.66,324.6,441,1124,362,1185,1592,2266
5663908,472.98,319.95,464.74,324.525,445,1125,363,1183,1587,2271
5663910,473.14,319.275,465.38,324.15,445,1116,369,1177,1586,2272
5663912,472.98,318.975,464.5,324.525,443,1113,360,1183,1590,2269
5663914,472.74,319.65,464.9,324.675,441,1119,364,1182,1586,2271
5663916,473.14,319.65,465.46,324.45,445,1119,369,1179,1588,2268
5663918,472.82,320.175,465.3,325.35,442,1124,368,1188,1585,2270
5663920,472.9,319.725,464.98,324.9,442,1118,364,1183,1585,2268
5663922,472.98,320.025,465.06,325.125,443,1120,365,1184,1586,2271
5663924,472.9,319.65,465.06,324.825,441,1117,364,1181,1590,2270
5663926,472.82,320.025,464.82,324.75,441,1119,362,1180,1587,2268
5663928,473.22,320.25,465.14,324.975,445,1121,365,1181,1584,2266
5663930,473.06,321.15,465.14,324.825,444,1131,364,1179,1584,2264
5663932,473.86,320.025,465.06,325.125,451,1118,364,1182,1579,2268
5663934,473.54,320.475,465.46,325.5,448,1122,368,1185,1581,2266
5663936,473.3,321.675,465.3,325.575,447,1135,366,1186,1576,2267
5663938,473.22,321.225,464.74,325.725,444,1130,360,1187,1578,2266
5663940,473.86,321.075,465.54,325.275,451,1127,368,1182,1578,2267
5663942,473.38,322.35,465.06,326.1,447,1141,363,1191,1576,2264
5663944,472.66,321.975,464.9,325.95,439,1138,361,1190,1576,2268
5663946,473.06,322.2,465.46,326.25,443,1139,367,1192,1578,2265
5663948,472.1,323.775,465.14,327.675,435,1158,366,1208,1573,2267
5663950,472.34,324.6,464.98,328.2,438,1166,364,1213,1567,2263
5663952,471.78,324.6,465.06,328.2,432,1167,365,1213,1576,2261
5663954,471.78,326.4,465.06,328.875,434,1187,366,1221,1571,2261
5663956,472.18,327,464.34,329.475,439,1193,359,1228,1570,2254
5663958,471.78,329.175,464.66,330.975,436,1217,363,1244,1564,2253
5663960,472.58,330.75,464.18,332.325,447,1233,359,1259,1561,2257
5663962,472.26,332.85,463.38,333.45,445,1256,352,1272,1563,2255
5663964,472.98,336.075,462.66,334.5,456,1291,346,1284,1561,2249
5663966,472.74,338.7,460.58,337.725,456,1319,327,1322,1566,2243
5663968,472.98,341.625,459.78,341.325,462,1351,322,1362,1564,2242
5663970,473.3,345.075,458.5,345.15,468,1388,313,1405,1565,2240
5663972,473.7,347.25,457.3,346.2,475,1411,301,1418,1573,2234
5663974,474.9,350.85,454.82,349.875,491,1450,279,1461,1570,2238
5663976,475.7,354.45,452.18,352.8,503,1488,254,1496,1561,2239
5663978,476.98,357.675,449.94,356.025,520,1522,234,1534,1552,2237
5663980,477.94,361.35,446.5,359.55,534,1561,201,1576,1548,2232
5663982,479.38,366.45,442.74,363.825,555,1616,166,1627,1554,2231
5663984,481.94,369.375,437.78,368.775,584,1645,119,1687,1553,2219
5663986,484.74,372.525,434.34,373.05,617,1677,87,1738,1551,2223
5663988,487.38,373.05,428.5,375.675,646,1679,28,1773,1551,2217
5663990,492.74,372.6,424.42,376.725,702,1670,-12,1790,1547,2212
5663992,496.5,370.95,420.02,377.625,740,1647,-58,1805,1534,2202
5663994,499.78,370.5,415.3,370.575,775,1640,-114,1734,1542,2232
5663996,504.26,367.125,411.86,381.45,818,1599,-140,1856,1540,2153
5663998,508.1,366.9,411.46,406.725,859,1593,-118,2134,1539,2017
5664000,511.94,364.5,412.42,430.2,897,1562,-84,2390,1536,1883
5664002,513.22,380.475,402.58,463.875,927,1735,-156,2771,1466,1690
5664004,514.66,404.775,396.26,496.95,967,1998,-189,3143,1361,1500
5664006,520.26,434.85,391.46,535.35,1059,2320,-202,3574,1226,1268
5664008,525.14,470.625,382.34,568.125,1147,2706,-267,3949,1053,1048
5664010,527.14,503.775,374.26,601.125,1204,3068,-321,4327,893,825
5664012,531.3,538.875,364.26,633.825,1285,3450,-395,4705,727,612
5664014,533.06,573.15,NaN,NaN,1341,3827,NaN,NaN,566,0
5664016,550.66,616.2,NaN,NaN,1574,4284,NaN,NaN,383,0
5664018,550.66,616.2,NaN,NaN,1574,4284,NaN,NaN,383,0
5664020,NaN,NaN,NaN,NaN,NaN,NaN,NaN,NaN,0,0
5664022,NaN,NaN,NaN,NaN,NaN,NaN,NaN,NaN,0,0
5664024,NaN,NaN,NaN,NaN,NaN,NaN,NaN,NaN,0,0
5664026,NaN,NaN,NaN,NaN,NaN,NaN,NaN,NaN,0,0
5664028,NaN,NaN,NaN,NaN,NaN,NaN,NaN,NaN,0,0
5664030,NaN,NaN,NaN,NaN,NaN,NaN,NaN,NaN,0,0
5664032,NaN,NaN,NaN,NaN,NaN,NaN,NaN,NaN,0,0
5664034,NaN,NaN,NaN,NaN,NaN,NaN,NaN,NaN,0,0
5664036,NaN,NaN,NaN,NaN,NaN,NaN,NaN,NaN,0,0
5664038,NaN,NaN,NaN,NaN,NaN,NaN,NaN,NaN,0,0
5664040,NaN,NaN,NaN,NaN,NaN,NaN,NaN,NaN,0,0
5664042,NaN,NaN,NaN,NaN,NaN,NaN,NaN,NaN,0,0
5664044,NaN,NaN,NaN,NaN,NaN,NaN,NaN,NaN,0,0
5664046,NaN,NaN,NaN,NaN,NaN,NaN,NaN,NaN,0,0
5664048,NaN,NaN,NaN,NaN,NaN,NaN,NaN,NaN,0,0
5664050,NaN,NaN,NaN,NaN,NaN,NaN,NaN,NaN,0,0
5664052,NaN,NaN,NaN,NaN,NaN,NaN,NaN,NaN,0,0
5664054,NaN,NaN,NaN,NaN,NaN,NaN,NaN,NaN,0,0
5664056,NaN,NaN,NaN,NaN,NaN,NaN,NaN,NaN,0,0
5664058,NaN,NaN,NaN,NaN,NaN,NaN,NaN,NaN,0,0
5664060,NaN,NaN,NaN,NaN,NaN,NaN,NaN,NaN,0,0
5664062,NaN,NaN,NaN,NaN,NaN,NaN,NaN,NaN,0,0
5664064,NaN,NaN,NaN,NaN,NaN,NaN,NaN,NaN,0,0
5664066,NaN,NaN,NaN,NaN,NaN,NaN,NaN,NaN,0,0
5664068,NaN,NaN,NaN,NaN,NaN,NaN,NaN,NaN,0,0
5664070,NaN,NaN,NaN,NaN,NaN,NaN,NaN,NaN,0,0
5664072,NaN,NaN,NaN,NaN,NaN,NaN,NaN,NaN,0,0
5664074,NaN,NaN,NaN,NaN,NaN,NaN,NaN,NaN,0,0
5664076,NaN,NaN,NaN,NaN,NaN,NaN,NaN,NaN,0,0
5664078,NaN,NaN,NaN,NaN,NaN,NaN,NaN,NaN,0,0
5664080,NaN,NaN,NaN,NaN,NaN,NaN,NaN,NaN,0,0
5664082,NaN,NaN,NaN,NaN,NaN,NaN,NaN,NaN,0,0
5664084,NaN,NaN,NaN,NaN,NaN,NaN,NaN,NaN,0,0
5664086,NaN,NaN,NaN,NaN,NaN,NaN,NaN,NaN,0,0
5664088,NaN,NaN,NaN,NaN,NaN,NaN,NaN,NaN,0,0
5664090,NaN,NaN,NaN,NaN,NaN,NaN,NaN,NaN,0,0
5664092,NaN,NaN,NaN,NaN,NaN,NaN,NaN,NaN,0,0
5664094,NaN,NaN,NaN,NaN,NaN,NaN,NaN,NaN,0,0
5664096,NaN,NaN,NaN,NaN,NaN,NaN,NaN,NaN,0,0
5664098,NaN,NaN,NaN,NaN,NaN,NaN,NaN,NaN,0,0
5664100,NaN,NaN,NaN,NaN,NaN,NaN,NaN,NaN,0,0
5664102,NaN,NaN,NaN,NaN,NaN,NaN,NaN,NaN,0,0
5664104,NaN,NaN,NaN,NaN,NaN,NaN,NaN,NaN,0,0
5664106,NaN,NaN,NaN,NaN,NaN,NaN,NaN,NaN,0,0
5664108,NaN,NaN,NaN,NaN,NaN,NaN,NaN,NaN,0,0
5664110,NaN,NaN,NaN,NaN,NaN,NaN,NaN,NaN,0,0
5664112,NaN,NaN,NaN,NaN,NaN,NaN,NaN,NaN,0,0
5664114,NaN,NaN,NaN,NaN,NaN,NaN,NaN,NaN,0,0
5664116,NaN,NaN,NaN,NaN,NaN,NaN,NaN,NaN,0,0
5664118,NaN,NaN,NaN,NaN,NaN,NaN,NaN,NaN,0,0
5664120,NaN,NaN,NaN,NaN,NaN,NaN,NaN,NaN,0,0
5664122,NaN,NaN,NaN,NaN,NaN,NaN,NaN,NaN,0,0
5664124,NaN,NaN,NaN,NaN,NaN,NaN,NaN,NaN,0,0
5664126,NaN,NaN,NaN,NaN,NaN,NaN,NaN,NaN,0,0
5664128,NaN,NaN,NaN,NaN,NaN,NaN,NaN,NaN,0,0
5664130,NaN,NaN,NaN,NaN,NaN,NaN,NaN,NaN,0,0
5664132,NaN,NaN,NaN,NaN,NaN,NaN,NaN,NaN,0,0
5664134,NaN,NaN,NaN,NaN,NaN,NaN,NaN,NaN,0,0
5664136,NaN,NaN,NaN,NaN,NaN,NaN,NaN,NaN,0,0
5664138,NaN,NaN,NaN,NaN,NaN,NaN,NaN,NaN,0,0
5664140,NaN,NaN,NaN,NaN,NaN,NaN,NaN,NaN,0,0
5664142,NaN,NaN,NaN,NaN,NaN,NaN,NaN,NaN,0,0
5664144,NaN,NaN,NaN,NaN,NaN,NaN,NaN,NaN,0,0
5664146,NaN,NaN,NaN,NaN,NaN,NaN,NaN,NaN,0,0
5664148,NaN,NaN,NaN,NaN,NaN,NaN,NaN,NaN,0,0
5664150,NaN,NaN,NaN,NaN,NaN,NaN,NaN,NaN,0,0
5664152,NaN,NaN,NaN,NaN,NaN,NaN,NaN,NaN,0,0
5664154,NaN,NaN,NaN,NaN,NaN,NaN,NaN,NaN,0,0
5664156,NaN,NaN,NaN,NaN,NaN,NaN,NaN,NaN,0,0
5664158,NaN,NaN,NaN,NaN,NaN,NaN,NaN,NaN,0,0
5664160,NaN,NaN,NaN,NaN,NaN,NaN,NaN,NaN,0,0
5664162,NaN,NaN,NaN,NaN,NaN,NaN,NaN,NaN,0,0
5664164,NaN,NaN,NaN,NaN,NaN,NaN,NaN,NaN,0,0
5664166,NaN,NaN,NaN,NaN,NaN,NaN,NaN,NaN,0,0
5664168,NaN,NaN,NaN,NaN,NaN,NaN,NaN,NaN,0,0
5664170,NaN,NaN,NaN,NaN,NaN,NaN,NaN,NaN,0,0
5664172,NaN,NaN,NaN,NaN,NaN,NaN,NaN,NaN,0,0
5664174,NaN,NaN,NaN,NaN,NaN,NaN,NaN,NaN,0,0
5664176,NaN,NaN,NaN,NaN,NaN,NaN,NaN,NaN,0,0
5664178,NaN,NaN,NaN,NaN,NaN,NaN,NaN,NaN,0,0
5664180,NaN,NaN,NaN,NaN,NaN,NaN,NaN,NaN,0,0
5664182,NaN,NaN,NaN,NaN,NaN,NaN,NaN,NaN,0,0
5664184,NaN,NaN,NaN,NaN,NaN,NaN,NaN,NaN,0,0
5664186,NaN,NaN,NaN,NaN,NaN,NaN,NaN,NaN,0,0
5664188,NaN,NaN,NaN,NaN,NaN,NaN,NaN,NaN,0,0
5664190,NaN,NaN,NaN,NaN,NaN,NaN,NaN,NaN,0,0
5664192,NaN,NaN,NaN,NaN,NaN,NaN,NaN,NaN,0,0
5664194,NaN,NaN,NaN,NaN,NaN,NaN,NaN,NaN,0,0
5664196,NaN,NaN,NaN,NaN,NaN,NaN,NaN,NaN,0,0
5664198,NaN,NaN,NaN,NaN,NaN,NaN,NaN,NaN,0,0
5664200,NaN,NaN,NaN,NaN,NaN,NaN,NaN,NaN,0,0
5664202,NaN,NaN,NaN,NaN,NaN,NaN,NaN,NaN,0,0
5664204,NaN,NaN,NaN,NaN,NaN,NaN,NaN,NaN,0,0
5664206,NaN,NaN,NaN,NaN,NaN,NaN,NaN,NaN,0,0
5664208,NaN,NaN,NaN,NaN,NaN,NaN,NaN,NaN,0,0
5664210,481.14,524.4,459.78,568.575,738,3350,557,3864,623,743
5664212,481.14,524.475,459.86,568.65,738,3350,557,3864,623,743
5664214,480.58,510.45,458.18,556.275,717,3196,527,3729,679,818
5664216,480.02,496.5,456.5,543.825,696,3043,496,3593,735,893
5664218,476.42,481.875,457.62,533.175,643,2886,497,3473,797,951
5664220,477.38,467.7,460.82,520.725,638,2729,518,3332,850,1032
5664222,477.3,455.175,459.62,509.7,624,2591,493,3211,912,1092
5664224,477.06,442.725,NaN,NaN,608,2455,NaN,NaN,964,0
5664226,477.46,430.275,NaN,NaN,599,2318,NaN,NaN,1015,0
5664228,477.22,419.4,NaN,NaN,586,2199,NaN,NaN,1057,0
5664230,476.98,408.6,NaN,NaN,572,2081,NaN,NaN,1101,0
5664232,475.54,398.775,NaN,NaN,547,1975,NaN,NaN,1144,0
5664234,474.1,389.025,NaN,NaN,521,1870,NaN,NaN,1188,0
5664236,473.86,378.45,NaN,NaN,508,1756,NaN,NaN,1226,0
5664238,473.7,367.95,NaN,NaN,495,1642,NaN,NaN,1265,0
5664240,473.62,358.95,NaN,NaN,485,1543,NaN,NaN,1300,0
5664242,473.54,349.95,NaN,NaN,475,1445,NaN,NaN,1336,0
5664244,473.62,343.35,NaN,NaN,469,1374,NaN,NaN,1362,0
5664246,473.62,336.9,NaN,NaN,462,1304,NaN,NaN,1389,0
5664248,473.94,329.925,NaN,NaN,459,1228,NaN,NaN,1412,0
5664250,474.26,323.025,NaN,NaN,455,1153,NaN,NaN,1435,0
5664252,473.86,317.925,NaN,NaN,446,1098,NaN,NaN,1448,0
5664254,473.54,312.9,NaN,NaN,437,1044,NaN,NaN,1463,0
5664256,473.86,310.275,458.98,356.925,438,1016,330,1537,1475,1909
5664258,474.18,307.725,458.98,356.925,439,987,330,1537,1487,1909
5664260,474.34,306.525,459.46,349.275,440,975,328,1454,1490,1947
5664262,474.5,305.325,460.02,341.625,440,962,325,1370,1493,1985
5664264,474.82,304.575,460.18,335.025,442,953,320,1298,1491,2020
5664266,474.74,304.95,460.58,330.3,442,957,320,1247,1497,2040
5664268,474.66,305.175,461.14,325.725,442,960,321,1197,1496,2081
5664270,474.98,304.05,460.66,319.5,444,948,309,1130,1497,2112
5664272,474.82,306,461.62,316.65,444,969,316,1099,1496,2117
5664274,474.58,304.8,460.9,314.4,440,956,307,1075,1493,2140
5664276,474.98,304.65,461.06,309.3,444,955,303,1020,1502,2160
5664278,474.66,304.65,461.3,306.825,441,955,303,993,1500,2176
5664280,474.74,303.525,462.18,304.5,441,943,311,967,1493,2185
5664282,475.22,304.65,462.34,300.975,447,954,308,928,1502,2209
5664284,475.3,304.125,462.66,301.65,448,949,313,936,1500,2207
5664286,474.66,304.725,463.46,300.825,442,956,320,926,1502,2213
5664288,475.14,304.875,463.78,300.075,447,958,323,918,1505,2217
5664290,474.82,302.55,463.94,299.625,442,933,324,913,1497,2216
5664292,474.58,303.525,463.94,298.725,440,943,324,904,1499,2220
5664294,474.26,302.7,464.34,298.8,436,935,328,904,1495,2216
5664296,474.5,303.675,464.66,299.475,440,946,332,911,1506,2221
5664298,474.34,303.675,464.5,299.55,438,946,330,912,1500,2224
5664300,474.18,303.45,465.22,299.175,436,943,337,907,1498,2223
5664302,474.18,303.075,464.58,299.325,436,940,331,909,1500,2225
5664304,473.94,304.125,465.22,298.725,434,951,338,902,1502,2227
5664306,473.78,303.225,465.14,299.7,432,942,337,913,1498,2226
5664308,473.78,304.425,464.42,299.475,433,954,330,911,1501,2228
5664310,473.54,304.275,464.74,299.25,430,953,333,908,1504,2226
5664312,473.46,303.675,464.42,299.7,428,946,330,913,1506,2232
5664314,473.22,303.75,464.98,299.025,426,947,335,905,1504,2229
5664316,473.06,304.35,464.42,299.4,425,953,329,909,1506,2232
5664318,472.58,303.15,464.58,299.1,419,941,331,906,1506,2236
5664320,472.5,303.225,464.74,299.175,418,941,332,906,1508,2232
5664322,472.02,302.325,464.66,298.35,413,932,331,897,1508,2234
5664324,472.5,301.95,464.26,298.65,416,927,327,901,1505,2236
5664326,472.82,301.8,464.42,298.95,419,925,329,904,1510,2231
5664328,472.66,302.625,464.66,298.2,418,934,330,895,1510,2234
5664330,472.18,301.8,464.9,298.275,413,926,332,896,1507,2238
5664332,472.66,301.575,464.98,298.275,416,922,333,895,1511,2243
5664334,472.34,300.675,464.9,297.9,412,913,332,891,1508,2240
5664336,472.26,302.25,464.98,298.05,413,929,332,892,1509,2246
5664338,473.06,301.725,465.06,298.8,421,923,334,900,1509,2244
5664340,472.66,302.1,465.22,298.575,416,927,334,896,1512,2244
5664342,472.58,301.275,464.9,298.875,415,918,332,900,1507,2250
5664344,472.9,301.725,465.3,298.725,417,921,334,897,1510,2248
5664346,472.74,302.325,465.14,298.8,416,928,333,898,1509,2249
5664348,472.02,302.25,465.22,298.875,408,927,333,898,1505,2248
5664350,472.98,301.65,465.86,299.25,417,920,340,901,1513,2254
5664352,472.74,301.875,465.62,298.05,414,922,336,889,1506,2249
5664354,472.74,301.725,465.3,298.65,415,920,334,895,1511,2255
5664356,473.3,301.725,465.94,299.325,420,919,340,902,1513,2253
5664358,472.9,301.5,466.1,299.1,416,917,341,899,1506,2253
5664360,473.46,301.725,466.42,299.025,421,918,345,897,1512,2256
5664362,473.22,301.2,466.02,299.475,418,913,341,902,1510,2255
5664364,473.14,302.25,466.02,299.475,418,924,341,901,1509,2259
5664366,473.38,301.875,466.34,299.025,420,920,343,896,1510,2258
5664368,473.3,300.675,466.18,298.725,418,906,341,893,1510,2267
5664370,473.46,301.425,465.86,299.025,420,915,338,897,1512,2263
5664372,473.54,302.25,465.62,298.95,422,923,335,896,1511,2266
5664374,473.46,300.3,465.54,299.4,419,902,335,901,1509,2267
5664376,473.46,301.575,465.94,299.025,420,915,338,896,1510,2268
5664378,473.62,301.65,465.38,298.95,422,916,333,895,1512,2269
5664380,473.54,300.975,465.38,299.775,420,909,334,904,1513,2266
5664382,473.94,301.65,465.86,299.55,425,915,338,901,1516,2271
5664384,473.86,301.425,465.94,300.075,424,913,340,907,1512,2273
5664386,474.02,302.325,465.78,299.4,427,922,337,899,1514,2273
5664388,474.42,302.1,465.14,300.6,431,919,332,913,1516,2273
5664390,473.94,301.8,465.62,299.625,426,916,336,901,1516,2275
5664392,474.9,301.125,464.9,300.075,435,907,329,907,1517,2276
5664394,474.5,302.025,465.38,300.3,432,917,334,908,1512,2276
5664396,474.42,302.025,465.46,299.775,432,917,335,902,1518,2279
5664398,475.06,302.775,465.54,300.45,439,925,337,910,1520,2279
5664400,474.82,302.175,466.02,299.7,436,918,341,901,1515,2284
5664402,475.22,301.95,465.3,300.225,440,915,334,907,1515,2285
5664404,475.3,302.325,465.22,300.375,442,918,334,908,1519,2280
5664406,475.38,302.1,465.46,300.45,442,916,337,909,1517,2283
5664408,475.46,302.25,465.54,300.675,444,916,338,911,1521,2284
5664410,475.38,302.7,465.38,301.125,443,922,336,916,1521,2285
5664412,475.14,302.625,465.3,301.2,441,921,336,916,1519,2286
5664414,475.46,303,465.94,300.675,445,924,343,910,1521,2290
5664416,475.62,302.775,465.46,301.5,446,922,339,918,1522,2290
5664418,476.18,303,465.7,300.825,452,923,340,912,1521,2290
5664420,476.18,302.625,465.94,301.275,453,919,343,916,1519,2288
5664422,476.1,302.775,465.7,301.275,452,921,341,916,1523,2295
5664424,476.26,303.675,465.3,301.65,455,930,338,920,1522,2295
5664426,476.5,303,465.54,301.95,456,922,341,923,1521,2292
5664428,476.34,303.225,465.3,301.8,456,925,339,921,1526,2296
5664430,476.42,303.225,465.14,301.875,457,924,337,923,1524,2296
5664432,476.58,303.525,465.46,301.575,459,928,340,919,1525,2295
5664434,476.9,303.675,464.98,302.625,463,929,336,930,1526,2298
5664436,477.62,304.575,464.9,302.325,472,937,336,927,1524,2294
5664438,477.22,304.725,465.06,302.7,468,940,338,931,1527,2295
5664440,477.3,305.25,465.06,302.925,470,945,339,934,1528,2303
5664442,477.7,305.1,464.98,303.15,473,943,338,936,1529,2296
5664444,477.78,306.075,464.5,303.225,475,954,334,938,1530,2301
5664446,477.7,304.95,464.98,303.525,474,942,338,940,1526,2302
5664448,477.62,306.525,465.06,303.3,475,959,339,938,1532,2304
5664450,477.54,306.375,464.74,303.525,474,958,337,941,1531,2306
5664452,477.62,308.325,465.46,304.125,477,979,345,947,1534,2306
5664454,478.18,307.2,464.58,303.825,482,966,336,945,1533,2307
5664456,478.02,308.625,464.74,303.9,482,982,338,946,1537,2306
5664458,477.86,309.3,465.14,304.125,482,990,343,948,1534,2307
5664460,477.7,308.85,465.06,304.35,480,986,342,951,1535,2310
5664462,477.86,309.225,464.82,304.125,482,990,340,948,1538,2312
5664464,477.94,309.525,464.26,304.95,483,993,335,959,1542,2313
5664466,477.22,311.025,464.26,306,477,1010,336,970,1545,2314
5664468,477.14,312.15,463.94,307.95,478,1023,335,992,1552,2320
5664470,476.66,313.125,462.58,310.275,474,1034,323,1019,1548,2325
5664472,475.7,315.375,460.82,313.275,466,1060,308,1054,1552,2328
5664474,475.14,318,459.54,315.6,463,1089,298,1081,1548,2330
5664476,473.78,319.725,458.58,316.65,451,1110,288,1094,1547,2328
5664478,473.22,320.85,458.02,318.3,447,1122,285,1112,1545,2331
5664480,472.82,321.3,457.3,319.05,443,1129,278,1121,1546,2328
5664482,471.86,320.325,456.74,318.45,432,1119,271,1116,1550,2339
5664484,471.14,320.4,456.34,318.825,425,1121,268,1120,1550,2334
5664486,471.54,321.6,456.26,319.275,430,1134,267,1126,1556,2337
5664488,470.74,320.55,456.1,318.45,421,1125,265,1118,1554,2340
5664490,471.46,319.5,456.42,317.475,427,1112,267,1107,1554,2339
5664492,471.06,319.5,456.42,318.15,424,1114,268,1115,1555,2337
5664494,471.62,319.2,456.74,317.7,429,1109,272,1109,1554,2340
5664496,471.54,318.6,456.58,317.625,427,1103,269,1110,1563,2343
5664498,471.54,317.7,456.66,317.25,426,1094,270,1106,1556,2343
5664500,471.3,318.3,456.98,318,424,1101,274,1114,1564,2343
5664502,471.62,317.775,456.58,317.55,427,1095,269,1109,1564,2340
5664504,470.82,317.775,456.34,317.775,419,1096,267,1112,1564,2345
5664506,471.22,317.85,456.42,318.675,423,1097,268,1122,1562,2343
5664508,471.06,317.625,456.58,318,421,1095,269,1115,1565,2345
5664510,471.46,316.8,456.5,317.475,424,1086,268,1109,1568,2347
5664512,471.3,317.175,456.5,318.3,423,1090,268,1118,1567,2346
5664514,471.38,317.025,456.26,317.4,424,1089,265,1109,1566,2347
5664516,472.02,317.025,456.9,317.475,429,1088,271,1109,1567,2349
5664518,471.78,316.575,456.5,317.475,427,1084,267,1110,1566,2353
5664520,472.34,316.575,456.1,317.7,431,1083,262,1113,1573,2351
5664522,472.42,316.2,456.58,317.55,432,1079,267,1111,1570,2355
5664524,471.54,316.875,456.26,318.225,423,1088,264,1119,1571,2354
5664526,472.1,316.425,456.26,317.85,428,1082,264,1114,1576,2352
5664528,472.18,316.425,456.42,318.15,429,1082,265,1118,1573,2355
5664530,472.02,316.275,456.1,317.925,428,1080,262,1116,1573,2355
5664532,472.02,316.2,456.5,317.7,427,1080,265,1113,1575,2359
5664534,472.26,315.975,456.1,317.325,429,1078,261,1109,1578,2357
5664536,472.42,316.2,456.26,318,431,1080,263,1117,1576,2361
5664538,471.86,315.825,455.7,317.55,425,1077,256,1113,1582,2364
5664540,471.86,315.15,455.38,317.25,424,1069,253,1110,1582,2364
5664542,471.62,315.675,455.22,317.4,421,1075,251,1112,1585,2363
5664544,471.86,315.675,455.46,317.7,424,1075,253,1115,1580,2365
5664546,471.62,315.075,455.38,317.325,421,1069,252,1111,1584,2365
5664548,471.86,315.15,455.38,318.3,423,1069,253,1121,1586,2368
5664550,471.38,315.375,455.06,317.175,418,1072,249,1109,1585,2367
5664552,470.74,314.55,455.22,317.625,410,1063,250,1114,1590,2368
5664554,470.82,313.95,454.98,317.7,411,1057,248,1115,1588,2366
5664556,471.06,314.775,454.66,317.4,414,1065,244,1112,1592,2366
5664558,471.3,314.475,454.58,317.55,416,1063,244,1114,1588,2376
5664560,471.22,314.7,454.9,317.325,415,1064,246,1111,1590,2371
5664562,470.9,315.225,454.82,317.55,413,1070,246,1113,1594,2375
5664564,471.06,315.975,455.22,318.075,415,1078,250,1118,1595,2375
5664566,471.06,314.7,455.06,317.775,413,1065,248,1115,1596,2381
5664568,471.46,315,455.38,317.85,418,1066,252,1115,1597,2378
5664570,471.3,315.225,455.3,317.325,417,1069,250,1110,1597,2379
5664572,471.22,314.55,455.94,317.25,415,1062,257,1108,1598,2379
5664574,471.94,315.375,456.26,317.85,423,1070,261,1114,1601,2378
5664576,471.46,315.375,456.26,317.475,418,1070,261,1110,1603,2382
5664578,472.1,314.55,456.1,317.55,424,1060,259,1110,1601,2377
5664580,472.26,315.375,456.26,317.85,426,1069,261,1113,1602,2381
5664582,471.78,314.7,456.34,317.025,420,1062,261,1104,1607,2384
5664584,472.1,314.1,455.86,317.25,423,1054,256,1107,1606,2382
5664586,471.86,314.175,455.94,316.5,421,1056,256,1098,1609,2387
5664588,471.7,313.95,456.9,317.7,419,1053,267,1110,1611,2386
5664590,472.42,313.5,456.02,317.25,426,1048,257,1106,1606,2387
5664592,471.94,313.65,456.74,316.65,421,1049,264,1098,1615,2389
5664594,472.42,312.9,456.34,317.025,425,1041,261,1103,1608,2391
5664596,472.1,313.05,456.9,316.575,422,1042,266,1097,1611,2393
5664598,472.58,312.825,456.26,316.425,427,1040,259,1096,1615,2396
5664600,472.58,312.375,456.1,316.125,426,1034,257,1093,1615,2392
5664602,472.74,312.075,456.58,315.675,428,1031,262,1088,1613,2392
5664604,472.9,312.15,456.82,315.825,430,1031,264,1088,1620,2393
5664606,473.22,312.3,456.98,315.525,433,1032,266,1085,1618,2398
5664608,472.66,311.625,456.9,316.725,426,1025,266,1097,1620,2394
5664610,473.14,312.225,456.98,315.975,432,1031,266,1089,1624,2396
5664612,473.22,312.45,457.22,315.975,433,1033,269,1089,1622,2400
5664614,473.78,311.775,457.38,316.425,438,1025,271,1094,1624,2396
5664616,473.22,312,457.38,316.275,433,1029,271,1092,1628,2398
5664618,473.78,312.15,457.62,316.5,439,1029,274,1094,1631,2398
5664620,473.62,313.05,457.54,317.4,439,1039,274,1104,1632,2397
5664622,473.22,312,457.86,316.35,433,1029,276,1092,1626,2399
5664624,473.78,311.775,457.78,316.5,440,1025,276,1094,1629,2401
5664626,473.78,313.725,457.78,317.4,442,1046,277,1103,1635,2397
5664628,473.46,313.8,457.78,317.4,438,1048,277,1104,1640,2397
5664630,473.38,313.95,458.26,317.7,437,1049,283,1106,1639,2398
5664632,473.06,315.075,458.26,318.075,436,1062,283,1111,1643,2399
5664634,473.14,314.25,458.26,318,436,1053,283,1110,1643,2398
5664636,472.82,316.425,458.5,318.375,435,1078,287,1114,1644,2402
5664638,472.74,315.45,458.18,318.6,433,1067,284,1117,1648,2399
5664640,473.3,315.45,458.58,319.275,439,1066,289,1124,1647,2399
5664642,472.82,315.975,458.34,318.975,435,1073,286,1121,1650,2402
5664644,472.42,316.65,457.86,319.95,432,1081,282,1132,1649,2404
5664646,473.14,315.975,458.5,319.575,439,1073,289,1127,1650,2398
5664648,472.98,315.3,458.34,320.025,437,1066,288,1133,1648,2402
5664650,472.66,316.125,458.02,319.125,434,1075,284,1124,1652,2409
5664652,472.98,315.975,458.58,320.175,438,1074,291,1135,1655,2407
5664654,472.74,315,458.34,320.1,435,1063,289,1134,1654,2411
5664656,472.42,316.05,457.86,319.725,432,1076,284,1132,1659,2411
5664658,473.22,315.6,458.34,319.875,440,1070,289,1133,1657,2407
5664660,472.82,314.7,457.86,319.2,436,1061,283,1126,1654,2409
5664662,472.82,315.6,458.1,319.35,436,1071,285,1127,1659,2411
5664664,472.1,315.9,457.54,319.875,429,1075,280,1134,1660,2410
5664666,472.5,314.55,457.86,319.875,432,1060,284,1134,1660,2412
5664668,472.1,314.85,458.26,320.55,428,1064,289,1140,1660,2415
5664670,472.34,315.525,457.78,319.575,431,1070,282,1131,1661,2417
5664672,472.58,315,457.62,319.725,433,1065,281,1132,1661,2417
5664674,472.02,314.325,457.46,318.375,426,1058,278,1118,1658,2417
5664676,472.1,315.225,457.54,318.6,428,1068,278,1120,1658,2417
5664678,472.1,315.15,456.9,318.6,428,1067,272,1121,1664,2412
5664680,471.14,314.85,457.06,318.6,417,1064,274,1121,1667,2418
5664682,471.22,316.05,457.38,319.425,420,1077,278,1129,1673,2419
5664684,471.06,315.825,456.74,318.6,417,1075,270,1120,1678,2423
5664686,471.54,315.375,456.9,317.85,422,1070,270,1112,1668,2420
5664688,470.58,315.75,457.38,318.075,412,1074,276,1114,1678,2415
5664690,470.34,314.925,456.82,317.25,408,1066,269,1105,1668,2416
5664692,470.66,315.15,456.42,318.45,411,1067,265,1118,1670,2422
5664694,470.74,314.25,455.62,316.725,411,1057,255,1100,1674,2414
5664696,470.58,314.625,455.78,317.325,410,1060,257,1106,1670,2419
5664698,469.86,315.975,456.1,316.8,403,1076,260,1100,1677,2422
5664700,471.14,313.95,456.02,317.25,414,1052,258,1104,1672,2420
5664702,470.82,313.95,455.78,316.95,411,1052,256,1101,1669,2422
5664704,470.66,315.075,456.18,318.525,410,1064,262,1117,1676,2426
5664706,470.74,314.925,456.02,317.1,410,1062,258,1102,1672,2418
5664708,470.02,314.775,456.34,318.15,403,1060,262,1112,1673,2425
5664710,469.38,314.7,455.86,317.775,395,1060,257,1108,1678,2423
5664712,470.74,314.775,455.78,318,410,1058,256,1110,1674,2426
5664714,469.7,314.25,456.5,317.475,399,1054,262,1103,1677,2421
5664716,468.66,315.75,455.94,317.925,388,1071,258,1108,1685,2428
5664718,469.46,315.075,455.3,317.925,396,1062,251,1109,1682,2421
5664720,470.1,314.7,456.1,318.675,402,1057,259,1116,1680,2426
5664722,469.7,314.925,456.1,318.75,399,1060,260,1116,1682,2429
5664724,469.54,314.775,455.7,318.6,396,1058,255,1114,1687,2430
5664726,470.02,315.3,456.26,318.375,402,1063,261,1111,1683,2430
5664728,469.78,315.225,456.9,319.2,399,1062,268,1120,1688,2426
5664730,469.7,314.85,455.86,318.15,398,1058,256,1109,1689,2431
5664732,469.86,314.775,456.1,318.6,399,1057,259,1113,1683,2429
5664734,470.1,315.675,456.9,318.6,403,1066,267,1112,1692,2433
5664736,470.1,315.15,456.1,317.775,402,1060,258,1105,1689,2429
5664738,470.34,314.4,456.5,318.45,404,1052,263,1111,1686,2432
5664740,470.1,315.6,456.66,318.6,402,1065,265,1113,1691,2428
5664742,470.82,315,456.58,319.2,410,1058,264,1119,1691,2430
5664744,470.74,315.525,457.38,319.275,409,1064,273,1119,1689,2430
5664746,470.26,314.7,457.22,319.05,404,1056,272,1116,1690,2436
5664748,471.06,314.625,457.06,319.05,413,1054,270,1117,1691,2434
5664750,470.66,314.325,457.7,318.6,408,1051,277,1111,1692,2437
5664752,470.02,316.05,456.98,318.675,404,1071,269,1114,1697,2434
5664754,470.18,314.7,457.62,318.675,404,1056,276,1113,1696,2438
5664756,470.5,314.7,457.54,318.975,407,1056,276,1116,1696,2434
5664758,470.5,315.15,458.1,319.875,408,1061,282,1126,1698,2434
5664760,470.74,314.925,457.7,319.35,411,1058,279,1121,1697,2436
5664762,470.82,314.775,458.1,319.05,412,1057,282,1117,1696,2435
5664764,471.3,315.825,457.78,319.35,418,1068,280,1122,1701,2436
5664766,470.9,315.45,458.02,320.1,414,1065,283,1129,1702,2435
5664768,471.38,315.3,458.34,319.8,419,1064,286,1126,1701,2435
5664770,470.74,316.2,458.1,320.325,414,1074,285,1132,1703,2435
5664772,470.74,316.125,458.1,320.175,414,1074,285,1131,1704,2435
5664774,470.82,315.45,458.66,320.475,415,1066,292,1134,1701,2433
5664776,470.9,315.675,458.66,320.7,416,1070,293,1137,1707,2434
5664778,470.9,316.725,458.58,320.775,417,1081,292,1137,1711,2432
5664780,470.82,316.425,458.58,321,417,1078,293,1141,1708,2431
5664782,470.98,316.875,459.22,321.825,419,1083,301,1149,1711,2436
5664784,470.34,317.025,458.9,321.225,413,1086,297,1144,1714,2435
5664786,471.38,316.275,459.22,320.625,423,1076,300,1137,1710,2438
5664788,471.22,315.9,458.58,320.775,423,1074,295,1140,1708,2437
5664790,470.98,316.65,458.98,321.15,420,1082,299,1143,1715,2433
5664792,470.5,316.725,458.98,320.625,417,1084,300,1139,1716,2437
5664794,470.9,316.05,458.74,320.325,420,1076,297,1136,1715,2438
5664796,470.42,315.6,459.06,320.775,416,1073,301,1141,1717,2437
5664798,470.42,315.975,458.66,320.7,416,1077,297,1141,1716,2436
5664800,470.66,315.675,458.18,320.25,420,1074,293,1137,1720,2437
5664802,469.7,316.125,458.34,320.4,410,1080,295,1138,1719,2434
5664804,469.94,315.975,458.1,320.1,413,1078,293,1136,1720,2434
5664806,470.26,315.825,458.42,320.175,416,1077,296,1136,1721,2439
5664808,470.02,315.45,458.74,320.625,414,1074,301,1141,1716,2438
5664810,469.7,315.675,458.66,320.175,411,1076,300,1137,1721,2433
5664812,470.58,316.05,458.58,320.175,422,1079,299,1137,1724,2432
5664814,469.62,316.05,458.42,320.4,411,1081,298,1140,1720,2436
5664816,469.7,316.5,458.26,320.4,414,1085,297,1140,1724,2432
5664818,470.34,315.6,458.02,320.325,419,1075,294,1140,1720,2434
5664820,469.86,314.925,458.18,320.475,414,1068,297,1142,1719,2437
5664822,469.3,315.225,458.02,319.8,409,1072,295,1134,1719,2436
5664824,469.22,315.525,457.94,319.875,409,1076,295,1135,1718,2433
5664826,469.38,315.6,458.02,319.575,410,1077,295,1132,1720,2436
5664828,469.38,314.85,457.94,319.725,410,1069,295,1134,1721,2439
5664830,469.06,315.3,458.1,320.175,408,1074,297,1138,1724,2437
5664832,469.14,314.55,457.54,319.05,408,1066,290,1127,1719,2439
5664834,468.74,314.925,457.54,319.425,404,1070,291,1131,1724,2439
5664836,469.46,315.225,457.86,319.35,413,1073,295,1129,1726,2437
5664838,469.46,314.325,457.94,319.275,412,1062,296,1129,1724,2437
5664840,469.06,313.5,457.38,318.825,407,1054,289,1124,1723,2435
5664842,469.86,314.175,457.3,318.675,415,1061,288,1123,1727,2439
5664844,468.9,314.625,457.38,318.975,406,1066,289,1125,1727,2435
5664846,468.98,312.6,456.98,318,405,1044,284,1115,1727,2441
5664848,469.46,314.325,457.78,319.425,412,1061,295,1129,1729,2437
5664850,469.54,313.65,457.22,318.75,412,1054,288,1123,1727,2437
5664852,468.42,314.25,457.22,318.375,401,1061,288,1119,1729,2436
5664854,469.54,314.325,457.22,318.45,413,1061,288,1119,1729,2433
5664856,469.46,313.95,457.38,318.375,412,1057,289,1117,1728,2436
5664858,469.14,313.35,457.7,318.675,408,1050,293,1121,1732,2438
5664860,468.58,314.925,457.14,318.9,404,1068,287,1123,1728,2435
5664862,468.9,313.575,457.22,319.35,406,1053,289,1128,1731,2438
5664864,468.82,313.875,457.22,318.225,405,1056,288,1115,1728,2439
5664866,468.82,313.5,457.38,318.825,405,1052,290,1122,1728,2441
5664868,468.74,314.625,457.46,319.125,405,1064,291,1124,1731,2434
5664870,468.58,313.875,457.22,319.2,403,1056,289,1126,1726,2439
5664872,468.58,314.25,457.06,318.975,403,1059,286,1123,1727,2439
5664874,468.98,314.175,457.22,320.175,407,1058,289,1135,1726,2440
5664876,468.74,315.3,457.38,319.125,405,1070,290,1124,1728,2438
5664878,468.5,315.45,457.06,319.575,403,1072,287,1129,1729,2440
5664880,468.74,315.075,457.38,319.95,405,1068,291,1133,1728,2436
5664882,468.82,315.45,457.3,319.275,406,1072,289,1125,1730,2438
5664884,468.34,314.925,456.98,319.875,400,1066,287,1132,1726,2441
5664886,468.66,314.775,457.38,320.325,404,1064,291,1137,1725,2442
5664888,468.34,315.45,457.38,320.025,401,1072,291,1134,1728,2441
5664890,468.5,315.375,457.86,320.175,402,1071,296,1135,1729,2438
5664892,468.34,314.925,457.46,320.025,401,1067,292,1134,1726,2437
5664894,468.58,315.6,457.62,320.175,404,1074,294,1136,1729,2438
5664896,468.98,316.5,457.54,319.8,409,1084,292,1132,1731,2436
5664898,468.58,315.675,457.62,320.325,404,1075,293,1138,1729,2437
5664900,468.66,316.35,457.7,319.8,405,1083,294,1132,1726,2438
5664902,469.06,316.35,457.62,320.25,409,1083,293,1137,1728,2432
5664904,469.06,316.05,458.1,319.95,409,1080,298,1135,1728,2437
5664906,469.46,316.05,457.54,319.725,413,1080,292,1133,1727,2434
5664908,469.3,316.275,457.86,320.7,412,1084,296,1144,1727,2437
5664910,469.14,316.2,457.7,319.725,410,1083,294,1133,1725,2434
5664912,469.3,316.65,458.02,319.725,412,1088,296,1134,1731,2436
5664914,469.46,316.425,457.86,319.425,414,1086,295,1131,1726,2436
5664916,469.3,315.825,457.94,320.25,411,1080,296,1140,1725,2433
5664918,469.46,315.15,458.42,320.025,412,1073,301,1138,1724,2435
5664920,469.22,317.25,458.02,319.65,411,1097,297,1135,1725,2433
5664922,469.78,317.1,457.94,319.65,417,1095,295,1135,1728,2435
5664924,469.62,316.875,458.18,320.1,415,1094,298,1140,1722,2434
5664926,469.62,318.075,458.1,319.95,416,1106,298,1139,1721,2437
5664928,470.18,317.025,458.82,320.325,421,1095,305,1143,1721,2430
5664930,469.62,317.775,458.34,320.25,416,1104,300,1143,1723,2431
5664932,469.86,318.45,457.78,320.25,419,1112,295,1145,1723,2433
5664934,470.34,317.775,458.9,320.25,423,1105,306,1144,1725,2431
5664936,469.78,317.925,458.98,320.1,418,1108,306,1143,1723,2428
5664938,469.54,318.15,458.66,321.225,416,1111,304,1155,1718,2430
5664940,470.02,317.625,458.26,320.7,420,1105,299,1152,1722,2429
5664942,469.62,317.475,458.5,320.85,416,1104,302,1153,1720,2429
5664944,469.62,318.525,458.34,321.375,416,1117,301,1159,1721,2425
5664946,469.7,318.15,458.34,320.925,417,1112,300,1154,1716,2426
5664948,469.7,318.975,458.74,321,417,1122,304,1156,1715,2431
5664950,469.22,318.75,458.58,321.675,412,1121,304,1163,1715,2431
5664952,469.78,318.45,458.74,321.825,418,1118,305,1166,1715,2420
5664954,469.14,319.35,458.34,321.825,412,1128,301,1167,1715,2426
5664956,468.74,319.275,458.58,322.65,407,1129,304,1176,1711,2426
5664958,469.54,319.2,458.5,321.825,416,1127,303,1167,1714,2424
5664960,468.98,318.3,458.42,321.675,409,1119,301,1167,1708,2429
5664962,469.22,318.675,458.02,321.075,411,1123,296,1161,1710,2426
5664964,468.74,318.075,458.58,321.375,406,1117,303,1164,1709,2423
5664966,468.5,318.525,457.94,321.15,404,1122,295,1163,1708,2427
5664968,468.74,317.925,458.34,320.85,405,1117,299,1160,1707,2421
5664970,468.42,318.3,457.86,320.925,402,1121,294,1161,1707,2422
5664972,468.5,317.7,458.1,320.1,402,1115,295,1152,1705,2423
5664974,468.58,317.55,457.78,321.3,403,1114,293,1166,1702,2423
5664976,468.74,317.775,458.26,321,405,1117,298,1163,1704,2421
5664978,468.98,317.325,457.86,320.175,407,1111,293,1154,1701,2421
5664980,468.58,317.775,458.18,320.325,403,1117,296,1156,1703,2420
5664982,468.82,317.55,457.46,320.1,405,1114,288,1155,1705,2422
5664984,468.74,317.85,458.34,320.325,404,1118,297,1156,1701,2420
5664986,468.82,317.625,458.26,320.775,405,1115,297,1161,1699,2419
5664988,468.98,317.85,457.86,320.4,406,1118,292,1158,1703,2423
5664990,468.98,318.075,457.78,320.1,406,1120,291,1154,1701,2422
5664992,469.06,318.75,458.5,320.85,408,1127,299,1162,1697,2420
5664994,469.78,318,458.5,320.55,414,1119,299,1159,1693,2416
5664996,469.46,318.45,458.58,320.325,411,1124,298,1156,1698,2418
5664998,469.14,319.2,458.58,320.55,408,1133,299,1159,1691,2418
5665000,469.46,318.825,459.06,319.5,411,1128,302,1147,1694,2417
5665002,469.46,318.075,458.58,320.1,410,1120,298,1154,1689,2418
5665004,469.62,318.75,458.74,320.4,412,1127,299,1157,1693,2414
5665006,470.02,318.15,458.66,319.95,416,1120,298,1152,1690,2413
5665008,469.7,318.6,458.66,320.4,412,1125,298,1156,1686,2411
5665010,469.38,318.6,458.18,319.95,409,1125,292,1152,1690,2417
5665012,469.78,318.45,458.98,319.95,413,1122,301,1151,1688,2410
5665014,469.62,319.2,458.5,320.025,412,1131,296,1152,1688,2413
5665016,469.38,318.9,459.06,320.25,409,1128,302,1153,1685,2405
5665018,469.38,318.9,458.98,319.5,409,1127,300,1145,1682,2407
5665020,469.54,318.9,458.74,320.775,410,1127,299,1159,1683,2411
5665022,469.22,318.675,459.06,319.425,407,1125,301,1144,1678,2404
5665024,469.22,318.3,459.38,319.575,407,1120,304,1145,1681,2408
5665026,468.98,318.975,458.82,319.425,405,1128,298,1144,1679,2411
5665028,469.78,318.375,459.7,319.125,412,1120,308,1140,1676,2406
5665030,469.22,318.975,459.38,318.3,407,1128,303,1131,1676,2408
5665032,469.22,319.35,459.3,319.575,408,1131,303,1144,1673,2409
5665034,469.7,319.125,459.3,319.125,412,1128,303,1140,1676,2401
5665036,470.18,318.3,459.94,318.525,417,1118,309,1132,1675,2401
5665038,470.18,318.6,459.7,319.2,417,1121,308,1139,1671,2405
5665040,469.78,319.275,459.94,319.275,414,1128,310,1139,1671,2404
5665042,470.1,318.75,459.94,318.9,417,1123,310,1136,1673,2402
5665044,469.86,318.825,459.22,319.275,414,1123,303,1139,1674,2397
5665046,469.46,318.675,459.78,318.3,410,1122,308,1128,1671,2394
5665048,469.78,318.225,460.02,319.2,413,1116,311,1138,1668,2396
5665050,469.62,318.9,459.86,319.05,412,1124,310,1136,1669,2394
5665052,469.94,318.75,460.26,319.2,416,1121,315,1136,1666,2395
5665054,470.02,319.35,459.94,318.15,417,1127,310,1125,1669,2398
5665056,469.7,318.975,460.58,319.35,414,1124,318,1138,1666,2390
5665058,469.86,319.2,460.66,318.675,415,1125,319,1130,1663,2391
5665060,470.02,318.675,460.1,319.425,417,1119,314,1138,1665,2390
5665062,470.02,319.275,460.42,318.75,418,1126,316,1131,1664,2388
5665064,470.42,318.975,460.58,319.275,421,1122,319,1136,1662,2390
5665066,470.02,319.875,460.82,318.525,418,1132,321,1127,1663,2385
5665068,469.94,319.725,460.34,320.55,418,1130,318,1149,1662,2382
5665070,470.1,319.8,460.9,319.95,420,1130,323,1142,1663,2390
5665072,470.1,319.5,460.66,319.35,420,1127,320,1136,1657,2388
5665074,469.78,319.8,460.58,318.825,417,1131,319,1130,1662,2385
5665076,470.1,319.65,460.98,319.95,420,1129,324,1142,1653,2385
5665078,469.54,320.025,460.9,319.125,415,1133,323,1132,1659,2382
5665080,469.86,319.35,461.38,319.725,418,1125,329,1138,1656,2379
5665082,469.86,319.2,460.9,319.725,417,1124,324,1139,1649,2380
5665084,469.94,320.25,460.98,320.775,420,1135,326,1151,1657,2379
5665086,470.26,320.325,461.14,319.575,423,1136,326,1137,1652,2376
5665088,469.94,321,460.9,319.65,420,1142,324,1138,1652,2371
5665090,469.94,320.175,461.06,319.5,420,1133,326,1136,1650,2376
5665092,470.02,320.175,460.66,319.8,420,1133,322,1140,1648,2375
5665094,470.26,319.65,461.06,320.025,423,1128,326,1142,1647,2374
5665096,469.3,320.1,460.58,320.325,413,1133,322,1145,1646,2372
5665098,470.1,319.35,460.98,318.525,421,1124,324,1125,1641,2369
5665100,469.86,319.725,461.14,319.725,419,1128,327,1139,1644,2369
5665102,469.54,318.45,460.26,319.575,415,1116,318,1137,1637,2365
5665104,469.94,319.2,460.74,319.35,419,1123,323,1134,1636,2364
5665106,469.54,320.025,460.66,319.95,416,1132,323,1141,1635,2367
5665108,469.62,319.35,460.9,320.025,416,1125,325,1142,1643,2364
5665110,469.46,320.175,460.26,319.5,415,1134,318,1137,1638,2364
5665112,469.38,320.325,459.86,320.325,415,1135,314,1145,1641,2362
5665114,469.38,320.025,460.34,319.575,414,1132,319,1137,1634,2363
5665116,469.3,320.775,460.18,319.575,414,1140,317,1137,1641,2357
5665118,469.3,319.725,460.34,320.55,413,1128,319,1148,1636,2361
5665120,469.38,319.875,460.34,319.875,414,1130,319,1140,1634,2358
5665122,469.22,319.575,460.26,319.8,411,1128,318,1139,1632,2358
5665124,469.3,320.625,460.66,321.075,413,1139,323,1153,1633,2354
5665126,469.86,319.5,460.26,320.55,418,1126,318,1147,1629,2352
5665128,469.46,319.5,460.18,321.375,414,1126,318,1156,1631,2346
5665130,469.7,320.175,459.62,321,417,1133,312,1153,1631,2352
5665132,469.46,320.475,460.18,321.825,415,1136,319,1161,1632,2343
5665134,469.54,319.2,459.94,320.25,414,1122,314,1144,1630,2349
5665136,469.3,320.175,459.78,320.325,412,1133,313,1145,1630,2350
5665138,469.22,319.95,460.1,321.075,411,1130,316,1153,1632,2347
5665140,469.22,319.875,459.38,320.325,411,1130,308,1145,1631,2346
5665142,469.38,319.425,460.02,321.225,412,1124,315,1154,1626,2347
5665144,469.3,320.85,459.54,320.85,412,1140,310,1150,1631,2347
5665146,469.86,319.65,459.54,321.075,417,1126,311,1152,1628,2346
5665148,469.7,319.875,459.38,320.325,415,1128,307,1144,1630,2346
5665150,469.7,318.45,459.46,320.55,414,1113,309,1147,1624,2343
5665152,469.46,319.5,459.62,320.175,412,1124,309,1142,1627,2348
5665154,469.3,319.8,459.54,320.475,410,1128,309,1146,1626,2343
5665156,469.54,320.025,459.54,320.625,413,1130,309,1147,1625,2341
5665158,469.46,317.7,459.62,320.55,410,1104,309,1146,1618,2337
5665160,469.14,319.275,459.62,321.3,408,1122,310,1154,1624,2336
5665162,469.22,319.725,459.62,320.7,409,1126,309,1147,1624,2338
5665164,469.46,316.95,460.34,321.3,408,1096,317,1153,1616,2336
5665166,469.62,318.225,459.3,320.925,411,1110,306,1151,1623,2335
5665168,469.62,319.275,459.86,321.075,412,1121,312,1151,1622,2335
5665170,469.46,318.75,459.94,321.375,410,1115,312,1154,1618,2334
5665172,469.06,319.05,460.02,321.6,405,1118,313,1156,1618,2326
5665174,469.46,318.675,459.62,320.925,409,1114,308,1149,1621,2336
5665176,469.38,318.45,459.94,321.9,408,1112,312,1159,1618,2330
5665178,468.98,319.125,460.18,320.625,405,1119,314,1145,1622,2333
5665180,469.22,320.85,459.78,321.525,408,1137,310,1155,1625,2334
5665182,469.3,318.45,460.34,321.975,407,1111,317,1159,1614,2327
5665184,469.86,318.675,460.42,321.3,413,1113,316,1151,1617,2324
5665186,469.3,318.75,460.26,321.225,407,1114,315,1151,1615,2328
5665188,470.18,318,460.66,322.35,415,1105,320,1162,1606,2327
5665190,469.7,318.3,460.42,321.3,411,1109,317,1152,1609,2325
5665192,470.18,318.525,460.5,321.675,416,1111,318,1156,1608,2323
5665194,469.3,318.45,460.5,321.825,407,1111,318,1157,1611,2318
5665196,469.62,320.325,460.42,321.9,412,1131,317,1157,1616,2322
5665198,469.7,319.275,460.26,321.825,411,1119,315,1157,1612,2322
5665200,469.62,319.35,460.74,322.275,411,1120,321,1161,1607,2314
5665202,470.02,319.575,461.06,321.975,415,1122,324,1158,1610,2321
5665204,470.5,318.6,460.34,322.425,419,1111,317,1163,1605,2321
5665206,470.66,318.75,460.74,321.75,422,1112,320,1155,1607,2315
5665208,470.1,318.975,460.74,321.525,416,1116,320,1153,1606,2315
5665210,470.42,319.05,460.82,322.125,419,1116,322,1159,1604,2311
5665212,469.54,319.125,460.82,321.45,410,1118,321,1152,1608,2312
5665214,470.34,318.825,461.14,322.2,418,1114,325,1160,1602,2311
5665216,470.26,318.6,460.66,322.05,417,1112,320,1159,1605,2306
5665218,470.02,319.05,461.22,322.275,415,1117,326,1161,1601,2311
5665220,470.1,318.675,460.9,322.275,416,1113,323,1162,1598,2308
5665222,470.1,317.85,461.3,322.125,415,1104,327,1160,1600,2308
5665224,470.42,318.525,461.38,322.05,419,1112,328,1159,1600,2305
5665226,470.34,318.675,460.98,322.05,418,1113,324,1160,1600,2307
5665228,470.74,318.375,461.06,322.5,423,1110,325,1165,1597,2301
5665230,470.1,318.45,461.14,322.275,416,1111,326,1162,1601,2304
5665232,469.86,318.45,460.98,322.5,414,1112,324,1165,1597,2299
5665234,470.82,318.15,460.74,321.975,424,1107,322,1160,1602,2301
5665236,470.26,318.375,460.98,323.025,418,1111,326,1171,1601,2298
5665238,470.42,318.3,460.9,322.275,420,1110,324,1164,1597,2303
5665240,470.58,318.45,460.58,321.675,422,1112,320,1158,1598,2300
5665242,470.66,318.375,461.3,322.35,423,1111,329,1164,1599,2299
5665244,470.42,318.525,461.06,322.725,420,1113,326,1169,1596,2296
5665246,470.5,318.3,460.9,322.35,421,1111,325,1165,1598,2296
5665248,470.74,318.3,461.3,322.2,424,1111,329,1164,1598,2295
5665250,470.74,318.45,461.54,321.975,424,1112,332,1161,1596,2294
5665252,470.9,318.9,461.06,323.1,426,1118,327,1174,1598,2292
5665254,470.66,318.525,461.22,322.2,424,1114,329,1164,1595,2295
5665256,470.58,319.05,461.06,322.35,424,1121,327,1167,1595,2290
5665258,470.5,319.2,460.9,322.35,424,1122,325,1166,1594,2292
5665260,470.1,319.05,460.9,323.025,419,1121,327,1175,1595,2290
5665262,470.26,318.225,461.22,322.425,420,1112,330,1167,1589,2291
5665264,470.82,319.2,461.14,322.8,427,1122,330,1172,1593,2286
5665266,470.58,319.125,461.06,322.875,424,1122,329,1173,1596,2294
5665268,470.18,319.05,460.98,322.95,421,1122,328,1174,1590,2290
5665270,470.82,318.825,460.98,322.8,427,1119,328,1173,1592,2287
5665272,470.66,319.5,460.34,323.1,426,1126,322,1177,1590,2288
5665274,470.9,318.6,460.42,322.2,427,1117,322,1167,1589,2288
5665276,470.5,318.825,460.66,322.5,424,1120,324,1171,1594,2286
5665278,471.14,318.825,460.9,322.125,431,1119,327,1166,1593,2286
5665280,470.66,318.975,460.74,322.575,426,1122,326,1171,1590,2283
5665282,471.14,319.275,460.5,322.425,432,1124,323,1170,1589,2284
5665284,471.22,319.05,459.94,322.725,432,1122,318,1174,1590,2288
5665286,470.82,318.975,460.1,322.95,428,1122,320,1177,1589,2281
5665288,470.82,318.675,460.26,322.65,429,1118,322,1173,1587,2284
5665290,470.98,318.9,459.94,322.8,430,1121,318,1175,1587,2281
5665292,471.22,318.9,460.66,322.875,433,1121,326,1175,1591,2280
5665294,472.02,318.825,460.82,323.25,441,1119,328,1179,1588,2283
5665296,473.3,319.5,461.46,323.325,455,1125,335,1179,1588,2280
5665298,474.18,320.625,462.66,323.1,465,1136,347,1175,1586,2283
5665300,474.58,320.55,462.34,323.1,470,1135,343,1176,1584,2279
5665302,474.34,319.8,461.78,323.325,466,1127,338,1179,1582,2279
5665304,473.38,320.7,461.22,323.325,457,1138,332,1180,1583,2280
5665306,472.26,321.3,460.26,323.175,446,1145,322,1179,1584,2278
5665308,470.9,320.85,459.3,323.175,431,1142,312,1180,1579,2276
5665310,469.94,321,458.98,323.625,421,1145,309,1185,1580,2281
5665312,469.78,320.475,458.26,323.475,419,1139,302,1184,1585,2283
5665314,470.26,320.85,458.82,323.25,425,1143,307,1181,1582,2281
5665316,469.94,320.925,458.5,323.4,422,1144,304,1183,1583,2280
5665318,469.78,320.7,458.74,322.875,420,1142,306,1177,1581,2281
5665320,470.18,320.55,458.5,323.4,424,1140,304,1183,1581,2275
5665322,470.18,320.85,458.82,322.875,424,1143,307,1177,1581,2277
5665324,469.62,321.3,458.58,322.95,419,1148,304,1178,1579,2279
5665326,470.5,320.625,458.66,323.025,427,1140,305,1179,1582,2274
5665328,470.26,320.85,458.9,323.1,425,1143,308,1180,1579,2276
5665330,470.42,319.5,458.5,322.8,425,1128,304,1177,1575,2279
5665332,470.74,319.95,458.74,323.025,429,1133,306,1179,1582,2276
5665334,470.34,320.25,458.42,322.725,425,1136,302,1176,1583,2283
5665336,470.5,319.65,458.02,322.65,426,1130,298,1176,1581,2277
5665338,470.42,319.8,458.26,322.725,425,1132,300,1177,1582,2272
5665340,470.34,320.325,458.26,322.5,424,1137,300,1174,1581,2277
5665342,470.26,319.125,458.18,322.8,422,1124,299,1178,1580,2274
5665344,470.02,318.75,458.5,322.575,420,1121,302,1174,1579,2272
5665346,470.1,319.725,457.78,322.425,422,1131,295,1174,1584,2275
5665348,470.18,318.675,457.94,322.275,421,1120,296,1172,1578,2277
5665350,470.1,318.9,457.78,322.8,420,1122,296,1178,1582,2274
5665352,470.02,320.625,457.62,323.1,421,1141,294,1181,1576,2274
5665354,470.26,318.9,457.54,322.125,422,1122,292,1171,1579,2274
5665356,470.26,320.325,457.46,322.65,424,1138,292,1176,1573,2271
5665358,469.54,320.175,457.86,322.575,416,1136,296,1176,1576,2272
5665360,470.18,319.875,457.3,322.875,421,1133,289,1179,1577,2274
5665362,470.34,319.725,457.22,322.35,424,1131,288,1174,1573,2278
5665364,470.74,320.475,457.78,322.725,428,1139,295,1177,1575,2272
5665366,470.18,320.4,457.7,323.1,422,1139,294,1182,1576,2275
5665368,470.74,320.625,457.54,323.175,428,1141,293,1183,1575,2277
5665370,470.5,319.95,457.78,322.65,425,1133,295,1177,1576,2274
5665372,470.1,321.3,458.02,323.4,422,1149,297,1184,1578,2273
5665374,470.34,320.85,457.7,323.25,424,1143,294,1184,1575,2275
5665376,470.98,320.625,458.26,322.8,431,1141,299,1178,1575,2274
5665378,470.58,320.475,458.02,323.1,426,1140,297,1182,1576,2270
5665380,470.9,320.925,458.5,322.875,430,1144,302,1179,1575,2272
5665382,471.3,320.325,458.18,322.65,433,1137,298,1176,1573,2272
5665384,471.06,320.4,458.18,323.025,431,1139,299,1181,1574,2271
5665386,471.14,320.325,457.54,322.125,432,1138,290,1172,1573,2275
5665388,471.22,320.025,458.42,322.65,433,1135,301,1177,1570,2269
5665390,471.7,320.55,458.26,322.65,438,1139,299,1177,1571,2274
5665392,471.22,319.125,458.34,321.9,432,1125,299,1169,1569,2270
5665394,471.3,319.65,458.42,321.675,433,1131,300,1167,1577,2274
5665396,471.3,318.825,458.18,321.75,432,1122,298,1167,1575,2273
5665398,471.3,318.9,458.42,321.75,432,1123,300,1168,1576,2268
5665400,471.62,319.725,458.18,322.05,437,1132,298,1171,1576,2273
5665402,472.26,317.85,458.18,321.45,442,1110,297,1165,1573,2271
5665404,472.18,318.375,458.66,321.675,441,1116,303,1166,1574,2271
5665406,472.26,318.825,458.82,321.075,443,1120,304,1160,1576,2270
5665408,471.94,318.075,458.74,320.55,439,1113,303,1154,1573,2270
5665410,471.62,318.3,458.34,321.75,435,1116,300,1168,1577,2270
5665412,471.86,318.375,458.9,321.45,438,1116,305,1164,1576,2271
5665414,472.34,317.85,458.5,321.15,443,1110,301,1161,1576,2271
5665416,471.7,318.45,458.34,321.6,437,1118,300,1166,1573,2271
5665418,472.34,318.375,458.98,321.975,443,1116,306,1169,1573,2273
5665420,472.26,318,459.14,321.525,442,1112,308,1164,1576,2273
5665422,472.58,318.225,458.9,321.675,446,1114,305,1167,1576,2273
5665424,472.18,318.6,459.06,321.975,442,1119,308,1169,1575,2273
5665426,472.98,318.525,458.9,321.15,450,1117,305,1161,1570,2275
5665428,471.94,318.15,458.42,321.6,440,1114,301,1166,1573,2271
5665430,472.1,318.825,459.06,321.3,442,1121,307,1163,1570,2273
5665432,472.26,317.85,458.9,321.375,443,1111,306,1164,1573,2273
5665434,472.82,318.3,458.5,321.75,449,1115,302,1168,1575,2270
5665436,473.06,318.6,459.14,321.9,452,1118,309,1168,1570,2272
5665438,473.14,318.525,459.06,321.525,453,1117,308,1165,1571,2274
5665440,473.06,318.15,459.06,321.6,452,1113,308,1166,1570,2272
5665442,472.9,318.825,459.38,321.225,451,1120,311,1161,1572,2273
5665444,473.62,318.6,459.22,321.225,458,1117,310,1161,1571,2275
5665446,473.38,319.5,459.06,321.15,457,1127,308,1160,1578,2277
5665448,473.62,319.05,459.94,321.3,458,1122,317,1161,1575,2275
5665450,473.3,318.75,458.98,321.525,455,1119,307,1165,1573,2274
5665452,473.22,318.675,458.82,321.075,454,1118,305,1160,1572,2272
5665454,473.22,318.225,459.86,320.925,453,1113,316,1157,1576,2277
5665456,472.98,318.225,459.3,321.075,451,1114,310,1159,1570,2274
5665458,473.3,317.85,459.62,320.925,454,1109,313,1157,1578,2276
5665460,473.3,318.525,459.54,321.375,455,1116,313,1162,1579,2275
5665462,473.38,318.15,459.78,320.85,455,1112,315,1156,1573,2276
5665464,472.9,318.6,459.54,321.675,451,1117,314,1165,1575,2271
5665466,473.38,317.55,459.46,321.375,455,1105,313,1161,1581,2278
5665468,472.58,317.925,459.62,321.3,447,1110,314,1160,1586,2276
5665470,473.06,318.15,459.22,321.525,452,1112,310,1163,1580,2277
5665472,472.74,318.375,458.9,321.225,449,1114,307,1160,1582,2280
5665474,472.34,318.225,459.3,320.85,444,1113,311,1155,1584,2275
5665476,473.22,317.775,459.14,320.7,453,1106,308,1153,1580,2275
5665478,473.38,317.175,459.3,320.625,454,1099,310,1152,1577,2276
5665480,473.06,317.7,459.78,321,451,1105,315,1156,1574,2274
5665482,473.38,316.575,459.22,320.55,454,1093,309,1151,1572,2274
5665484,473.3,316.275,458.74,320.55,452,1089,303,1151,1577,2275
5665486,472.9,317.025,459.54,320.25,448,1098,312,1147,1575,2280
5665488,473.06,316.875,459.38,320.475,450,1096,310,1150,1577,2279
5665490,473.22,316.05,459.46,320.175,451,1086,310,1146,1577,2279
5665492,473.06,316.2,458.74,320.4,448,1087,302,1148,1578,2277
5665494,473.22,316.425,459.06,320.475,450,1090,306,1149,1579,2277
5665496,473.06,316.875,459.46,319.95,449,1094,309,1143,1579,2282
5665498,473.14,316.2,458.58,320.325,449,1087,301,1147,1577,2279
5665500,473.14,316.35,459.22,320.625,448,1088,307,1150,1578,2277
5665502,473.06,315.975,459.38,320.175,447,1084,308,1145,1583,2284
5665504,472.82,316.425,459.14,320.925,444,1089,306,1153,1579,2285
5665506,472.98,315.975,458.74,320.85,446,1084,302,1152,1582,2281
5665508,472.5,316.8,459.06,320.775,441,1093,304,1150,1579,2285
5665510,472.82,316.275,458.98,320.775,444,1087,303,1151,1583,2285
5665512,473.38,316.35,458.66,320.7,449,1087,299,1150,1582,2282
5665514,472.98,316.575,459.14,320.925,445,1090,305,1152,1581,2282
5665516,472.9,316.125,459.14,321,444,1085,304,1153,1581,2284
5665518,472.82,316.425,459.14,321,443,1089,304,1152,1582,2283
5665520,472.66,317.25,458.98,320.7,442,1098,302,1150,1582,2285
5665522,472.9,316.8,459.06,320.775,444,1092,303,1150,1578,2283
5665524,473.22,317.1,459.14,320.7,448,1095,304,1150,1579,2285
5665526,472.18,317.175,459.3,321.3,437,1097,306,1156,1578,2284
5665528,472.66,316.725,459.06,320.85,442,1093,303,1152,1582,2288
5665530,472.9,316.425,459.06,320.925,443,1089,303,1152,1584,2287
5665532,471.86,317.025,459.54,321.225,432,1097,308,1156,1582,2287
5665534,472.58,317.025,459.46,320.85,440,1096,307,1152,1581,2288
5665536,473.06,316.8,458.9,320.925,445,1094,301,1154,1583,2286
5665538,472.74,317.625,459.54,321,442,1104,308,1154,1581,2298
5665540,473.3,317.25,458.98,321.225,448,1099,302,1158,1578,2290
5665542,473.22,316.275,459.54,320.175,446,1089,307,1146,1581,2293
5665544,473.06,316.95,459.54,320.325,445,1097,307,1149,1580,2293
5665546,472.74,316.575,459.86,320.925,441,1094,311,1155,1583,2295
5665548,473.3,316.725,459.86,320.4,447,1095,310,1150,1581,2291
5665550,472.74,316.725,459.7,319.8,441,1096,308,1144,1584,2296
5665552,473.3,316.725,459.78,320.55,448,1097,309,1153,1582,2291
5665554,473.54,316.95,460.26,320.175,451,1099,314,1148,1578,2295
5665556,473.7,315.825,460.34,320.25,451,1087,316,1150,1580,2299
5665558,474.58,315.975,460.18,320.325,461,1088,314,1151,1575,2295
5665560,474.18,317.025,460.26,320.175,458,1101,315,1150,1577,2301
5665562,474.26,316.95,461.22,320.1,459,1100,325,1149,1580,2296
5665564,474.18,317.175,460.58,319.875,459,1104,319,1148,1582,2300
5665566,474.5,316.5,460.5,320.4,461,1097,319,1154,1583,2304
5665568,473.7,316.575,460.82,319.875,453,1099,321,1149,1584,2301
5665570,474.26,317.625,460.66,320.55,460,1110,320,1157,1581,2307
5665572,475.38,317.025,460.58,321.075,472,1104,321,1164,1575,2301
5665574,474.58,317.7,461.06,320.325,464,1112,325,1155,1576,2300
5665576,474.74,317.7,461.46,321,466,1113,330,1163,1580,2299
5665578,476.1,318.375,462.5,321.225,481,1119,341,1165,1580,2303
5665580,476.66,319.05,463.06,321.375,488,1128,348,1167,1580,2297
5665582,477.54,318.9,464.34,321.15,497,1125,361,1163,1583,2304
5665584,478.42,319.05,465.3,321.075,507,1127,372,1163,1586,2300
5665586,478.74,318.6,464.9,320.625,510,1122,367,1158,1592,2303
5665588,479.38,318.45,466.34,320.475,517,1121,383,1157,1587,2303
5665590,479.06,318.45,466.02,320.925,514,1121,379,1162,1590,2303
5665592,479.14,318.525,465.78,320.55,516,1123,378,1160,1586,2305
5665594,479.22,318.675,466.26,320.925,517,1125,383,1163,1587,2304
5665596,479.3,318.675,465.62,320.7,518,1127,376,1163,1582,2303
5665598,478.82,319.65,465.38,320.85,514,1138,374,1165,1586,2310
5665600,478.82,318.45,465.62,321.6,513,1126,378,1174,1587,2304
5665602,478.58,318.75,465.62,321.225,511,1129,377,1170,1591,2309
5665604,478.42,318.6,465.94,321.075,510,1129,381,1169,1587,2306
5665606,478.5,318.075,465.78,321.15,510,1123,379,1171,1587,2309
5665608,478.42,318,465.22,321.375,510,1124,374,1174,1587,2311
5665610,478.74,318.3,465.06,321.15,513,1127,372,1173,1588,2316
5665612,478.42,318.45,465.62,321.15,510,1130,378,1172,1592,2310
5665614,478.34,318.375,465.86,321.3,510,1129,381,1174,1587,2318
5665616,477.86,319.5,465.06,320.7,506,1143,373,1169,1591,2316
5665618,477.94,317.85,465.62,320.85,505,1125,379,1170,1592,2319
5665620,478.1,318.225,464.9,320.85,508,1129,372,1172,1592,2315
5665622,478.82,317.4,464.9,320.625,515,1120,372,1169,1592,2317
5665624,478.18,317.775,465.86,319.725,509,1125,381,1160,1593,2315
5665626,478.18,316.275,464.9,320.1,508,1109,372,1165,1591,2318
5665628,478.26,317.775,465.14,319.575,510,1125,374,1159,1593,2314
5665630,478.18,317.25,464.9,320.175,509,1119,372,1166,1594,2314
5665632,477.54,317.4,464.42,319.35,502,1122,366,1157,1596,2319
5665634,478.18,316.8,464.98,318.9,508,1115,372,1151,1596,2322
5665636,478.02,316.35,465.14,318.3,507,1110,373,1144,1601,2322
5665638,477.94,316.05,465.14,318.225,506,1106,373,1144,1597,2325
5665640,478.26,315,464.74,317.925,507,1095,369,1141,1594,2326
5665642,478.18,315.075,465.06,316.875,507,1095,371,1129,1599,2328
5665644,477.62,315.15,464.42,316.725,501,1096,364,1128,1602,2332
5665646,477.78,315.3,464.82,316.275,503,1097,368,1122,1601,2330
5665648,478.1,314.7,464.42,316.5,506,1090,364,1124,1603,2330
5665650,477.78,314.4,464.42,316.35,502,1087,365,1123,1599,2331
5665652,477.86,314.175,464.9,316.575,503,1084,370,1123,1598,2335
5665654,478.5,313.575,464.34,316.125,509,1076,363,1120,1599,2336
5665656,477.7,314.4,464.26,315.975,501,1084,362,1116,1601,2336
5665658,477.78,314.475,464.26,316.05,503,1086,362,1117,1602,2334
5665660,477.3,314.475,464.18,316.2,498,1085,362,1118,1599,2336
5665662,477.94,314.25,463.86,315.9,504,1082,358,1115,1601,2336
5665664,477.54,313.2,463.7,315.75,498,1069,356,1112,1603,2339
5665666,477.54,314.475,464.1,315.675,500,1083,360,1111,1602,2340
5665668,477.54,314.1,463.7,315.375,499,1077,355,1106,1600,2341
5665670,477.54,313.725,463.46,314.475,499,1073,351,1097,1602,2345
5665672,477.14,313.5,464.18,315.225,494,1069,360,1102,1601,2341
5665674,477.14,313.35,463.54,314.025,494,1068,352,1090,1600,2347
5665676,477.22,312.9,463.22,314.775,494,1061,349,1097,1603,2344
5665678,476.82,313.35,463.7,314.55,491,1066,354,1094,1604,2344
5665680,477.3,312.825,463.86,314.775,495,1059,355,1094,1606,2348
5665682,477.54,312.9,463.62,313.8,497,1059,352,1084,1606,2350
5665684,477.3,312.6,463.86,314.625,494,1054,355,1091,1609,2346
5665686,477.46,312.75,463.78,314.4,495,1056,354,1089,1604,2350
5665688,477.22,312.9,463.7,314.4,494,1056,353,1087,1607,2349
5665690,477.38,313.125,464.5,314.4,496,1058,361,1086,1605,2354
5665692,477.62,312.675,464.18,314.175,498,1052,357,1083,1605,2350
5665694,477.62,313.2,464.42,314.025,498,1057,360,1081,1606,2353
5665696,477.78,312.975,464.02,313.95,499,1053,356,1079,1608,2356
5665698,477.78,312.75,464.26,314.325,499,1051,359,1083,1609,2355
5665700,477.3,313.5,464.66,314.475,495,1058,364,1082,1608,2354
5665702,477.86,313.125,464.18,314.775,501,1054,359,1085,1612,2356
5665704,477.62,312.675,464.42,314.325,497,1047,361,1079,1609,2361
5665706,477.46,312.75,464.58,314.1,495,1048,362,1076,1610,2359
5665708,477.22,312.9,464.5,314.25,493,1049,361,1077,1614,2365
5665710,477.3,312.525,464.82,313.8,494,1045,364,1072,1609,2360
5665712,476.98,312.6,464.42,314.175,491,1045,360,1075,1613,2360
5665714,477.62,311.7,464.26,313.875,496,1034,359,1072,1611,2364
5665716,477.06,312.6,464.34,313.65,491,1044,359,1069,1613,2367
5665718,477.22,311.925,464.1,313.95,492,1036,357,1072,1613,2365
5665720,477.38,312,464.02,314.025,494,1036,355,1072,1613,2366
5665722,477.14,311.625,464.58,313.8,491,1032,361,1070,1610,2366
5665724,476.42,312.3,464.26,314.4,484,1039,359,1075,1611,2367
5665726,477.06,311.625,464.18,314.25,490,1031,357,1073,1614,2368
5665728,477.3,312.15,464.58,313.8,493,1036,361,1068,1613,2369
5665730,476.5,311.775,463.94,314.1,485,1033,355,1072,1616,2368
5665732,477.46,311.25,463.94,314.025,494,1026,355,1071,1614,2368
5665734,477.14,311.85,464.5,313.5,492,1033,361,1065,1616,2371
5665736,476.5,311.4,464.26,313.95,484,1028,358,1070,1621,2371
5665738,477.38,311.775,464.02,313.95,494,1031,356,1069,1618,2372
5665740,476.82,312.3,464.42,314.1,489,1038,360,1071,1624,2373
5665742,476.34,311.625,464.5,313.275,483,1031,360,1062,1621,2371
5665744,476.98,310.875,464.5,313.425,488,1022,360,1063,1620,2371
5665746,476.58,311.25,464.5,313.5,484,1027,360,1064,1619,2372
5665748,476.58,312.225,464.34,313.8,485,1037,359,1067,1624,2371
5665750,477.46,312.15,464.02,314.1,494,1035,355,1071,1617,2370
5665752,476.9,311.925,464.5,313.95,488,1033,360,1069,1619,2376
5665754,476.02,312.15,464.66,314.1,479,1037,361,1071,1627,2374
5665756,474.66,312.6,463.7,313.875,465,1044,352,1070,1627,2374
5665758,475.06,312.225,463.7,314.325,469,1039,352,1074,1627,2373
5665760,473.62,312,462.58,313.875,454,1038,339,1071,1623,2374
5665762,473.38,312.825,461.14,313.875,452,1048,325,1072,1624,2377
5665764,473.3,311.7,460.74,313.575,450,1036,320,1070,1623,2375
5665766,472.66,311.475,459.94,312.825,442,1034,310,1062,1621,2375
5665768,473.06,310.575,460.66,313.125,446,1024,318,1066,1622,2379
5665770,473.54,311.325,460.66,312.75,452,1032,318,1061,1625,2384
5665772,473.3,311.475,460.74,312.6,448,1034,318,1060,1622,2379
5665774,473.54,311.925,461.14,312.975,452,1039,322,1063,1628,2382
5665776,473.94,311.85,461.22,312.675,456,1038,323,1060,1626,2382
5665778,473.38,310.875,461.14,312.75,448,1028,322,1062,1627,2384
5665780,473.38,311.4,460.98,312.45,448,1034,319,1059,1628,2385
5665782,474.18,310.575,461.46,312.225,456,1024,325,1055,1633,2388
5665784,473.46,310.2,461.3,311.85,448,1021,322,1052,1631,2383
5665786,473.38,310.425,461.38,312.15,447,1023,323,1055,1627,2384
5665788,473.78,311.1,461.54,312.075,452,1030,324,1054,1630,2385
5665790,473.06,310.35,461.46,312.225,443,1023,323,1056,1632,2384
5665792,472.66,309.525,461.22,311.55,438,1014,320,1048,1633,2388
5665794,472.9,309.525,461.06,311.4,440,1014,318,1047,1633,2385
5665796,472.74,309.375,460.98,311.7,438,1013,317,1051,1633,2388
5665798,472.42,309.45,461.06,311.4,435,1013,318,1047,1635,2388
5665800,472.26,309,461.22,311.25,432,1008,318,1045,1635,2386
5665802,472.26,309.45,461.46,311.175,433,1014,321,1044,1638,2392
5665804,472.1,308.175,461.14,311.475,429,999,317,1047,1633,2392
5665806,472.58,308.25,460.98,311.55,434,1000,316,1048,1634,2388
5665808,471.94,309.9,461.22,311.55,429,1018,318,1048,1636,2391
5665810,471.78,309.15,460.58,310.875,426,1010,311,1041,1637,2388
5665812,472.1,308.85,461.3,310.95,429,1006,317,1041,1640,2392
5665814,471.54,309.45,461.3,311.325,423,1014,318,1045,1644,2396
5665816,472.74,308.85,461.22,311.325,435,1005,317,1044,1639,2394
5665818,472.26,307.875,461.38,310.725,429,995,318,1037,1640,2397
5665820,472.26,308.85,460.82,311.325,429,1005,312,1044,1642,2396
5665822,472.1,308.475,461.06,311.25,427,1001,314,1043,1646,2396
5665824,472.26,307.8,461.14,310.725,428,993,315,1037,1643,2398
5665826,472.1,308.475,461.38,311.175,427,1001,318,1041,1648,2398
5665828,472.34,308.175,461.22,311.175,429,996,316,1040,1645,2400
5665830,472.26,307.5,461.22,310.95,427,989,315,1038,1651,2401
5665832,472.02,308.175,460.98,311.175,425,996,312,1041,1649,2399
5665834,471.78,308.025,461.38,311.025,422,994,317,1039,1650,2403
5665836,472.02,308.325,461.3,311.175,425,997,315,1040,1647,2402
5665838,473.22,309.375,461.3,310.5,439,1007,315,1033,1654,2405
5665840,472.34,308.55,461.7,311.1,428,998,320,1038,1650,2401
5665842,472.58,308.025,461.94,311.175,430,992,322,1039,1652,2405
5665844,472.74,309.3,461.94,311.1,433,1006,322,1037,1656,2404
5665846,472.34,307.875,461.86,311.175,427,991,321,1038,1652,2404
5665848,472.82,306.825,462.26,310.65,431,979,325,1031,1654,2404
5665850,472.9,307.65,462.02,310.875,433,987,323,1034,1656,2406
5665852,472.42,307.875,461.78,311.25,428,990,321,1038,1655,2404
5665854,472.66,308.25,461.54,310.725,431,994,317,1033,1655,2407
5665856,472.74,308.925,462.1,311.1,433,1001,323,1036,1662,2408
5665858,473.14,306.75,462.1,310.725,435,977,323,1032,1662,2409
5665860,472.5,308.175,462.18,310.5,430,993,324,1029,1657,2409
5665862,473.54,305.775,461.86,310.95,439,966,321,1034,1667,2408
5665864,473.22,307.125,462.42,311.025,437,981,327,1034,1664,2408
5665866,473.46,307.425,462.26,311.025,439,983,325,1035,1662,2409
5665868,472.98,306.9,461.94,311.25,433,978,322,1037,1660,2409
5665870,472.98,307.575,462.34,310.8,435,985,326,1032,1664,2410
5665872,472.98,307.875,462.58,311.175,435,989,329,1035,1667,2411
5665874,473.46,306.825,462.26,311.475,439,977,326,1039,1667,2414
5665876,473.22,307.2,462.42,311.775,437,981,329,1042,1666,2411
5665878,473.38,307.35,462.66,311.325,439,983,330,1037,1669,2414
5665880,473.3,306,462.66,311.4,437,968,331,1038,1668,2417
5665882,473.06,306.6,462.74,311.025,435,975,331,1034,1670,2416
5665884,472.82,307.425,462.66,311.4,434,984,331,1038,1667,2412
5665886,473.06,306.975,462.66,311.625,436,979,331,1040,1672,2418
5665888,473.14,308.4,463.38,311.475,438,994,339,1038,1671,2417
5665890,472.66,307.2,463.06,311.775,432,982,336,1042,1673,2422
5665892,473.06,308.475,462.74,312,438,995,333,1045,1667,2420
5665894,472.82,308.175,462.98,312.075,435,993,336,1045,1674,2420
5665896,472.34,307.725,462.9,312,430,988,335,1044,1671,2424
5665898,472.58,307.95,462.98,311.775,432,990,335,1042,1676,2420
5665900,472.5,307.95,462.82,312.45,432,990,334,1050,1674,2421
5665902,472.74,307.8,462.9,311.7,434,989,335,1041,1674,2425
5665904,472.18,308.325,463.38,311.85,429,995,340,1043,1673,2429
5665906,472.58,308.4,463.22,311.625,433,995,338,1040,1673,2423
5665908,472.34,307.425,463.06,311.925,430,986,337,1044,1675,2429
5665910,472.26,309.075,463.38,311.25,431,1003,340,1037,1669,2425
5665912,472.18,308.025,463.14,312.15,429,993,338,1047,1678,2425
5665914,471.86,308.25,463.14,311.4,426,995,337,1039,1675,2426
5665916,471.62,308.4,462.82,311.775,423,998,335,1044,1679,2427
5665918,471.38,308.1,462.9,311.325,421,995,335,1038,1678,2426
5665920,471.78,308.175,462.74,312.15,425,996,334,1049,1679,2427
5665922,471.7,308.55,462.98,311.475,424,999,336,1041,1679,2425
5665924,471.46,308.475,463.14,312.525,421,1000,338,1052,1680,2428
5665926,472.02,307.875,463.14,311.475,426,992,337,1041,1682,2426
5665928,471.54,308.55,463.78,311.175,422,1000,344,1037,1679,2433
5665930,472.18,306.975,463.06,310.8,428,983,335,1034,1680,2430
5665932,471.86,308.7,462.58,311.7,426,1002,332,1044,1683,2431
5665934,471.54,307.8,463.06,311.325,422,993,336,1040,1678,2438
5665936,471.54,307.8,462.66,311.4,421,993,332,1041,1681,2432
5665938,471.78,306.6,462.98,311.55,423,979,336,1042,1682,2436
5665940,471.14,308.7,463.06,311.4,418,1003,336,1041,1682,2439
5665942,471.3,307.95,463.14,311.025,419,995,337,1037,1678,2433
5665944,471.54,306.825,463.06,311.1,420,982,336,1038,1681,2430
5665946,471.3,308.1,463.22,310.725,419,997,338,1033,1683,2437
5665948,471.7,307.725,463.14,311.7,423,992,337,1044,1682,2436
5665950,471.22,308.625,463.46,311.85,419,1002,341,1046,1688,2439
5665952,471.3,309.525,463.62,311.325,420,1012,342,1040,1692,2442
5665954,471.86,307.725,463.94,309.375,424,992,343,1019,1686,2436
5665956,471.78,306.675,463.14,309.075,423,980,335,1016,1686,2430
5665958,472.26,306.525,463.3,308.475,427,979,336,1009,1687,2434
5665960,471.7,306.825,462.18,308.025,421,982,323,1006,1688,2431
5665962,470.9,305.25,461.78,307.875,411,967,318,1004,1692,2432
5665964,469.62,306.825,460.74,308.025,399,985,308,1008,1692,2429
5665966,468.82,307.5,460.82,308.25,391,993,309,1009,1695,2434
5665968,468.74,308.625,460.5,308.55,391,1006,305,1013,1692,2432
5665970,469.46,306.825,460.66,308.7,397,985,307,1015,1693,2433
5665972,469.22,310.2,460.98,309,398,1022,310,1018,1695,2434
5665974,469.3,309,461.22,308.1,398,1009,312,1008,1689,2437
5665976,469.38,309.45,461.38,308.85,399,1014,315,1016,1697,2435
5665978,469.54,309.525,461.38,309.225,401,1014,314,1020,1698,2439
5665980,469.54,310.05,461.86,309.225,401,1020,319,1019,1694,2441
5665982,468.98,310.35,461.7,308.775,395,1024,318,1015,1700,2438
5665984,469.06,310.8,461.86,309.6,397,1028,320,1023,1699,2444
5665986,469.78,309.975,461.94,308.85,403,1019,320,1015,1690,2442
5665988,469.22,309.525,461.54,309.525,397,1015,316,1023,1698,2442
5665990,468.5,310.2,462.02,309.3,390,1023,321,1020,1699,2439
5665992,468.58,309.45,461.94,309.75,390,1015,320,1025,1697,2443
5665994,468.26,310.425,461.46,309.9,388,1025,316,1027,1706,2450
5665996,468.74,308.925,462.18,309.6,391,1009,322,1023,1695,2442
5665998,468.98,309.3,461.78,309.6,393,1012,319,1024,1702,2441
5666000,469.06,308.625,461.7,309.975,394,1005,318,1027,1706,2450
5666002,468.74,309,461.62,309,391,1009,317,1017,1697,2438
5666004,468.5,309.225,462.1,309.075,388,1012,321,1018,1704,2444
5666006,468.34,309.075,462.1,308.7,387,1011,321,1013,1697,2445
5666008,468.26,310.05,461.94,310.05,387,1021,321,1028,1703,2448
5666010,468.18,308.925,461.94,309.3,385,1009,320,1020,1705,2443
5666012,468.34,309.75,461.62,309.675,387,1018,317,1024,1702,2449
5666014,468.26,308.55,462.18,309.45,386,1005,322,1021,1705,2448
5666016,468.58,309.225,462.58,309.225,389,1011,327,1018,1704,2448
5666018,468.58,309,461.7,309.225,390,1009,317,1018,1697,2443
5666020,468.34,308.475,462.18,309.3,386,1003,322,1019,1698,2444
5666022,468.82,308.55,462.5,309.225,391,1003,326,1017,1705,2449
5666024,468.5,309.975,462.02,309.75,390,1018,322,1023,1699,2451
5666026,467.62,309.9,462.34,309.825,381,1019,325,1024,1701,2449
5666028,468.98,307.575,462.1,309,392,992,322,1014,1703,2449
5666030,468.66,308.475,462.26,308.625,390,1002,323,1011,1698,2453
5666032,468.98,308.25,462.1,309.525,392,998,322,1019,1697,2455
5666034,467.54,309.075,462.18,309.375,378,1009,322,1018,1701,2448
5666036,468.1,308.775,461.86,309.45,384,1005,319,1018,1697,2449
5666038,467.54,307.95,462.42,308.925,378,996,325,1012,1698,2449
5666040,468.58,308.4,462.18,309.225,388,999,322,1015,1696,2452
5666042,468.34,307.725,462.26,308.4,386,992,322,1006,1699,2447
5666044,467.94,306.375,462.5,308.925,380,978,325,1011,1699,2452
5666046,468.58,306,461.94,308.55,386,973,319,1007,1691,2450
5666048,468.18,307.425,462.1,309,384,988,321,1011,1702,2454
5666050,468.26,305.925,462.42,308.325,383,972,323,1004,1694,2452
5666052,467.46,307.05,462.58,308.625,375,984,325,1006,1693,2453
5666054,467.38,307.2,462.66,308.55,375,986,326,1005,1697,2455
5666056,467.7,307.125,462.82,309.375,378,983,329,1013,1695,2455
5666058,466.98,307.275,462.34,308.775,370,987,324,1008,1690,2451
5666060,467.46,308.775,462.58,309.6,377,1001,326,1016,1697,2456
5666062,467.86,307.5,462.18,309.3,380,987,322,1012,1688,2454
5666064,467.22,309.225,462.34,310.8,376,1006,325,1028,1688,2454
5666066,467.3,309.525,462.82,309.6,377,1009,330,1014,1692,2458
5666068,467.46,309.825,462.42,310.2,379,1011,326,1021,1687,2456
5666070,467.3,309.075,462.74,309.975,376,1003,329,1018,1685,2454
5666072,466.9,310.575,463.06,310.275,373,1019,333,1021,1689,2455
5666074,467.14,310.2,462.74,310.725,376,1015,330,1026,1684,2458
5666076,466.82,311.25,462.98,310.65,373,1026,333,1024,1688,2461
5666078,467.06,310.125,463.54,310.875,375,1015,339,1026,1683,2462
5666080,466.58,312.225,462.02,312,372,1037,324,1040,1689,2457
5666082,467.62,310.35,462.98,310.575,382,1016,333,1023,1679,2460
5666084,467.7,311.175,462.98,310.95,383,1024,333,1027,1679,2457
5666086,466.98,312.825,462.58,311.325,378,1043,330,1031,1689,2463
5666088,467.38,311.7,463.3,311.025,381,1030,337,1027,1679,2458
5666090,466.82,312.75,462.5,310.5,376,1042,328,1023,1685,2462
5666092,467.62,310.875,462.98,311.625,382,1021,335,1034,1678,2455
5666094,467.7,311.4,463.22,311.025,384,1027,336,1027,1678,2462
5666096,467.62,312.45,462.5,311.325,384,1038,329,1032,1678,2464
5666098,467.86,310.5,463.3,311.025,385,1017,338,1028,1673,2460
5666100,467.86,311.775,463.46,311.175,387,1031,340,1029,1677,2460
5666102,467.7,312,462.5,311.775,385,1034,330,1036,1674,2458
5666104,467.3,312.75,462.66,311.625,382,1042,332,1035,1677,2458
5666106,467.86,311.625,462.9,311.775,386,1029,334,1036,1676,2458
5666108,467.7,313.35,462.58,311.7,387,1048,331,1036,1675,2464
5666110,468.1,311.175,463.14,311.85,389,1024,337,1037,1672,2459
5666112,466.98,312.75,463.3,312.075,378,1043,339,1040,1677,2458
5666114,467.7,312,462.5,312.15,385,1034,330,1041,1670,2458
5666116,467.54,313.05,463.14,311.925,384,1046,337,1038,1674,2460
5666118,467.06,311.85,463.38,312.375,378,1033,340,1043,1668,2461
5666120,466.66,314.1,462.9,312.825,376,1058,335,1048,1677,2458
5666122,466.98,312.9,463.22,312.525,378,1045,338,1045,1675,2455
5666124,466.42,313.65,463.3,312.975,373,1054,339,1050,1669,2455
5666126,466.42,313.2,463.14,313.275,373,1049,338,1054,1666,2462
5666128,467.06,313.275,463.14,312.6,379,1049,337,1047,1665,2457
5666130,465.86,314.475,463.14,312.9,368,1064,337,1050,1673,2457
5666132,466.98,314.55,462.9,313.05,379,1063,335,1052,1668,2454
5666134,466.5,313.8,463.3,313.2,374,1056,339,1053,1669,2458
5666136,467.06,313.35,463.14,313.5,379,1051,338,1057,1664,2456
5666138,466.5,313.95,462.74,313.125,373,1058,334,1054,1666,2456
5666140,466.5,313.95,463.06,312.6,373,1058,335,1047,1669,2458
5666142,466.26,313.425,462.74,313.05,370,1053,333,1053,1663,2457
5666144,466.02,314.1,461.94,312.975,368,1061,324,1053,1664,2459
5666146,464.42,313.5,461.14,312.9,351,1056,316,1053,1669,2452
5666148,463.94,314.7,459.7,312.675,347,1069,300,1053,1671,2452
5666150,462.42,314.025,459.06,313.35,330,1064,294,1061,1664,2448
5666152,461.62,313.125,457.94,313.125,321,1056,281,1059,1665,2449
5666154,459.78,313.425,456.74,313.05,301,1060,269,1060,1665,2452
5666156,458.58,314.55,456.66,312.675,290,1075,268,1056,1663,2451
5666158,458.66,314.625,455.46,312.15,291,1075,254,1051,1660,2448
5666160,458.74,314.55,455.54,312.225,291,1074,255,1052,1658,2447
5666162,459.46,315.3,455.54,312.9,299,1082,255,1060,1664,2451
5666164,460.58,315.15,456.74,312.75,310,1079,267,1057,1658,2452
5666166,461.38,315.675,456.02,312.675,319,1083,259,1057,1658,2451
5666168,461.46,315.375,456.74,313.35,319,1080,267,1063,1665,2449
5666170,461.94,315.375,457.38,311.85,324,1080,272,1047,1659,2443
5666172,461.62,314.625,457.38,313.2,319,1072,273,1061,1657,2444
5666174,461.46,316.125,456.98,312.75,319,1088,269,1056,1660,2442
5666176,462.1,315.9,457.46,313.275,325,1085,274,1062,1661,2446
5666178,461.86,315.9,458.1,313.425,323,1085,281,1062,1660,2446
5666180,462.1,315.75,457.54,314.175,325,1083,276,1072,1658,2451
5666182,462.02,317.25,458.02,313.95,326,1100,280,1068,1659,2443
5666184,462.18,316.425,457.94,314.175,326,1090,279,1071,1654,2443
5666186,461.86,316.05,457.62,314.85,322,1087,276,1079,1658,2447
5666188,462.1,316.5,457.94,314.775,325,1092,279,1077,1658,2449
5666190,461.86,316.8,457.94,314.925,322,1095,279,1079,1658,2447
5666192,461.94,318.075,458.26,315.6,324,1109,283,1086,1653,2446
5666194,462.18,317.4,458.42,315,326,1101,284,1079,1654,2448
5666196,463.06,318.075,458.1,315.375,335,1107,281,1084,1657,2444
5666198,462.9,317.625,458.18,314.775,333,1102,280,1077,1650,2449
5666200,463.54,316.65,458.58,314.7,338,1092,285,1076,1648,2443
5666202,463.14,317.475,458.1,315.15,335,1101,280,1081,1651,2446
5666204,462.66,317.325,458.34,314.85,330,1100,282,1078,1655,2444
5666206,463.94,314.925,458.58,314.25,340,1073,284,1071,1645,2439
5666208,464.1,316.425,458.18,314.25,344,1088,280,1072,1648,2445
5666210,463.94,316.125,458.66,314.325,342,1085,284,1072,1650,2444
5666212,464.58,315.825,458.9,314.4,348,1082,287,1072,1650,2441
5666214,464.1,315.975,458.58,314.325,343,1084,284,1072,1644,2441
5666216,464.5,315,458.74,314.4,347,1072,285,1072,1643,2440
5666218,464.58,315.225,458.66,314.1,347,1075,284,1069,1646,2440
5666220,464.66,315.825,459.06,314.175,349,1081,289,1069,1642,2443
5666222,465.46,314.775,459.3,313.35,356,1069,290,1061,1643,2441
5666224,464.74,315,458.98,313.875,349,1073,288,1066,1644,2437
5666226,465.06,315.3,459.38,314.55,353,1075,292,1073,1642,2440
5666228,465.22,315.975,459.3,314.325,355,1082,292,1071,1642,2447
5666230,465.54,315.825,459.7,314.55,359,1080,296,1073,1643,2436
5666232,465.38,316.2,459.38,314.85,357,1084,293,1076,1644,2442
5666234,465.14,315.825,459.3,315.45,355,1081,293,1083,1642,2442
5666236,465.46,315.45,459.78,314.925,357,1076,297,1077,1640,2440
5666238,464.74,316.35,459.86,314.775,352,1087,298,1075,1640,2442
5666240,464.5,317.625,459.38,315.375,350,1100,294,1082,1646,2442
5666242,464.42,315.675,460.1,315.675,347,1080,302,1084,1639,2441
5666244,464.9,317.4,459.3,315.675,355,1098,295,1086,1643,2442
5666246,464.02,317.7,459.62,315.975,346,1102,298,1088,1643,2442
5666248,464.5,316.875,460.26,315.9,350,1093,305,1087,1641,2442
5666250,464.5,317.475,459.78,315.825,351,1099,300,1087,1644,2444
5666252,464.74,317.175,459.22,315.825,354,1096,295,1087,1640,2441
5666254,464.9,315.9,459.86,315.45,354,1081,300,1082,1637,2440
5666256,465.14,316.65,459.62,315.525,358,1090,298,1083,1644,2439
5666258,465.14,317.025,459.62,316.275,358,1094,299,1092,1639,2440
5666260,464.74,318.6,459.78,315.9,356,1111,301,1087,1648,2436
5666262,465.54,316.725,460.18,315.75,362,1090,305,1085,1639,2443
5666264,465.14,316.5,459.78,316.05,358,1088,302,1089,1642,2439
5666266,465.46,317.4,460.18,316.125,363,1097,306,1089,1640,2446
5666268,464.9,318.45,460.18,315.75,358,1109,306,1086,1643,2439
5666270,464.66,319.125,460.02,316.275,356,1117,305,1091,1645,2443
5666272,464.66,318.9,459.7,316.575,356,1115,302,1095,1643,2441
5666274,464.58,318.675,460.9,316.5,356,1112,314,1093,1641,2439
5666276,464.9,320.025,460.42,316.95,360,1126,310,1098,1649,2439
5666278,464.9,319.65,460.02,317.4,360,1123,306,1104,1647,2441
5666280,464.18,319.35,461.3,316.725,352,1120,319,1095,1643,2439
5666282,464.1,318.525,460.74,317.325,350,1111,313,1102,1642,2441
5666284,464.18,319.575,460.26,317.85,352,1123,308,1109,1644,2442
5666286,463.94,318.825,460.82,317.25,349,1115,314,1101,1642,2442
5666288,463.7,319.35,460.26,317.775,346,1121,308,1108,1647,2443
5666290,464.18,318.825,460.1,317.625,351,1115,307,1107,1643,2438
5666292,463.7,320.175,460.34,317.7,346,1130,309,1107,1650,2444
5666294,463.62,320.775,459.46,317.325,347,1137,299,1104,1649,2442
5666296,463.54,320.25,459.3,317.55,345,1131,298,1106,1648,2442
5666298,463.38,319.5,458.82,317.55,342,1123,293,1106,1646,2443
5666300,463.78,319.95,458.58,317.325,347,1128,289,1105,1648,2444
5666302,462.9,319.05,459.62,317.475,337,1119,301,1105,1645,2439
5666304,463.14,318.15,458.74,317.7,338,1109,291,1108,1644,2443
5666306,462.66,319.2,458.82,317.55,334,1120,291,1107,1650,2445
5666308,462.58,320.4,458.9,318.15,333,1134,292,1114,1655,2443
5666310,463.46,319.425,458.26,317.55,342,1122,285,1108,1646,2443
5666312,462.98,318.75,458.74,317.25,335,1116,290,1104,1651,2446
5666314,462.34,318.525,458.66,317.025,329,1114,289,1102,1647,2443
5666316,463.38,318.75,458.58,317.1,339,1115,287,1103,1649,2446
5666318,462.74,319.425,458.42,317.025,333,1124,285,1102,1651,2445
5666320,462.66,318.15,458.42,317.55,330,1110,285,1108,1650,2444
5666322,462.18,318.45,458.42,317.4,326,1114,285,1106,1651,2446
5666324,462.18,319.275,458.26,317.7,325,1123,283,1110,1649,2446
5666326,462.82,319.275,458.66,317.025,333,1122,286,1102,1650,2446
5666328,462.98,319.725,458.58,317.775,334,1127,286,1111,1653,2445
5666330,462.74,319.875,458.66,317.25,331,1129,286,1105,1657,2449
5666332,463.06,320.85,458.74,318.225,335,1140,287,1116,1655,2450
5666334,462.5,320.25,458.82,318.75,329,1134,289,1121,1657,2448
5666336,462.58,321.075,458.42,318.075,330,1143,283,1115,1653,2450
5666338,463.06,321,458.74,318.825,335,1142,287,1123,1659,2449
5666340,462.58,320.775,458.82,318.825,329,1140,288,1124,1657,2449
5666342,462.58,321.975,458.5,319.5,330,1153,285,1131,1660,2454
5666344,462.82,322.425,459.06,319.35,333,1158,290,1129,1660,2452
5666346,463.06,321.9,459.14,319.725,334,1153,291,1134,1661,2452
5666348,463.06,322.425,459.22,319.8,334,1159,291,1134,1656,2449
5666350,463.22,323.025,458.98,318.825,337,1165,288,1124,1661,2455
5666352,463.62,322.275,459.14,319.8,341,1157,291,1136,1661,2452
5666354,463.54,322.575,459.06,319.875,340,1161,290,1136,1659,2453
5666356,463.14,323.4,459.06,319.35,336,1171,289,1132,1663,2450
5666358,463.22,322.05,459.14,319.125,336,1156,290,1129,1662,2457
5666360,463.3,322.95,459.06,319.5,337,1167,289,1135,1664,2457
5666362,463.7,322.425,458.98,319.65,341,1161,289,1136,1659,2455
5666364,464.18,322.65,459.22,319.575,347,1164,291,1136,1662,2455
5666366,463.7,322.275,459.22,319.35,341,1160,291,1133,1664,2459
5666368,463.46,323.475,459.38,319.8,340,1174,293,1139,1668,2460
5666370,463.7,321.975,460.1,319.2,340,1158,300,1132,1665,2459
5666372,464.02,322.35,459.7,318.675,345,1163,296,1128,1665,2461
5666374,463.78,322.425,459.38,319.35,342,1164,293,1136,1668,2460
5666376,463.94,323.175,459.78,318.9,345,1173,297,1131,1667,2463
5666378,463.54,322.575,459.22,319.2,341,1167,292,1135,1672,2462
5666380,463.3,323.025,459.7,319.275,339,1173,297,1136,1669,2468
5666382,463.86,322.95,459.62,318.825,344,1171,296,1132,1668,2463
5666384,464.34,322.8,459.94,318.9,350,1170,300,1133,1670,2467
5666386,464.66,323.325,461.3,319.65,354,1176,315,1140,1670,2474
5666388,465.78,322.05,462.34,318.825,364,1162,325,1131,1671,2469
5666390,467.38,321.825,463.62,318.6,381,1157,338,1127,1665,2464
5666392,468.98,321.45,464.42,317.7,398,1153,346,1117,1673,2467
5666394,470.18,322.275,465.7,316.425,411,1161,358,1102,1676,2468
5666396,471.54,322.05,466.58,316.05,426,1158,367,1098,1682,2469
5666398,471.46,320.7,466.74,315.975,423,1143,369,1097,1678,2466
5666400,470.98,321.375,466.34,315.975,419,1152,365,1099,1681,2465
5666402,470.42,321.075,464.82,316.275,413,1149,349,1104,1679,2466
5666404,470.1,320.85,464.5,316.875,410,1149,347,1112,1675,2458
5666406,468.5,321,463.54,317.25,393,1152,337,1117,1679,2469
5666408,467.38,320.925,462.42,317.475,382,1154,326,1122,1674,2472
5666410,466.82,320.925,461.94,317.4,376,1154,321,1121,1675,2471
5666412,465.86,321.375,461.46,316.95,366,1161,316,1118,1678,2472
5666414,466.02,321.6,461.06,316.575,369,1164,311,1115,1677,2476
5666416,466.1,320.55,461.62,316.8,369,1153,318,1117,1677,2472
5666418,466.02,320.925,461.3,316.65,368,1157,314,1116,1679,2477
5666420,465.86,320.4,461.46,316.35,366,1152,316,1114,1675,2478
5666422,466.18,320.925,461.78,316.275,370,1158,319,1113,1680,2477
5666424,465.94,321.15,461.46,315.975,368,1162,316,1111,1681,2479
5666426,466.26,320.175,461.3,315.6,370,1151,313,1107,1677,2479
5666428,466.26,319.8,461.3,315.3,370,1148,313,1105,1677,2480
5666430,466.9,319.125,460.82,314.925,376,1140,308,1101,1682,2477
5666432,466.66,318.9,460.58,314.925,374,1138,306,1102,1679,2479
5666434,466.58,318.825,461.22,315.15,373,1138,313,1104,1682,2482
5666436,466.26,319.275,460.74,314.55,370,1144,308,1099,1687,2481
5666438,466.26,319.425,460.82,315,370,1146,309,1104,1681,2481
5666440,466.5,318.375,460.66,314.55,372,1135,308,1100,1686,2484
5666442,466.1,318.75,460.5,314.85,369,1140,306,1104,1686,2477
5666444,466.1,319.05,460.82,315.3,369,1144,310,1109,1689,2487
5666446,465.94,319.5,461.06,314.4,368,1149,311,1100,1693,2485
5666448,466.9,319.65,460.42,316.275,378,1151,307,1122,1689,2490
5666450,466.34,319.875,460.82,316.2,373,1154,311,1121,1689,2490
5666452,466.26,320.55,460.74,315.75,373,1163,310,1117,1692,2489
5666454,466.34,321.3,460.5,316.65,375,1171,309,1127,1693,2491
5666456,466.58,321.75,460.9,316.725,378,1177,313,1129,1691,2490
5666458,466.82,321.675,460.42,317.1,380,1176,308,1134,1691,2493
5666460,466.18,322.2,460.58,317.625,375,1184,311,1140,1696,2495
5666462,466.02,323.1,460.5,318.075,373,1194,310,1145,1700,2496
5666464,466.26,323.1,461.14,318.825,376,1195,318,1154,1701,2500
5666466,466.18,323.25,460.34,318.45,376,1197,309,1151,1700,2498
5666468,466.18,323.4,460.5,318.45,376,1200,311,1153,1702,2500
5666470,466.1,323.1,460.58,319.2,375,1197,313,1161,1700,2498
5666472,465.86,323.55,460.42,319.05,373,1205,312,1162,1701,2494
5666474,466.26,323.775,460.26,319.05,378,1206,309,1162,1705,2499
5666476,465.86,323.7,460.66,319.05,373,1208,314,1164,1703,2499
5666478,465.94,323.85,460.74,319.275,375,1210,315,1166,1705,2497
5666480,466.1,323.175,460.58,319.35,375,1205,313,1169,1701,2497
5666482,465.62,323.4,460.42,319.125,371,1208,311,1167,1708,2498
5666484,465.46,323.175,460.42,319.35,369,1207,312,1172,1704,2500
5666486,465.78,323.85,460.66,319.425,372,1214,314,1172,1705,2502
5666488,466.02,323.1,460.5,318.6,374,1208,312,1166,1709,2502
5666490,465.78,323.4,460.26,318.825,372,1211,310,1168,1709,2501
5666492,465.54,323.775,460.18,318.45,370,1218,308,1166,1706,2504
5666494,465.78,323.175,459.78,318.3,371,1211,304,1165,1709,2506
5666496,465.22,322.725,459.94,318.225,365,1208,305,1166,1710,2506
5666498,465.54,322.725,459.86,317.7,369,1208,304,1160,1711,2505
5666500,465.38,322.425,460.18,317.475,367,1206,307,1159,1707,2512
5666502,465.7,322.275,459.78,317.4,370,1205,303,1158,1707,2505
5666504,465.06,322.575,460.02,317.325,363,1210,305,1158,1715,2509
5666506,464.66,322.2,459.54,316.35,359,1206,299,1149,1712,2509
5666508,464.82,321.6,459.78,316.35,360,1200,301,1149,1715,2511
5666510,464.18,321,459.46,317.1,352,1195,299,1157,1716,2509
5666512,463.94,321.15,459.14,316.275,350,1197,294,1150,1716,2516
5666514,463.94,320.175,459.54,316.2,348,1187,298,1148,1722,2511
5666516,463.54,319.65,459.06,316.2,343,1182,293,1149,1718,2514
5666518,463.3,320.175,458.9,315.75,342,1188,291,1145,1719,2512
5666520,463.3,319.65,459.22,316.5,341,1182,295,1152,1719,2517
5666522,463.3,320.85,458.9,316.5,342,1195,291,1153,1717,2519
5666524,463.46,320.7,458.98,316.8,343,1193,292,1156,1717,2515
5666526,463.54,320.175,458.9,316.35,344,1187,291,1151,1720,2512
5666528,463.22,319.875,458.66,316.5,339,1184,288,1152,1719,2515
5666530,462.02,320.25,458.58,316.875,328,1189,288,1156,1718,2516
5666532,462.1,320.7,458.74,317.1,328,1193,289,1158,1719,2516
5666534,461.54,320.55,458.5,317.625,322,1192,287,1163,1723,2517
5666536,461.46,321.075,458.34,317.775,321,1197,285,1164,1723,2512
5666538,462.18,320.475,458.58,317.175,328,1190,287,1158,1723,2511
5666540,462.02,320.775,458.34,318.45,326,1192,285,1171,1721,2514
5666542,461.38,320.925,458.5,317.55,319,1195,285,1161,1721,2516
5666544,461.94,321.375,458.74,318,325,1198,288,1165,1724,2512
5666546,461.86,321.075,458.34,318.225,324,1195,284,1167,1726,2516
5666548,462.1,321.525,458.66,318.375,326,1198,287,1168,1731,2517
5666550,462.02,321.825,458.66,318.3,326,1201,287,1167,1728,2513
5666552,462.42,320.925,459.06,318.75,329,1190,291,1170,1723,2514
5666554,462.34,320.775,458.9,318.375,328,1188,289,1166,1723,2519
5666556,462.34,321.225,458.98,318.9,328,1192,290,1170,1728,2517
5666558,462.9,320.925,459.54,317.925,333,1188,295,1159,1729,2518
5666560,463.14,321.075,459.14,318.45,336,1188,292,1164,1728,2519
5666562,463.14,321.15,459.62,317.775,336,1188,296,1156,1728,2515
5666564,463.62,320.475,459.7,318.075,340,1179,296,1157,1728,2514
5666566,463.46,321,459.22,317.85,339,1185,291,1155,1729,2514
5666568,463.86,320.7,459.38,317.55,342,1179,293,1150,1729,2518
5666570,464.26,320.25,459.54,317.25,346,1174,294,1147,1729,2512
5666572,464.02,320.475,460.02,316.875,344,1174,298,1140,1730,2513
5666574,464.98,319.65,460.02,316.725,353,1164,299,1138,1730,2507
5666576,464.18,319.875,460.18,317.1,346,1165,301,1140,1728,2513
5666578,464.9,319.425,460.26,316.95,353,1160,301,1138,1726,2508
5666580,464.34,319.35,459.78,316.575,347,1156,296,1132,1730,2511
5666582,464.74,318.45,459.78,316.275,350,1146,296,1129,1731,2513
5666584,464.26,319.65,459.86,316.875,347,1157,297,1132,1732,2510
5666586,464.42,318.825,460.1,316.575,347,1148,300,1128,1733,2510
5666588,465.3,317.4,460.1,316.275,356,1129,300,1122,1730,2510
5666590,465.06,316.95,460.18,316.275,353,1124,301,1122,1728,2508
5666592,465.3,317.775,461.06,316.35,356,1129,311,1119,1729,2506
5666594,465.78,317.4,460.66,316.35,361,1125,307,1119,1731,2511
5666596,465.3,317.175,460.5,316.5,357,1120,305,1118,1732,2504
5666598,465.86,317.325,460.98,316.275,363,1120,310,1115,1733,2510
5666600,465.86,317.475,460.82,315.975,364,1118,310,1108,1732,2511
5666602,466.1,316.8,461.46,315.825,366,1111,316,1106,1733,2506
5666604,466.34,316.95,460.98,316.275,369,1109,312,1107,1731,2505
5666606,466.26,316.575,461.22,316.2,368,1105,314,1106,1731,2508
5666608,466.74,315.9,461.3,316.425,373,1094,316,1105,1732,2506
5666610,466.74,316.35,461.46,315.9,374,1099,317,1100,1731,2506
5666612,466.34,317.1,461.78,316.35,371,1104,322,1100,1733,2505
5666614,467.22,315.6,461.7,316.05,378,1087,321,1098,1734,2507
5666616,466.74,316.8,461.54,316.2,375,1097,321,1096,1735,2507
5666618,466.9,315.825,461.94,315.75,376,1087,324,1091,1732,2505
5666620,466.9,316.65,462.34,315.45,378,1092,329,1084,1739,2502
5666622,467.22,315.75,462.18,315.3,380,1082,327,1083,1736,2502
5666624,466.74,315.9,462.18,315.75,376,1082,328,1085,1731,2502
5666626,467.14,315.525,462.02,315.825,380,1078,327,1086,1734,2505
5666628,467.3,314.925,462.26,315.45,382,1068,330,1080,1738,2501
5666630,466.9,314.775,461.94,315.825,377,1068,326,1084,1738,2506
5666632,466.66,315.6,462.34,315.375,377,1075,331,1077,1735,2498
5666634,467.38,314.4,461.86,316.575,383,1061,327,1091,1739,2502
5666636,466.66,315.525,461.78,316.125,377,1073,326,1084,1736,2504
5666638,466.9,315.375,462.5,315.75,380,1070,334,1080,1736,2498
5666640,466.9,316.35,461.54,316.875,381,1080,326,1092,1740,2503
5666642,466.74,315.45,461.7,316.8,379,1070,327,1091,1735,2504
5666644,466.58,316.05,461.62,316.8,379,1077,328,1090,1739,2500
5666646,466.9,315.975,461.22,317.175,382,1076,323,1094,1745,2502
5666648,466.18,316.125,461.3,317.1,375,1078,325,1094,1734,2501
5666650,466.18,317.4,461.7,317.025,376,1092,329,1092,1742,2497
5666652,466.5,317.25,461.7,317.55,380,1090,330,1098,1738,2498
5666654,466.02,317.55,461.3,318.675,375,1093,327,1111,1738,2500
5666656,466.18,318.225,460.9,318.675,378,1102,324,1112,1735,2505
5666658,465.78,318.075,460.98,318.3,374,1101,324,1108,1733,2499
5666660,465.7,318.975,460.9,319.5,375,1112,325,1123,1737,2499
5666662,465.62,318.75,460.5,319.35,373,1109,320,1121,1733,2501
5666664,465.94,319.425,460.9,320.175,379,1118,326,1131,1736,2494
5666666,465.3,319.8,461.38,319.8,372,1123,331,1127,1736,2501
5666668,465.78,320.4,460.58,320.7,378,1131,324,1140,1736,2498
5666670,465.94,320.475,460.98,320.775,380,1131,328,1140,1738,2494
5666672,465.38,320.325,461.7,320.175,374,1134,335,1136,1734,2493
5666674,465.7,320.925,460.42,320.4,378,1140,322,1140,1741,2503
5666676,465.38,320.625,460.34,320.7,374,1140,322,1146,1742,2491
5666678,465.94,320.4,461.3,320.25,381,1137,332,1140,1740,2492
5666680,465.38,321.375,460.5,320.55,375,1152,323,1148,1738,2498
5666682,465.46,320.625,461.3,320.85,376,1144,332,1150,1737,2492
5666684,465.46,321.075,461.06,320.1,376,1152,329,1146,1740,2494
5666686,465.7,321.675,460.9,320.55,379,1158,328,1151,1740,2493
5666688,465.62,321,460.98,320.775,377,1155,329,1158,1738,2494
5666690,465.38,321.675,460.74,320.55,376,1163,326,1156,1740,2495
5666692,464.74,320.925,461.22,320.25,368,1160,331,1156,1741,2492
5666694,464.74,321.975,461.3,320.325,369,1171,332,1157,1738,2493
5666696,465.06,321.45,461.06,320.325,372,1170,330,1162,1739,2492
5666698,465.14,320.925,461.3,320.4,373,1164,332,1162,1736,2493
5666700,464.82,321.75,460.82,320.775,370,1178,328,1171,1741,2487
5666702,465.14,321.45,461.3,320.175,373,1174,332,1164,1739,2493
5666704,464.66,321.6,461.22,320.1,368,1181,330,1168,1742,2489
5666706,464.82,320.85,461.3,319.875,369,1173,331,1166,1741,2491
5666708,464.74,321.15,461.14,320.625,368,1181,330,1179,1745,2486
5666710,464.74,321.825,461.06,321.3,369,1188,329,1186,1745,2485
5666712,464.5,321.825,461.22,320.85,366,1193,330,1186,1747,2483
5666714,464.5,322.35,461.22,321.15,366,1199,331,1189,1751,2486
5666716,465.22,320.85,460.98,320.85,372,1187,328,1191,1744,2486
5666718,464.82,322.725,460.82,321,370,1208,326,1193,1749,2486
5666720,464.02,322.5,461.3,320.625,361,1210,330,1193,1746,2484
5666722,464.26,321.3,460.74,321.15,362,1197,325,1199,1743,2490
5666724,464.02,321.225,460.58,320.4,359,1201,322,1196,1748,2486
5666726,464.26,321.15,461.22,320.1,361,1200,329,1192,1749,2481
5666728,464.18,322.575,460.9,320.775,362,1220,325,1205,1750,2484
5666730,463.94,321.825,460.82,320.4,358,1213,324,1200,1753,2484
5666732,463.86,321.675,460.42,319.35,357,1216,318,1194,1755,2486
5666734,463.14,321.525,460.66,319.5,349,1214,321,1195,1752,2486
5666736,463.14,320.85,460.9,319.425,348,1212,323,1199,1752,2486
5666738,462.58,322.2,460.18,319.275,343,1227,316,1198,1756,2486
5666740,462.58,321.225,460.98,318.9,342,1221,323,1197,1756,2486
5666742,462.58,321,460.66,319.725,341,1218,320,1207,1757,2485
5666744,462.02,321.525,460.5,319.125,335,1229,317,1204,1759,2486
5666746,461.94,321.225,460.58,319.65,334,1226,319,1210,1760,2485
5666748,462.26,321.45,460.34,319.95,337,1232,316,1218,1762,2482
5666750,462.34,321.6,460.18,319.275,339,1234,314,1210,1759,2485
5666752,462.26,321.6,460.42,319.65,337,1238,316,1218,1761,2484
5666754,462.34,321.9,460.66,318.825,338,1241,317,1210,1764,2484
5666756,461.46,321.675,460.74,319.275,328,1243,319,1218,1763,2485
5666758,461.78,321.375,460.26,319.575,332,1240,314,1222,1762,2482
5666760,462.26,321.075,460.42,319.8,336,1240,315,1228,1759,2482
5666762,461.94,321.225,460.58,319.275,333,1242,316,1222,1759,2481
5666764,461.78,321.825,460.1,319.65,331,1253,311,1231,1761,2479
5666766,461.54,322.35,460.42,319.8,329,1259,315,1232,1763,2478
5666768,461.62,321.75,460.26,319.35,328,1256,312,1231,1758,2479
5666770,461.94,322.125,459.78,319.95,333,1260,307,1238,1758,2471
5666772,462.02,320.85,459.86,320.325,332,1249,309,1246,1759,2474
5666774,461.38,321.9,460.66,319.725,326,1261,316,1238,1762,2477
5666776,462.18,320.925,459.62,319.35,333,1253,305,1239,1760,2473
5666778,462.02,321.75,460.02,319.275,332,1263,308,1238,1759,2478
5666780,461.62,321.375,460.66,319.5,327,1263,316,1243,1759,2473
5666782,462.42,321.075,460.34,319.425,336,1259,312,1243,1761,2474
5666784,462.18,321.525,460.34,319.125,333,1267,311,1243,1761,2475
5666786,462.18,321.375,460.66,319.95,333,1265,316,1252,1760,2469
5666788,462.58,320.85,460.5,319.425,337,1263,314,1250,1759,2467
5666790,461.94,321.3,461.38,319.275,331,1268,323,1247,1764,2473
5666792,462.98,321,461.22,319.725,342,1267,322,1255,1761,2469
5666794,462.98,320.775,461.22,319.95,341,1264,322,1257,1757,2465
5666796,463.54,320.4,461.38,320.175,346,1262,324,1262,1759,2467
5666798,463.46,320.925,461.62,320.1,346,1268,326,1261,1758,2464
5666800,463.62,321.375,462.5,319.35,348,1276,335,1255,1759,2467
5666802,463.78,320.025,462.26,319.575,349,1261,332,1258,1756,2464
5666804,463.78,320.1,462.82,319.35,350,1264,339,1257,1759,2468
5666806,464.1,320.1,462.42,318.15,353,1264,333,1245,1761,2468
5666808,464.58,319.95,462.5,319.275,358,1264,336,1259,1759,2468
5666810,464.74,320.325,462.66,319.05,360,1268,338,1256,1761,2466
5666812,464.74,319.95,462.9,318.225,361,1266,340,1250,1763,2464
5666814,465.06,318.75,462.58,317.7,363,1253,336,1244,1756,2464
5666816,464.82,320.025,462.9,318.3,362,1269,340,1252,1758,2465
5666818,465.62,319.8,463.06,318.3,370,1266,342,1252,1759,2469
5666820,465.3,319.875,462.82,318.6,368,1269,341,1257,1762,2467
5666822,465.22,319.875,463.06,318.6,367,1268,343,1257,1761,2469
5666824,465.3,320.325,462.98,318.075,369,1275,343,1253,1763,2470
5666826,465.06,319.2,462.5,318.3,366,1263,337,1256,1760,2465
5666828,465.14,319.95,463.22,318.6,368,1272,347,1259,1762,2468
5666830,465.06,319.65,463.3,318.15,367,1269,347,1255,1761,2466
5666832,464.98,319.875,463.06,318.675,367,1272,345,1262,1760,2466
5666834,464.98,319.575,462.9,318.825,367,1270,344,1264,1760,2463
5666836,464.9,320.325,462.82,318.9,367,1279,344,1265,1761,2466
5666838,465.14,320.4,463.14,318.825,370,1279,347,1264,1762,2462
5666840,465.3,320.4,462.74,318.6,371,1279,343,1263,1761,2464
5666842,465.14,319.65,462.58,317.7,370,1271,341,1254,1758,2462
5666844,465.22,318.825,462.74,317.925,371,1263,343,1257,1761,2466
5666846,465.7,318.75,462.9,317.325,376,1262,344,1249,1758,2467
5666848,465.54,318.45,462.82,317.25,374,1259,344,1249,1761,2467
5666850,465.06,318.375,462.26,317.25,369,1259,338,1250,1763,2465
5666852,465.22,318.075,462.26,316.875,371,1255,338,1246,1755,2467
5666854,464.9,318,462.42,316.95,367,1255,340,1246,1759,2466
5666856,464.1,317.55,461.94,317.175,359,1250,335,1249,1762,2466
5666858,464.34,317.85,461.62,316.35,361,1253,331,1240,1764,2471
5666860,464.26,316.65,461.94,315.375,359,1240,333,1229,1763,2468
5666862,464.34,317.1,461.62,315.6,360,1245,330,1232,1760,2474
5666864,464.02,316.5,461.78,315.15,356,1238,331,1226,1761,2474
5666866,464.66,316.275,461.86,314.625,362,1235,332,1220,1757,2474
5666868,464.58,316.2,461.86,315.3,361,1233,332,1226,1754,2474
5666870,464.58,316.575,462.02,314.4,361,1238,332,1217,1757,2475
5666872,464.42,316.575,462.02,314.7,359,1237,332,1218,1759,2471
5666874,464.82,316.95,462.02,314.7,364,1240,332,1219,1756,2474
5666876,464.9,316.275,462.26,314.55,363,1231,334,1215,1757,2473
5666878,465.3,315.075,462.02,314.55,366,1218,332,1216,1755,2472
5666880,465.14,316.65,461.94,315.75,366,1233,331,1227,1762,2473
5666882,465.22,316.2,462.18,314.625,367,1228,333,1215,1755,2474
5666884,464.98,317.1,462.26,314.85,364,1236,333,1215,1762,2472
5666886,465.06,315.825,462.1,315,363,1223,332,1217,1755,2472
5666888,465.14,316.275,461.86,315.15,364,1225,329,1217,1752,2473
5666890,465.06,316.125,462.34,315,363,1224,333,1215,1755,2476
5666892,465.3,315.525,462.34,315,364,1215,332,1213,1758,2472
5666894,465.38,315.225,461.78,315.225,364,1212,326,1216,1754,2471
5666896,464.5,315.3,462.5,315.45,354,1212,333,1215,1752,2475
5666898,464.26,315.45,461.86,314.85,351,1214,326,1210,1758,2475
5666900,464.74,315.825,461.94,314.925,356,1215,326,1208,1755,2476
5666902,464.66,315.3,461.86,315.375,354,1209,326,1213,1752,2477
5666904,464.66,314.925,462.02,315,353,1203,326,1207,1748,2475
5666906,464.26,315,462.1,314.625,349,1204,326,1202,1749,2475
5666908,465.06,314.775,461.86,315.525,356,1198,323,1210,1749,2475
5666910,464.42,315.075,460.74,314.4,350,1202,311,1198,1750,2476
5666912,464.82,315.3,461.54,315.225,353,1201,319,1204,1751,2476
5666914,464.66,314.1,460.74,314.475,351,1188,310,1197,1746,2476
5666916,464.42,314.1,461.06,314.4,347,1186,312,1193,1746,2475
5666918,464.34,314.775,461.06,314.85,346,1193,313,1198,1748,2479
5666920,464.5,314.175,461.06,315.3,347,1183,312,1200,1745,2476
5666922,465.22,313.95,461.22,314.175,354,1181,313,1188,1740,2475
5666924,464.98,314.625,460.98,315.15,351,1185,310,1195,1743,2475
5666926,465.78,313.2,460.74,314.4,358,1169,307,1188,1738,2477
5666928,465.38,314.25,460.9,315,355,1178,308,1191,1742,2471
5666930,465.22,313.5,460.9,314.55,352,1170,308,1186,1735,2477
5666932,465.86,314.25,461.38,314.925,359,1175,312,1187,1739,2477
5666934,465.62,314.025,461.3,314.625,356,1172,311,1183,1738,2478
5666936,465.86,314.025,460.66,315,358,1169,304,1185,1735,2477
5666938,465.7,314.025,460.74,314.775,356,1169,304,1182,1735,2479
5666940,466.02,314.4,460.98,315.075,359,1170,307,1182,1732,2477
5666942,465.62,313.5,461.14,315.3,354,1160,309,1185,1730,2480
5666944,466.18,314.4,461.62,315.3,360,1167,313,1181,1734,2478
5666946,465.7,314.175,461.38,314.925,355,1164,310,1177,1732,2476
5666948,465.86,314.7,461.14,315.45,356,1167,307,1181,1732,2480
5666950,466.34,314.1,461.22,315,361,1160,308,1176,1730,2483
5666952,466.1,314.175,461.62,315.45,358,1158,312,1177,1732,2480
5666954,466.42,313.8,461.86,315.525,361,1154,314,1177,1728,2483
5666956,466.58,314.025,461.78,315.375,363,1153,313,1173,1730,2481
5666958,466.74,313.875,461.7,315.675,364,1151,313,1176,1725,2479
5666960,466.82,313.425,462.1,315.6,364,1144,317,1172,1730,2475
5666962,466.9,313.275,462.1,314.625,364,1141,316,1161,1728,2480
5666964,467.22,312.975,462.1,315.6,367,1136,316,1169,1731,2478
5666966,467.06,312.75,461.78,313.725,365,1133,311,1149,1726,2478
5666968,467.46,312.9,462.18,314.175,369,1131,315,1151,1730,2477
5666970,467.22,313.2,462.18,313.8,367,1135,315,1147,1729,2474
5666972,467.3,312.525,462.18,314.25,367,1125,315,1149,1726,2475
5666974,467.3,312.225,461.7,313.575,367,1122,309,1142,1728,2477
5666976,467.14,313.125,461.7,313.8,365,1129,309,1142,1731,2473
5666978,467.46,312.525,462.1,313.575,368,1122,313,1139,1727,2472
5666980,467.46,312.375,462.58,314.25,368,1118,318,1143,1726,2476
5666982,467.86,313.275,462.02,312.975,373,1128,311,1130,1726,2479
5666984,467.54,313.275,461.86,313.8,370,1126,311,1137,1725,2478
5666986,467.3,312.45,461.78,314.175,366,1117,310,1141,1728,2477
5666988,467.38,313.575,462.5,314.475,368,1127,318,1141,1727,2476
5666990,467.46,313.8,462.1,314.55,369,1129,313,1143,1727,2474
5666992,467.62,314.25,462.82,315.3,371,1132,322,1148,1724,2472
5666994,467.46,313.95,463.06,314.925,369,1129,324,1144,1724,2476
5666996,467.86,315.3,462.98,316.05,374,1141,324,1155,1724,2477
5666998,468.18,315.525,463.14,315.9,378,1143,325,1152,1726,2481
5667000,467.46,316.35,463.3,316.425,371,1151,327,1156,1716,2474
5667002,467.46,316.275,462.74,317.025,371,1150,323,1163,1720,2475
5667004,467.3,316.875,463.14,316.875,370,1155,327,1160,1723,2474
5667006,467.38,317.4,463.62,317.25,371,1161,332,1163,1724,2469
5667008,467.54,317.25,463.14,318.15,373,1158,328,1173,1720,2471
5667010,467.7,317.25,463.46,317.775,375,1158,331,1168,1719,2471
5667012,467.14,316.95,463.62,317.625,369,1155,332,1165,1717,2472
5667014,467.62,316.95,463.78,317.7,374,1153,334,1166,1719,2470
5667016,467.94,316.875,463.78,316.425,377,1152,334,1151,1718,2469
5667018,467.94,317.325,463.86,316.8,378,1156,334,1156,1717,2476
5667020,468.02,317.475,463.62,316.425,380,1157,332,1151,1721,2472
5667022,468.42,316.35,463.7,315.45,382,1145,332,1140,1722,2471
5667024,468.42,316.125,463.78,315,383,1142,333,1135,1718,2476
5667026,468.18,315.75,463.78,315.675,380,1138,333,1142,1718,2471
5667028,468.58,315.75,463.94,315.6,385,1137,335,1140,1717,2472
5667030,468.34,315.825,464.02,314.775,382,1138,336,1132,1719,2477
5667032,468.9,315.675,463.86,315.45,388,1135,335,1139,1717,2472
5667034,469.3,315.225,464.26,315.15,392,1130,339,1135,1718,2472
5667036,469.14,315.075,463.94,315.375,390,1128,336,1137,1715,2472
5667038,468.58,314.925,464.74,314.85,385,1127,344,1131,1720,2474
5667040,469.14,315.15,464.5,314.775,392,1128,342,1129,1718,2471
5667042,469.3,315.675,464.58,315,393,1134,344,1132,1722,2476
5667044,468.9,315.9,464.42,315.675,391,1136,344,1138,1720,2473
5667046,469.38,315.375,464.58,314.925,395,1130,345,1130,1722,2471
5667048,469.46,316.05,464.9,314.925,397,1136,349,1129,1722,2473
5667050,468.98,315.45,464.66,315.75,392,1131,347,1138,1715,2477
5667052,469.22,316.05,464.34,315.225,396,1136,344,1132,1717,2471
5667054,469.46,316.275,465.06,315.675,399,1138,352,1136,1715,2475
5667056,469.38,317.025,464.9,316.2,399,1146,351,1141,1716,2475
5667058,469.3,316.875,464.5,315.375,398,1144,346,1133,1716,2473
5667060,468.98,317.325,464.9,315,396,1149,351,1128,1717,2474
5667062,468.9,316.95,464.74,315.6,395,1145,349,1135,1714,2473
5667064,469.06,317.1,464.34,315.975,397,1146,346,1139,1716,2475
5667066,469.38,317.1,464.98,315,400,1145,352,1128,1715,2472
5667068,468.9,317.4,464.98,315.45,396,1148,353,1132,1711,2473
5667070,468.5,317.025,464.66,315.9,392,1145,350,1137,1717,2470
5667072,469.14,317.625,465.06,315.375,399,1150,354,1130,1719,2471
5667074,468.66,317.175,464.82,314.475,394,1145,351,1121,1714,2475
5667076,468.98,317.4,464.74,315.375,397,1148,351,1130,1716,2471
5667078,469.06,317.625,464.18,315.075,398,1149,345,1127,1716,2470
5667080,468.82,317.7,464.74,315,396,1150,350,1125,1709,2477
5667082,469.22,317.475,464.58,315.525,400,1147,350,1131,1711,2475
5667084,468.74,317.475,464.26,315.9,395,1147,347,1135,1707,2477
5667086,468.9,318.375,464.42,316.125,398,1157,349,1137,1706,2472
5667088,469.14,317.625,464.34,316.125,400,1147,348,1137,1707,2477
5667090,468.58,318.075,464.34,315.6,394,1153,347,1131,1707,2480
5667092,468.66,317.25,463.94,316.575,394,1143,344,1141,1708,2478
5667094,469.22,317.175,464.42,315.975,400,1142,349,1134,1709,2476
5667096,468.74,317.7,464.26,316.5,395,1148,347,1139,1707,2481
5667098,468.42,318.45,464.1,316.125,393,1156,345,1135,1704,2477
5667100,468.82,318.45,464.26,315.975,397,1155,346,1133,1705,2478
5667102,468.5,318.375,464.26,315.75,393,1154,346,1130,1706,2485
5667104,468.18,318.225,464.18,316.35,390,1152,346,1136,1706,2477
5667106,468.26,317.925,464.42,315.75,390,1148,347,1129,1712,2477
5667108,467.94,318.675,464.02,315.9,387,1156,344,1130,1714,2480
5667110,468.18,318.075,463.7,316.2,390,1149,340,1134,1712,2478
5667112,468.5,317.775,463.3,315.375,392,1145,335,1124,1711,2482
5667114,468.18,318.3,463.78,315.6,389,1150,340,1126,1712,2480
5667116,468.5,319.125,463.14,316.05,393,1158,334,1130,1715,2480
5667118,468.9,318.15,464.26,315.6,396,1147,345,1124,1711,2479
5667120,468.34,318.075,463.7,315.675,390,1145,339,1124,1710,2486
5667122,468.58,317.55,463.7,315.6,392,1139,339,1124,1707,2484
5667124,468.1,317.25,463.7,315.675,386,1136,338,1123,1710,2481
5667126,467.94,318.225,463.38,315.45,385,1146,335,1121,1709,2484
5667128,468.18,317.85,462.82,315.975,388,1140,329,1126,1703,2485
5667130,468.26,316.875,463.62,315.375,387,1130,337,1118,1705,2480
5667132,468.5,317.925,463.7,316.2,390,1139,339,1125,1709,2484
5667134,467.62,318.225,463.54,315.6,382,1143,336,1119,1710,2485
5667136,468.58,318.15,463.3,315.375,391,1139,333,1115,1710,2485
5667138,468.34,318.075,463.06,315.6,389,1139,330,1118,1713,2484
5667140,468.9,317.925,462.9,315.6,394,1135,328,1116,1708,2486
5667142,468.34,317.625,462.9,315.45,388,1132,329,1114,1707,2486
5667144,468.1,317.925,463.14,315.45,385,1134,330,1112,1709,2486
5667146,468.18,317.175,462.82,315.825,385,1125,327,1117,1707,2488
5667148,468.02,317.4,463.14,315.525,383,1125,330,1111,1711,2488
5667150,468.26,317.1,462.98,314.925,385,1122,328,1104,1710,2490
5667152,468.18,317.25,462.9,315.6,384,1121,327,1110,1706,2491
5667154,468.82,317.1,462.82,315.3,391,1120,326,1107,1703,2494
5667156,468.9,316.725,462.5,315.3,391,1113,322,1104,1704,2489
5667158,468.5,315.6,462.98,315,385,1101,327,1100,1707,2492
5667160,468.34,317.175,462.74,315.375,385,1116,325,1103,1707,2492
5667162,468.1,315.825,462.82,314.625,381,1102,325,1094,1705,2491
5667164,468.42,316.125,462.74,315.225,384,1102,324,1099,1704,2486
5667166,468.26,315.45,462.82,314.625,382,1095,324,1092,1700,2493
5667168,468.26,315.75,462.82,314.85,382,1096,324,1092,1700,2488
5667170,468.82,314.925,462.9,314.775,387,1086,324,1091,1703,2491
5667172,468.18,315.675,462.82,314.625,380,1093,323,1087,1702,2492
5667174,468.98,315.525,462.82,314.175,389,1090,323,1082,1699,2488
5667176,468.26,314.85,463.22,314.55,381,1081,327,1083,1705,2491
5667178,469.3,314.55,463.06,314.475,391,1076,325,1082,1698,2492
5667180,468.98,315.15,462.42,313.725,388,1081,317,1072,1697,2491
5667182,469.86,314.175,463.06,313.65,396,1070,324,1071,1695,2492
5667184,468.9,314.475,463.14,314.4,387,1071,326,1077,1701,2493
5667186,469.94,314.25,462.98,313.65,397,1068,324,1068,1700,2487
5667188,469.46,315.675,462.82,314.775,394,1081,323,1078,1699,2492
5667190,470.18,314.85,463.14,314.175,400,1071,325,1072,1694,2492
5667192,469.7,314.925,463.46,315,395,1070,330,1078,1699,2491
5667194,470.26,315.375,463.7,314.4,402,1075,331,1071,1693,2489
5667196,470.9,315,463.62,314.7,408,1068,331,1073,1696,2488
5667198,470.02,315.15,463.54,314.7,399,1071,330,1073,1694,2492
5667200,470.18,316.125,463.62,315.825,402,1079,332,1083,1700,2493
5667202,470.5,315.975,463.62,315.6,405,1077,333,1080,1698,2491
5667204,470.66,316.8,463.38,315.825,408,1085,330,1082,1702,2493
5667206,470.66,317.55,464.02,315.675,409,1092,337,1079,1702,2494
5667208,470.9,316.425,464.02,315.75,411,1078,338,1078,1702,2494
5667210,471.14,317.85,463.94,316.425,415,1093,337,1086,1698,2498
5667212,470.74,317.325,463.78,316.725,410,1087,337,1088,1698,2497
5667214,470.9,317.325,464.5,316.35,413,1087,344,1084,1700,2492
5667216,471.3,318.375,464.26,316.95,419,1097,343,1089,1700,2496
5667218,470.98,317.55,463.86,317.4,414,1088,340,1095,1698,2495
5667220,470.98,317.7,464.1,316.8,415,1089,342,1087,1698,2492
5667222,471.14,318.975,464.18,317.4,418,1103,343,1093,1701,2497
5667224,470.74,318.675,464.1,317.325,414,1099,343,1092,1699,2497
5667226,471.22,318.6,464.82,317.475,419,1098,351,1093,1701,2494
5667228,471.06,317.925,464.58,317.625,417,1091,349,1094,1700,2497
5667230,470.98,319.425,464.42,317.625,418,1107,348,1095,1698,2498
5667232,471.3,318.45,464.42,317.4,421,1096,348,1092,1703,2497
5667234,470.82,320.175,464.5,318.15,418,1116,350,1100,1707,2496
5667236,470.98,319.725,464.58,318.15,420,1111,351,1101,1704,2496
5667238,471.38,320.4,464.58,317.7,424,1117,350,1096,1707,2496
5667240,471.46,319.575,464.66,317.85,426,1109,353,1098,1707,2496
5667242,470.82,320.25,464.58,318.225,420,1116,352,1101,1701,2506
5667244,471.14,319.5,464.58,318.3,423,1109,353,1103,1704,2496
5667246,470.98,320.1,464.74,318.075,422,1115,355,1100,1706,2496
5667248,471.22,320.325,464.26,318.3,425,1119,351,1104,1706,2502
5667250,471.22,319.5,464.42,317.7,425,1109,352,1097,1702,2496
5667252,470.98,319.425,464.42,317.7,423,1109,352,1097,1708,2495
5667254,471.38,319.5,464.26,317.4,427,1109,350,1095,1707,2497
5667256,471.06,319.725,464.1,317.325,425,1113,349,1095,1703,2504
5667258,471.14,319.275,463.94,317.4,425,1108,347,1096,1707,2505
5667260,470.98,318.825,464.02,317.1,423,1104,348,1092,1704,2503
5667262,470.82,318.9,464.18,317.175,421,1105,350,1093,1701,2498
5667264,470.5,319.95,463.94,316.5,419,1117,347,1087,1702,2500
5667266,470.9,319.05,463.46,316.275,423,1107,342,1085,1702,2501
5667268,470.74,318.825,463.22,316.725,421,1106,340,1091,1698,2500
5667270,471.22,318.75,463.62,316.425,426,1104,344,1087,1703,2499
5667272,470.74,318.525,463.3,316.725,421,1103,341,1091,1700,2502
5667274,470.18,318.6,462.82,316.5,416,1104,336,1089,1701,2503
5667276,470.34,319.95,463.14,316.65,419,1119,340,1091,1705,2502
5667278,470.26,318.825,463.14,317.1,417,1107,341,1096,1705,2506
5667280,469.7,319.425,462.82,317.25,411,1114,337,1098,1705,2505
5667282,470.02,319.2,463.38,316.725,415,1111,342,1092,1702,2502
5667284,469.7,320.175,462.98,317.7,412,1123,340,1104,1705,2506
5667286,469.3,319.125,463.38,316.8,407,1112,343,1093,1713,2503
5667288,469.62,320.55,462.98,316.8,412,1127,338,1094,1712,2503
5667290,469.22,320.175,463.46,317.325,407,1124,344,1100,1711,2509
5667292,469.22,319.575,463.06,316.575,406,1118,338,1092,1713,2505
5667294,470.02,318.9,462.98,317.1,414,1110,338,1098,1704,2504
5667296,468.98,319.8,463.06,316.5,403,1121,338,1091,1707,2507
5667298,469.38,319.05,462.58,316.35,407,1112,333,1090,1708,2507
5667300,468.82,318.45,463.06,316.5,400,1106,337,1092,1706,2509
5667302,468.58,317.85,462.5,316.125,397,1101,332,1088,1703,2508
5667304,468.66,318.375,462.58,315.9,397,1106,332,1086,1711,2504
5667306,468.98,317.925,462.82,315.9,401,1101,334,1085,1708,2509
5667308,468.66,317.85,462.34,316.05,397,1100,329,1087,1704,2504
5667310,469.14,317.625,462.58,315.675,402,1097,331,1083,1707,2505
5667312,468.74,318.225,462.9,316.35,397,1104,334,1090,1708,2505
5667314,468.34,317.925,462.74,316.2,393,1101,332,1089,1706,2506
5667316,469.14,317.55,462.66,315.525,400,1096,330,1081,1711,2509
5667318,469.22,317.325,462.82,315.9,400,1094,332,1085,1707,2506
5667320,468.18,317.925,462.82,316.2,389,1101,331,1088,1709,2508
5667322,468.42,317.7,463.14,316.5,391,1098,335,1091,1713,2508
5667324,468.58,318.675,463.22,316.5,394,1108,335,1090,1714,2506
5667326,468.1,318.75,463.14,317.25,389,1109,335,1099,1707,2511
5667328,468.5,319.125,463.14,317.4,392,1112,334,1099,1714,2507
5667330,467.7,318.825,463.14,317.7,383,1110,334,1102,1716,2509
5667332,468.18,319.275,463.7,317.325,389,1114,340,1097,1710,2512
5667334,468.02,319.125,463.22,317.55,387,1112,335,1100,1711,2507
5667336,467.78,320.7,463.06,318.225,385,1128,333,1106,1715,2511
5667338,467.7,320.925,462.9,318.6,385,1131,332,1111,1712,2512
5667340,467.94,321.225,462.42,319.05,387,1133,326,1115,1716,2514
5667342,467.46,322.725,462.34,319.2,384,1149,326,1117,1716,2507
5667344,467.7,323.25,461.94,320.325,386,1154,323,1129,1713,2516
5667346,468.02,324.45,461.46,320.625,390,1166,317,1132,1715,2510
5667348,468.18,325.575,460.42,321.75,393,1178,307,1145,1712,2514
5667350,467.94,326.025,460.34,322.125,390,1183,306,1148,1713,2512
5667352,468.42,327.375,458.82,324,396,1196,292,1170,1714,2510
5667354,469.3,329.4,458.74,324.9,407,1217,292,1179,1710,2510
5667356,469.14,331.275,458.5,325.8,407,1236,289,1188,1707,2506
5667358,470.26,333.6,457.38,326.775,421,1259,279,1200,1706,2505
5667360,470.42,335.4,455.94,330.225,425,1278,267,1237,1705,2500
5667362,470.5,339.15,455.06,332.925,429,1319,260,1267,1705,2489
5667364,470.18,342.75,454.98,336.675,428,1356,263,1307,1708,2488
5667366,470.66,344.175,454.1,338.55,435,1371,255,1328,1711,2486
5667368,471.86,345.15,453.14,340.05,448,1379,246,1344,1703,2487
5667370,474.26,345.525,452.26,340.425,473,1380,237,1350,1703,2492
5667372,478.82,343.575,450.74,342,518,1353,222,1367,1697,2483
5667374,481.94,342.225,449.14,341.625,550,1335,205,1365,1697,2480
5667376,484.42,341.7,447.22,343.125,575,1326,186,1381,1695,2481
5667378,486.18,339.45,445.06,342.375,591,1299,162,1376,1704,2477
5667380,488.58,338.4,441.94,342.075,615,1283,129,1375,1709,2466
5667382,491.14,335.625,439.3,341.4,639,1251,100,1370,1704,2461
5667384,493.06,332.775,436.66,326.925,656,1216,57,1215,1707,2508
5667386,496.1,330,434.26,334.725,685,1184,40,1302,1702,2461
5667388,499.54,324.9,432.5,348.15,715,1124,35,1448,1690,2378
5667390,502.74,322.875,NaN,NaN,747,1098,NaN,NaN,1681,0
5667392,503.14,328.05,NaN,NaN,756,1152,NaN,NaN,1656,0
5667394,504.1,345.975,NaN,NaN,785,1345,NaN,NaN,1570,0
5667396,504.98,363.825,NaN,NaN,812,1536,NaN,NaN,1484,0
5667398,506.58,387,NaN,NaN,853,1786,NaN,NaN,1372,0
5667400,508.26,410.25,NaN,NaN,895,2036,NaN,NaN,1262,0
5667402,510.18,435,NaN,NaN,940,2303,NaN,NaN,1136,0
5667404,512.1,459.75,NaN,NaN,986,2571,NaN,NaN,1010,0
5667406,514.82,485.925,408.02,608.175,1043,2854,36,4332,885,731
5667408,517.7,512.1,408.1,608.25,1101,3138,36,4332,760,731
5667410,517.7,512.1,408.1,608.25,1101,3138,36,4332,760,731
5667412,NaN,NaN,NaN,NaN,NaN,NaN,NaN,NaN,0,0
5667414,540.58,608.7,NaN,NaN,1446,4178,NaN,NaN,351,0
5667416,540.58,608.7,NaN,NaN,1446,4178,NaN,NaN,351,0
5667418,NaN,NaN,NaN,NaN,NaN,NaN,NaN,NaN,0,0
5667420,NaN,NaN,NaN,NaN,NaN,NaN,NaN,NaN,0,0
5667422,NaN,NaN,NaN,NaN,NaN,NaN,NaN,NaN,0,0
5667424,NaN,NaN,NaN,NaN,NaN,NaN,NaN,NaN,0,0
5667426,NaN,NaN,NaN,NaN,NaN,NaN,NaN,NaN,0,0
5667428,NaN,NaN,NaN,NaN,NaN,NaN,NaN,NaN,0,0
5667430,NaN,NaN,NaN,NaN,NaN,NaN,NaN,NaN,0,0
5667432,NaN,NaN,NaN,NaN,NaN,NaN,NaN,NaN,0,0
5667434,NaN,NaN,NaN,NaN,NaN,NaN,NaN,NaN,0,0
5667436,NaN,NaN,NaN,NaN,NaN,NaN,NaN,NaN,0,0
5667438,NaN,NaN,NaN,NaN,NaN,NaN,NaN,NaN,0,0
5667440,NaN,NaN,NaN,NaN,NaN,NaN,NaN,NaN,0,0
5667442,NaN,NaN,NaN,NaN,NaN,NaN,NaN,NaN,0,0
5667444,NaN,NaN,NaN,NaN,NaN,NaN,NaN,NaN,0,0
5667446,NaN,NaN,NaN,NaN,NaN,NaN,NaN,NaN,0,0
5667448,NaN,NaN,NaN,NaN,NaN,NaN,NaN,NaN,0,0
5667450,NaN,NaN,NaN,NaN,NaN,NaN,NaN,NaN,0,0
5667452,NaN,NaN,NaN,NaN,NaN,NaN,NaN,NaN,0,0
5667454,NaN,NaN,NaN,NaN,NaN,NaN,NaN,NaN,0,0
5667456,NaN,NaN,NaN,NaN,NaN,NaN,NaN,NaN,0,0
5667458,NaN,NaN,NaN,NaN,NaN,NaN,NaN,NaN,0,0
5667460,NaN,NaN,NaN,NaN,NaN,NaN,NaN,NaN,0,0
5667462,NaN,NaN,NaN,NaN,NaN,NaN,NaN,NaN,0,0
5667464,NaN,NaN,NaN,NaN,NaN,NaN,NaN,NaN,0,0
5667466,NaN,NaN,NaN,NaN,NaN,NaN,NaN,NaN,0,0
5667468,NaN,NaN,NaN,NaN,NaN,NaN,NaN,NaN,0,0
5667470,NaN,NaN,NaN,NaN,NaN,NaN,NaN,NaN,0,0
5667472,NaN,NaN,NaN,NaN,NaN,NaN,NaN,NaN,0,0
5667474,NaN,NaN,NaN,NaN,NaN,NaN,NaN,NaN,0,0
5667476,NaN,NaN,NaN,NaN,NaN,NaN,NaN,NaN,0,0
5667478,NaN,NaN,NaN,NaN,NaN,NaN,NaN,NaN,0,0
5667480,NaN,NaN,NaN,NaN,NaN,NaN,NaN,NaN,0,0
5667482,NaN,NaN,NaN,NaN,NaN,NaN,NaN,NaN,0,0
5667484,NaN,NaN,NaN,NaN,NaN,NaN,NaN,NaN,0,0
5667486,NaN,NaN,NaN,NaN,NaN,NaN,NaN,NaN,0,0
5667488,NaN,NaN,NaN,NaN,NaN,NaN,NaN,NaN,0,0
5667490,NaN,NaN,NaN,NaN,NaN,NaN,NaN,NaN,0,0
5667492,NaN,NaN,NaN,NaN,NaN,NaN,NaN,NaN,0,0
5667494,NaN,NaN,NaN,NaN,NaN,NaN,NaN,NaN,0,0
5667496,NaN,NaN,NaN,NaN,NaN,NaN,NaN,NaN,0,0
5667498,NaN,NaN,NaN,NaN,NaN,NaN,NaN,NaN,0,0
5667500,NaN,NaN,NaN,NaN,NaN,NaN,NaN,NaN,0,0
5667502,NaN,NaN,NaN,NaN,NaN,NaN,NaN,NaN,0,0
5667504,NaN,NaN,NaN,NaN,NaN,NaN,NaN,NaN,0,0
5667506,NaN,NaN,NaN,NaN,NaN,NaN,NaN,NaN,0,0
5667508,NaN,NaN,NaN,NaN,NaN,NaN,NaN,NaN,0,0
5667510,NaN,NaN,NaN,NaN,NaN,NaN,NaN,NaN,0,0
5667512,NaN,NaN,NaN,NaN,NaN,NaN,NaN,NaN,0,0
5667514,NaN,NaN,NaN,NaN,NaN,NaN,NaN,NaN,0,0
5667516,NaN,NaN,NaN,NaN,NaN,NaN,NaN,NaN,0,0
5667518,NaN,NaN,NaN,NaN,NaN,NaN,NaN,NaN,0,0
5667520,NaN,NaN,NaN,NaN,NaN,NaN,NaN,NaN,0,0
5667522,NaN,NaN,NaN,NaN,NaN,NaN,NaN,NaN,0,0
5667524,NaN,NaN,NaN,NaN,NaN,NaN,NaN,NaN,0,0
5667526,NaN,NaN,NaN,NaN,NaN,NaN,NaN,NaN,0,0
5667528,NaN,NaN,NaN,NaN,NaN,NaN,NaN,NaN,0,0
5667530,NaN,NaN,NaN,NaN,NaN,NaN,NaN,NaN,0,0
5667532,NaN,NaN,NaN,NaN,NaN,NaN,NaN,NaN,0,0
5667534,NaN,NaN,NaN,NaN,NaN,NaN,NaN,NaN,0,0
5667536,NaN,NaN,NaN,NaN,NaN,NaN,NaN,NaN,0,0
5667538,NaN,NaN,NaN,NaN,NaN,NaN,NaN,NaN,0,0
5667540,NaN,NaN,NaN,NaN,NaN,NaN,NaN,NaN,0,0
5667542,NaN,NaN,NaN,NaN,NaN,NaN,NaN,NaN,0,0
5667544,NaN,NaN,NaN,NaN,NaN,NaN,NaN,NaN,0,0
5667546,NaN,NaN,NaN,NaN,NaN,NaN,NaN,NaN,0,0
5667548,NaN,NaN,NaN,NaN,NaN,NaN,NaN,NaN,0,0
5667550,NaN,NaN,NaN,NaN,NaN,NaN,NaN,NaN,0,0
5667552,NaN,NaN,NaN,NaN,NaN,NaN,NaN,NaN,0,0
5667554,NaN,NaN,NaN,NaN,NaN,NaN,NaN,NaN,0,0
5667556,NaN,NaN,NaN,NaN,NaN,NaN,NaN,NaN,0,0
5667558,NaN,NaN,NaN,NaN,NaN,NaN,NaN,NaN,0,0
5667560,NaN,NaN,NaN,NaN,NaN,NaN,NaN,NaN,0,0
5667562,NaN,NaN,NaN,NaN,NaN,NaN,NaN,NaN,0,0
5667564,NaN,NaN,458.74,587.55,NaN,NaN,545,4048,0,681
5667566,NaN,NaN,458.82,587.55,NaN,NaN,545,4048,0,681
5667568,482.66,490.875,456.66,570.9,698,2951,505,3865,754,791
5667570,482.74,490.875,454.58,554.1,698,2951,465,3681,754,902
5667572,480.26,473.1,454.58,554.1,654,2758,465,3681,835,902
5667574,477.78,455.25,NaN,NaN,609,2566,NaN,NaN,917,0
5667576,475.86,441.45,NaN,NaN,574,2417,NaN,NaN,981,0
5667578,476.98,427.8,NaN,NaN,572,2266,NaN,NaN,1045,0
5667580,478.1,414.225,NaN,NaN,570,2116,NaN,NaN,1110,0
5667582,477.14,401.775,NaN,NaN,547,1982,NaN,NaN,1169,0
5667584,476.34,389.4,NaN,NaN,525,1848,NaN,NaN,1230,0
5667586,477.22,376.575,NaN,NaN,521,1708,NaN,NaN,1284,0
5667588,478.1,363.75,NaN,NaN,518,1567,NaN,NaN,1339,0
5667590,478.82,351.675,455.22,420.6,513,1436,334,2211,1393,1754
5667592,479.54,339.675,455.22,420.6,508,1304,334,2211,1448,1754
5667594,480.18,330.375,455.22,420.6,505,1203,334,2211,1491,1754
5667596,480.74,321.075,NaN,NaN,502,1102,NaN,NaN,1535,0
5667598,480.5,312.225,NaN,NaN,490,1007,NaN,NaN,1580,0
5667600,480.18,305.775,NaN,NaN,480,938,NaN,NaN,1600,0
5667602,479.94,299.4,NaN,NaN,471,869,NaN,NaN,1622,0
5667604,480.42,296.325,NaN,NaN,473,835,NaN,NaN,1642,0
5667606,480.98,293.25,NaN,NaN,475,802,NaN,NaN,1663,0
5667608,481.3,291.825,NaN,NaN,478,786,NaN,NaN,1668,0
5667610,481.7,290.475,NaN,NaN,480,771,NaN,NaN,1673,0
5667612,481.46,290.475,459.06,327.825,478,771,280,1198,1673,2291
5667614,481.22,290.55,459.06,327.9,476,772,280,1198,1675,2291
5667616,481.14,290.775,458.74,321.45,475,774,271,1129,1677,2323
5667618,481.14,290.925,458.42,315,475,776,261,1060,1679,2356
5667620,480.5,291.825,458.82,310.425,469,786,261,1010,1682,2382
5667622,480.5,291.525,459.78,304.725,469,782,265,948,1682,2420
5667624,480.42,291.3,459.22,299.775,468,780,254,895,1687,2443
5667626,480.02,292.125,458.98,295.35,465,789,248,847,1691,2466
5667628,479.86,291.6,460.18,294.225,462,784,259,834,1695,2468
5667630,479.06,291.375,460.02,293.1,454,783,256,821,1690,2476
5667632,479.86,290.625,460.02,294.075,462,774,257,832,1689,2470
5667634,479.06,291.825,461.22,292.95,455,787,268,818,1696,2481
5667636,479.78,291,460.82,293.175,461,778,265,822,1691,2479
5667638,479.14,290.175,461.14,292.575,454,769,267,814,1686,2482
5667640,479.94,291.225,461.46,292.725,463,780,271,816,1693,2480
5667642,478.9,290.775,461.46,292.65,453,776,271,815,1689,2482
5667644,478.9,290.4,461.3,293.1,452,772,270,820,1683,2482
5667646,479.86,290.7,461.22,292.8,462,774,269,817,1690,2486
5667648,478.74,291.15,462.18,292.95,451,780,280,818,1686,2489
5667650,478.9,290.625,462.02,292.05,452,774,277,808,1690,2487
5667652,479.14,290.925,462.02,293.475,455,777,278,823,1693,2488
5667654,478.5,291.675,462.5,292.2,450,787,282,809,1699,2493
5667656,478.18,291.825,462.18,292.8,447,788,280,816,1706,2489
5667658,478.5,292.275,462.58,292.575,450,793,283,813,1708,2493
5667660,478.34,291.75,462.66,291.975,448,788,284,806,1707,2495
5667662,477.86,291.375,462.5,292.425,443,784,282,812,1705,2493
5667664,477.38,291.3,463.3,292.05,438,783,290,807,1704,2495
5667666,477.46,291.3,463.22,292.05,439,784,290,807,1705,2497
5667668,477.14,291.375,463.06,292.125,435,785,288,808,1706,2496
5667670,477.62,290.625,462.9,292.2,439,776,286,809,1698,2500
5667672,477.06,290.85,463.3,292.425,433,779,291,811,1696,2501
5667674,476.74,290.325,462.9,292.35,430,774,287,810,1702,2498
5667676,477.3,290.475,463.3,292.875,435,774,291,815,1699,2503
5667678,476.58,290.025,463.78,292.575,427,771,296,811,1703,2507
5667680,477.22,290.7,463.46,292.575,435,777,292,812,1705,2507
5667682,476.66,290.7,463.62,292.725,429,778,294,813,1704,2508
5667684,476.18,291,463.78,293.625,424,782,296,823,1708,2505
5667686,476.42,291.45,463.78,292.2,427,786,295,808,1710,2506
5667688,475.7,290.4,463.7,292.875,418,775,295,815,1708,2509
5667690,476.1,289.35,463.94,292.35,421,764,296,809,1697,2507
5667692,475.78,289.575,464.18,292.425,418,767,299,809,1702,2510
5667694,475.78,289.65,463.78,293.025,418,767,295,816,1700,2511
5667696,475.62,289.65,463.86,292.5,416,767,295,811,1704,2513
5667698,475.38,290.1,463.86,292.725,414,773,295,813,1702,2515
5667700,475.62,290.775,464.1,292.875,416,780,298,815,1708,2516
5667702,475.78,289.875,464.18,293.175,417,770,299,818,1703,2516
5667704,475.54,290.1,463.86,293.025,415,772,295,816,1704,2518
5667706,475.38,289.65,464.02,293.475,413,767,297,820,1700,2513
5667708,475.46,289.725,464.18,293.85,413,768,299,824,1701,2514
5667710,475.06,290.325,463.62,293.7,410,775,293,823,1704,2521
5667712,475.3,290.55,464.34,293.175,412,777,299,817,1707,2517
5667714,475.14,289.65,464.18,293.1,410,767,298,816,1699,2518
5667716,476.18,290.7,463.86,293.7,421,777,295,823,1704,2519
5667718,475.3,290.325,463.94,293.775,412,774,296,823,1702,2519
5667720,476.1,290.475,463.78,293.4,420,775,293,820,1707,2518
5667722,475.38,291,464.18,293.55,413,781,298,821,1703,2520
5667724,476.1,291,464.18,293.4,420,781,297,819,1707,2522
5667726,476.1,290.25,463.94,293.775,419,772,295,823,1708,2523
5667728,475.86,289.65,464.26,293.775,415,766,299,823,1700,2524
5667730,476.02,290.4,463.38,294.675,418,774,290,834,1708,2526
5667732,476.1,291,464.74,294.45,419,780,304,830,1709,2528
5667734,476.18,291,464.98,293.85,420,780,305,823,1709,2527
5667736,476.34,290.475,464.18,294.075,421,774,297,826,1704,2528
5667738,476.1,290.7,464.82,294,419,776,304,824,1707,2526
5667740,476.34,289.575,464.42,294.825,420,765,300,834,1702,2531
5667742,476.34,290.4,464.5,294.15,421,773,300,826,1711,2532
5667744,476.74,291.075,463.86,294.6,425,780,294,832,1705,2531
5667746,476.66,289.8,463.54,294.825,423,766,291,834,1705,2534
5667748,476.66,290.925,463.62,294.675,424,778,292,833,1709,2533
5667750,476.1,289.875,463.46,295.05,417,767,290,837,1706,2532
5667752,476.02,289.875,463.7,295.05,416,767,292,836,1706,2536
5667754,476.26,290.55,463.54,294.6,419,774,290,832,1712,2536
5667756,476.74,291.3,463.54,295.275,425,781,291,839,1713,2535
5667758,476.58,290.625,463.7,294.975,423,774,292,835,1714,2536
5667760,476.9,291.15,463.54,295.5,426,779,291,841,1713,2534
5667762,476.82,290.4,464.18,295.125,425,771,297,836,1709,2538
5667764,477.22,290.85,464.02,295.725,430,776,296,843,1715,2538
5667766,476.74,290.325,464.18,294.9,424,770,297,833,1712,2539
5667768,477.14,290.55,463.7,295.725,428,773,293,843,1715,2540
5667770,477.54,290.85,464.1,295.95,433,775,297,844,1711,2539
5667772,477.78,292.05,464.02,296.175,436,787,296,847,1715,2543
5667774,478.02,291.075,463.06,296.475,438,776,287,851,1708,2540
5667776,478.02,293.475,463.3,298.35,440,802,291,870,1705,2539
5667778,477.06,294.525,462.42,299.4,432,814,283,883,1717,2538
5667780,476.74,298.95,461.54,303.075,432,862,277,923,1708,2537
5667782,474.26,303.975,460.18,307.35,411,920,267,971,1715,2542
5667784,472.34,307.95,458.58,311.775,395,964,255,1020,1714,2541
5667786,470.98,311.55,457.62,314.1,385,1004,247,1046,1715,2548
5667788,470.74,312.3,456.66,315.525,383,1013,238,1062,1707,2554
5667790,470.98,313.425,455.86,315.6,386,1024,230,1065,1710,2553
5667792,471.46,313.425,456.66,316.35,392,1023,239,1071,1707,2551
5667794,472.9,314.1,457.62,315.225,407,1029,248,1058,1718,2561
5667796,473.38,313.5,458.5,315.375,411,1022,257,1059,1720,2557
5667798,473.78,313.05,459.14,314.4,415,1017,263,1047,1721,2561
5667800,473.62,313.575,458.82,314.475,414,1022,259,1048,1720,2560
5667802,474.02,311.1,459.38,314.1,416,996,265,1044,1719,2559
5667804,474.1,311.7,458.98,313.875,417,1001,260,1041,1727,2559
5667806,474.18,309.3,458.98,314.325,415,976,261,1046,1722,2563
5667808,473.86,309.9,459.3,313.95,413,982,264,1042,1728,2560
5667810,474.66,309.675,459.54,314.1,420,979,266,1043,1733,2562
5667812,473.38,309.675,459.3,315,407,980,265,1053,1728,2565
5667814,474.18,309.075,459.54,314.325,415,973,267,1045,1733,2563
5667816,473.94,309.525,459.3,314.325,413,977,265,1045,1733,2561
5667818,474.02,309.45,458.9,315.075,414,976,261,1054,1739,2566
5667820,473.86,310.125,459.22,314.85,413,984,264,1051,1733,2566
5667822,474.26,310.35,459.22,314.925,417,986,264,1052,1739,2564
5667824,474.42,309.3,459.38,315,418,974,266,1052,1737,2566
5667826,473.86,310.35,459.14,314.775,413,986,263,1050,1735,2568
5667828,474.02,312.15,459.22,315.9,416,1005,265,1062,1739,2569
5667830,474.5,310.2,459.54,315.3,420,984,268,1055,1743,2572
5667832,473.62,311.775,459.38,315.825,412,1001,267,1060,1741,2568
5667834,474.34,311.1,459.38,315.375,419,993,266,1055,1739,2571
5667836,474.42,310.575,459.54,315.375,420,987,268,1056,1738,2571
5667838,474.02,310.8,459.14,315.525,415,990,264,1057,1740,2578
5667840,474.42,310.425,458.98,315.75,420,986,263,1060,1741,2576
5667842,474.82,309.975,459.38,315.45,423,980,267,1056,1739,2569
5667844,474.18,310.125,459.7,315.9,416,983,270,1061,1742,2576
5667846,474.18,310.875,458.9,315.6,418,991,262,1058,1740,2576
5667848,474.02,310.875,459.38,315.975,416,991,268,1062,1741,2575
5667850,473.94,309.825,459.3,315.9,414,980,266,1062,1748,2580
5667852,474.34,309.45,459.22,316.125,418,975,266,1064,1748,2581
5667854,473.86,309.975,459.06,316.65,413,981,265,1070,1753,2582
5667856,473.7,309.75,458.66,316.65,411,980,261,1071,1751,2584
5667858,474.1,309.3,458.66,315.825,415,975,259,1062,1750,2583
5667860,473.86,309.825,458.42,316.65,413,980,257,1071,1753,2587
5667862,473.14,309.225,458.34,316.5,404,975,256,1070,1752,2584
5667864,473.38,309.675,458.34,316.125,407,980,256,1065,1755,2588
5667866,473.14,309.9,458.42,316.35,405,983,257,1068,1752,2589
5667868,473.06,310.05,457.78,316.425,404,984,250,1069,1761,2588
5667870,473.14,310.2,458.98,316.425,405,985,262,1068,1756,2592
5667872,473.62,309.075,458.42,316.425,409,973,256,1069,1753,2591
5667874,472.9,309.15,457.7,315.9,401,974,248,1064,1759,2593
5667876,472.74,308.625,457.7,315.75,398,969,248,1063,1760,2594
5667878,473.14,308.55,457.78,315.6,403,968,249,1061,1759,2596
5667880,473.3,308.175,457.46,315.75,403,964,245,1063,1765,2598
5667882,473.22,307.95,457.22,315.525,403,961,242,1060,1764,2598
5667884,472.82,308.175,457.3,315.975,398,964,243,1065,1760,2601
5667886,473.06,308.4,457.14,315.975,401,966,241,1065,1767,2597
5667888,473.06,308.775,457.22,315.75,400,970,241,1063,1763,2601
5667890,472.9,307.95,457.38,316.425,398,961,244,1070,1763,2604
5667892,473.06,308.025,456.82,315.6,399,962,236,1061,1766,2603
5667894,473.14,307.125,457.38,315.825,399,952,242,1063,1766,2604
5667896,472.98,308.175,457.38,316.2,397,963,242,1067,1769,2602
5667898,473.14,307.875,457.14,315.9,399,960,239,1064,1765,2601
5667900,473.06,307.8,457.46,315.525,397,959,241,1060,1769,2603
5667902,472.98,306.525,457.22,315.525,395,945,239,1059,1767,2603
5667904,472.82,307.8,456.9,316.125,394,959,236,1066,1768,2605
5667906,472.98,306.975,456.42,315.75,395,950,230,1063,1773,2607
5667908,473.06,307.425,457.06,316.2,396,954,237,1067,1777,2609
5667910,472.58,307.575,456.9,315.9,391,956,234,1063,1773,2605
5667912,472.66,307.125,457.14,316.275,390,951,237,1067,1777,2609
5667914,472.9,306.75,457.38,316.125,393,947,239,1065,1769,2608
5667916,473.06,306.675,456.58,316.575,394,946,231,1070,1778,2612
5667918,473.14,307.35,456.82,316.275,395,953,233,1067,1780,2614
5667920,472.66,308.175,456.66,316.575,390,962,231,1070,1785,2614
5667922,472.82,307.575,457.22,316.575,391,955,236,1069,1788,2610
5667924,472.98,307.875,456.66,317.025,393,958,231,1075,1784,2616
5667926,473.7,306.825,456.9,316.65,399,946,233,1070,1785,2613
5667928,472.98,308.175,456.9,316.5,393,961,232,1069,1786,2616
5667930,473.3,307.425,456.42,317.1,395,952,228,1075,1790,2615
5667932,473.22,307.575,456.74,316.425,394,954,231,1067,1792,2614
5667934,473.38,307.425,456.82,316.5,396,953,232,1068,1794,2615
5667936,473.22,307.275,456.5,316.65,394,951,228,1070,1794,2618
5667938,473.86,306.75,456.5,316.8,400,944,228,1071,1795,2618
5667940,473.86,306.525,456.98,316.575,400,941,232,1068,1796,2615
5667942,472.98,306,456.98,316.125,390,937,232,1063,1799,2616
5667944,473.54,306.45,456.9,315.825,396,941,231,1060,1801,2620
5667946,473.54,305.775,456.98,315.6,395,933,232,1058,1798,2619
5667948,473.62,305.55,457.62,316.05,396,931,239,1061,1803,2619
5667950,473.7,305.85,457.38,314.85,397,934,235,1049,1810,2631
5667952,474.26,306.15,457.3,315,404,936,235,1050,1806,2629
5667954,474.58,305.25,457.86,315.15,406,926,241,1051,1808,2630
5667956,474.34,305.625,458.02,314.325,404,931,242,1042,1812,2632
5667958,474.26,305.325,458.1,314.925,403,927,243,1048,1809,2636
5667960,474.5,304.875,458.18,315.15,405,922,244,1051,1814,2632
5667962,474.26,305.625,458.66,314.55,403,931,249,1044,1814,2637
5667964,474.58,306.45,457.94,315.375,408,939,243,1053,1821,2637
5667966,474.66,306.45,458.02,315.225,409,939,244,1052,1823,2635
5667968,474.58,306,458.82,315.225,408,934,253,1051,1823,2638
5667970,474.74,307.575,458.26,316.125,412,951,247,1061,1828,2633
5667972,474.42,307.5,458.18,316.875,409,951,248,1069,1831,2637
5667974,474.5,307.275,458.58,315.75,409,948,250,1057,1828,2636
5667976,474.1,307.8,458.5,316.8,406,954,251,1069,1832,2638
5667978,474.34,306.675,458.74,316.5,407,942,253,1065,1826,2641
5667980,473.94,307.5,459.06,316.95,404,951,258,1069,1830,2639
5667982,474.5,306.825,458.42,316.575,410,943,251,1066,1829,2643
5667984,474.18,307.425,458.66,316.35,408,951,254,1064,1831,2641
5667986,474.02,307.65,458.58,317.625,406,953,254,1078,1834,2647
5667988,473.54,308.1,458.74,317.475,402,959,257,1077,1840,2648
5667990,473.86,307.8,459.14,316.725,405,956,260,1068,1836,2646
5667992,473.94,308.4,459.06,317.025,408,963,261,1072,1836,2646
5667994,474.34,306.975,459.06,317.55,410,946,261,1078,1838,2647
5667996,473.62,307.65,458.82,316.5,404,955,258,1067,1836,2646
5667998,474.5,306.525,458.82,317.025,413,942,259,1072,1832,2647
5668000,473.54,308.025,459.06,316.8,405,960,262,1071,1841,2647
5668002,474.26,307.2,458.98,316.725,411,950,261,1069,1834,2649
5668004,473.78,307.425,459.14,317.025,408,954,264,1073,1842,2649
5668006,473.78,308.25,459.22,316.875,409,963,264,1072,1844,2655
5668008,473.54,307.725,459.14,316.35,407,958,264,1067,1844,2653
5668010,473.46,307.8,459.06,316.575,406,959,264,1069,1843,2650
5668012,473.62,308.7,459.14,316.425,409,969,265,1068,1847,2657
5668014,473.7,308.025,459.14,317.4,409,961,266,1079,1844,2657
5668016,473.14,307.2,459.46,317.175,404,954,270,1076,1844,2648
5668018,473.06,307.725,459.54,317.25,403,960,271,1077,1846,2653
5668020,472.74,308.1,459.14,317.025,401,965,267,1076,1848,2655
5668022,472.42,307.35,459.22,316.125,397,957,267,1066,1848,2657
5668024,472.9,307.725,458.82,316.05,403,961,264,1066,1844,2658
5668026,472.5,308.55,459.14,316.8,399,971,267,1074,1854,2658
5668028,472.42,307.65,458.9,316.275,399,962,265,1069,1850,2658
5668030,472.34,308.025,458.5,315.975,397,965,260,1066,1852,2660
5668032,472.18,307.05,458.5,316.35,396,956,261,1071,1853,2662
5668034,471.78,307.275,458.34,315.525,392,958,259,1062,1858,2661
5668036,472.26,307.05,458.5,315.375,397,956,261,1061,1853,2666
5668038,471.94,307.125,458.18,315,393,957,258,1057,1858,2661
5668040,471.54,306.675,458.34,314.475,389,953,259,1051,1862,2669
5668042,471.86,306.075,457.78,314.625,392,946,252,1054,1861,2672
5668044,471.86,306.45,457.62,315.075,392,950,251,1059,1861,2666
5668046,472.02,305.475,457.62,314.175,393,940,251,1049,1856,2670
5668048,472.02,306.6,457.46,314.625,395,952,250,1055,1859,2672
5668050,471.86,306.9,457.78,314.025,393,956,252,1047,1864,2672
5668052,471.62,306.9,457.06,314.7,391,956,246,1056,1864,2674
5668054,471.38,306.9,457.62,314.925,388,956,251,1058,1865,2673
5668056,470.9,307.5,457.94,314.625,383,964,254,1054,1871,2674
5668058,471.46,306.825,457.46,314.925,388,955,249,1058,1863,2676
5668060,471.3,307.275,457.78,315.45,387,960,253,1064,1868,2673
5668062,470.66,306.075,457.7,314.25,379,949,251,1051,1869,2673
5668064,471.22,306.975,456.9,313.425,385,957,242,1043,1868,2675
5668066,471.22,306.45,456.42,312.225,385,952,235,1030,1869,2677
5668068,471.38,306.225,456.18,311.175,386,949,232,1019,1869,2670
5668070,471.46,305.325,455.94,310.2,386,939,228,1009,1866,2673
5668072,470.9,305.175,455.06,310.65,380,938,219,1014,1866,2673
5668074,471.14,304.95,454.82,310.5,382,936,216,1013,1869,2676
5668076,470.98,305.625,455.46,309.9,381,944,222,1006,1866,2676
5668078,470.74,305.25,455.38,309.9,378,940,222,1006,1868,2674
5668080,470.42,304.725,454.9,310.125,374,934,216,1009,1871,2682
5668082,470.34,304.35,455.06,309.525,372,930,217,1002,1871,2674
5668084,470.9,304.95,454.66,310.2,379,936,213,1011,1871,2680
5668086,469.14,305.25,454.82,310.125,360,941,215,1009,1879,2683
5668088,470.1,305.775,455.14,309.975,370,946,217,1008,1877,2681
5668090,469.7,305.4,455.38,309.825,366,943,220,1006,1880,2679
5668092,469.46,306.15,455.22,310.125,364,951,218,1009,1879,2684
5668094,469.62,305.025,455.46,310.05,364,939,221,1008,1874,2683
5668096,469.86,306.375,454.98,310.05,368,953,215,1009,1883,2682
5668098,469.06,305.625,454.82,310.35,359,946,213,1013,1878,2681
5668100,469.86,304.575,455.14,310.5,366,934,217,1014,1878,2686
5668102,469.22,306,455.3,310.125,360,950,218,1010,1884,2681
5668104,469.3,305.325,455.06,310.5,359,943,216,1014,1885,2683
5668106,469.22,305.7,455.14,310.35,360,947,216,1013,1886,2687
5668108,468.98,305.85,455.3,310.5,357,949,218,1014,1892,2684
5668110,469.46,305.175,455.14,310.875,361,941,217,1018,1886,2688
5668112,469.46,305.85,455.14,310.8,361,948,216,1018,1883,2688
5668114,469.06,305.85,455.3,310.875,357,949,218,1018,1891,2690
5668116,469.06,305.4,455.14,310.35,357,945,215,1013,1890,2685
5668118,469.54,305.55,455.3,310.275,362,945,217,1012,1891,2684
5668120,469.3,306.375,455.14,310.05,359,955,215,1010,1897,2692
5668122,469.14,305.475,455.62,310.05,357,946,220,1009,1896,2684
5668124,468.98,305.775,455.46,309.75,355,949,217,1007,1896,2685
5668126,469.22,306.225,455.46,309.825,358,954,217,1007,1892,2686
5668128,469.3,305.325,455.62,310.275,358,944,220,1012,1895,2686
5668130,469.3,305.7,455.86,309.975,358,948,222,1009,1891,2691
5668132,469.22,305.1,455.7,310.125,357,942,220,1010,1887,2685
5668134,469.62,304.95,455.7,310.5,361,940,221,1014,1888,2689
5668136,469.14,304.65,455.22,309.675,356,937,215,1006,1885,2691
5668138,469.3,305.4,455.7,310.425,358,945,220,1014,1889,2688
5668140,469.38,304.5,455.78,310.5,358,936,221,1014,1882,2689
5668142,469.54,305.4,455.7,310.575,361,945,220,1016,1887,2694
5668144,469.86,305.85,455.7,310.5,364,950,220,1015,1887,2689
5668146,469.62,305.7,455.62,310.125,361,948,218,1011,1897,2686
5668148,469.38,305.925,455.62,310.2,359,951,219,1012,1895,2691
5668150,469.62,304.725,456.02,310.5,360,938,223,1015,1891,2692
5668152,469.06,305.025,455.46,310.35,355,942,217,1014,1888,2691
5668154,469.7,304.8,455.7,309.6,361,939,219,1006,1883,2689
5668156,468.9,305.175,455.54,309.9,353,944,218,1009,1887,2687
5668158,468.9,305.1,455.54,310.05,353,943,218,1011,1891,2689
5668160,469.14,305.25,455.86,311.025,356,945,222,1021,1893,2695
5668162,468.98,304.95,455.54,310.05,354,941,217,1011,1888,2693
5668164,469.22,305.325,455.78,310.5,356,945,220,1015,1890,2690
5668166,468.98,304.65,455.62,309.75,352,938,217,1008,1883,2689
5668168,468.74,304.725,455.78,310.65,350,940,220,1017,1891,2690
5668170,468.98,304.2,455.46,309.675,352,933,216,1007,1885,2693
5668172,468.9,304.425,455.62,310.725,351,936,219,1018,1890,2693
5668174,468.5,303.675,455.46,309.75,346,928,216,1008,1888,2692
5668176,469.06,304.5,455.46,309.375,353,936,216,1004,1885,2690
5668178,469.14,303.75,455.7,309.45,353,929,218,1004,1885,2689
5668180,468.9,305.325,455.7,309.375,353,946,218,1004,1893,2691
5668182,468.66,303.6,455.62,309.075,348,927,217,1000,1884,2694
5668184,468.74,303.15,455.38,309.675,348,922,215,1008,1886,2688
5668186,468.66,304.05,455.54,308.7,348,933,215,997,1889,2689
5668188,468.26,303.075,455.62,308.55,343,922,215,995,1886,2695
5668190,468.42,303.15,455.62,308.1,344,923,215,990,1881,2691
5668192,468.58,304.2,455.46,308.775,347,934,214,998,1887,2691
5668194,469.14,303.6,455.94,308.775,353,927,219,997,1887,2691
5668196,468.82,303.975,455.78,308.475,349,931,218,994,1883,2689
5668198,468.9,303,455.38,308.775,350,921,213,998,1882,2691
5668200,468.9,304.2,455.78,309.15,350,934,218,1002,1884,2690
5668202,469.3,303.45,455.62,308.1,354,925,215,990,1882,2694
5668204,468.9,304.05,455.86,308.85,350,932,218,998,1886,2687
5668206,469.3,303.45,456.5,308.325,354,926,224,992,1884,2694
5668208,469.22,303.45,456.18,308.325,353,926,222,993,1875,2693
5668210,468.9,304.275,456.34,307.95,351,935,222,989,1883,2686
5668212,468.98,303.6,456.42,308.625,351,928,224,996,1882,2690
5668214,469.46,304.125,456.26,308.25,357,933,222,992,1878,2686
5668216,469.78,304.05,456.1,308.7,360,933,222,997,1880,2695
5668218,469.06,304.65,456.34,308.625,353,940,223,996,1881,2690
5668220,469.38,305.325,456.18,308.85,358,947,222,999,1884,2693
5668222,469.62,302.925,456.82,308.7,358,921,229,997,1871,2691
5668224,469.62,303.675,456.9,309.75,358,929,231,1009,1876,2690
5668226,469.54,303.975,456.66,308.475,358,933,227,995,1876,2685
5668228,470.02,304.95,456.74,309.525,365,944,229,1007,1877,2687
5668230,470.34,302.85,456.98,309.45,366,921,232,1006,1861,2690
5668232,470.26,304.05,456.42,309.45,366,934,227,1008,1866,2689
5668234,470.18,303.9,456.98,309.45,365,933,232,1006,1867,2691
5668236,470.74,303.45,456.98,309.675,371,928,233,1010,1860,2684
5668238,470.42,304.125,456.74,309,368,936,229,1003,1869,2692
5668240,470.82,303.525,456.5,309.15,372,929,228,1006,1859,2687
5668242,470.5,303.975,456.82,310.2,370,935,232,1017,1863,2688
5668244,470.66,304.05,457.06,309.975,372,937,234,1015,1864,2693
5668246,470.98,305.325,456.66,310.575,376,950,231,1022,1868,2691
5668248,470.82,304.95,457.14,309.825,374,947,235,1014,1866,2690
5668250,470.66,304.875,456.5,308.775,373,946,228,1004,1868,2678
5668252,470.58,305.25,456.5,309.9,373,951,229,1017,1871,2692
5668254,471.3,304.725,457.06,310.35,379,945,235,1021,1862,2690
5668256,470.26,304.95,457.06,309.825,369,950,236,1016,1865,2686
5668258,471.14,304.125,457.06,310.05,378,939,236,1019,1860,2690
5668260,470.66,303.975,457.22,310.275,373,940,238,1022,1861,2690
5668262,470.34,303.675,456.9,309.9,369,936,234,1019,1857,2686
5668264,471.14,304.5,456.9,309.825,378,946,235,1019,1861,2684
5668266,471.14,303.6,456.9,309.825,378,935,234,1019,1857,2688
5668268,470.66,303.3,456.98,309.525,373,935,236,1016,1852,2683
5668270,470.9,304.125,456.9,309.975,376,943,235,1021,1853,2683
5668272,471.54,304.5,457.54,310.05,383,947,242,1022,1856,2689
5668274,471.38,304.275,457.54,310.05,381,945,242,1022,1854,2685
5668276,471.7,304.05,457.38,310.05,385,943,240,1023,1854,2688
5668278,470.02,304.95,457.38,309.675,368,954,240,1020,1854,2687
5668280,470.42,303.675,457.22,309.975,371,941,240,1023,1848,2685
5668282,470.26,303.975,456.9,309.825,370,945,236,1022,1849,2684
5668284,470.82,304.425,456.82,309.9,377,950,235,1024,1853,2682
5668286,470.98,303.15,457.06,308.925,377,936,237,1013,1844,2681
5668288,470.42,303.9,457.06,309.225,372,945,237,1018,1844,2685
5668290,470.42,303.6,456.98,309,372,942,236,1015,1843,2680
5668292,470.82,303.75,456.66,309.075,377,944,233,1017,1846,2678
5668294,470.02,304.875,456.98,308.925,369,957,236,1015,1849,2680
5668296,470.34,304.575,456.9,309.15,372,954,236,1018,1846,2677
5668298,470.42,303.75,456.58,309.375,372,945,232,1021,1845,2680
5668300,469.62,303.75,456.98,309.375,364,947,236,1021,1841,2678
5668302,469.62,303.6,456.9,308.7,363,945,235,1013,1840,2674
5668304,469.78,303.3,456.82,308.325,365,942,233,1010,1838,2673
5668306,469.78,304.275,456.26,308.475,366,952,228,1013,1839,2676
5668308,469.54,304.05,456.26,308.1,363,951,227,1009,1837,2675
5668310,469.38,303.825,456.26,308.55,360,949,228,1013,1838,2672
5668312,469.54,303.6,456.58,308.7,362,946,231,1015,1834,2675
5668314,469.46,303.525,456.74,308.925,361,945,233,1018,1836,2674
5668316,468.82,304.05,456.34,309,355,952,228,1019,1838,2676
5668318,469.22,303.15,456.58,308.85,358,941,231,1017,1834,2677
5668320,468.74,304.275,456.42,309.45,353,954,229,1024,1834,2670
5668322,468.82,303.9,456.1,308.85,354,950,225,1017,1833,2676
5668324,469.22,303.15,456.42,308.775,357,942,228,1016,1826,2671
5668326,468.58,303.75,456.26,309.375,350,949,227,1023,1828,2675
5668328,468.9,304.2,456.34,308.925,354,953,227,1018,1828,2674
5668330,469.3,304.725,456.34,308.85,359,959,226,1017,1828,2674
5668332,468.42,305.55,456.42,309.6,350,969,227,1025,1828,2674
5668334,469.7,304.425,456.18,309.675,361,955,225,1026,1825,2672
5668336,469.62,305.85,456.26,309.525,362,970,225,1024,1824,2667
5668338,469.14,305.025,456.42,309.825,356,962,227,1028,1826,2666
5668340,469.62,304.275,457.06,310.05,360,953,234,1029,1820,2664
5668342,469.46,305.775,456.5,310.05,359,969,228,1030,1825,2668
5668344,468.98,305.25,456.66,309.6,354,964,229,1025,1821,2666
5668346,469.14,305.325,456.9,309.9,355,964,232,1027,1825,2665
5668348,469.54,305.625,457.3,309.9,360,967,235,1027,1820,2664
5668350,469.78,306.225,457.14,310.65,363,974,235,1035,1819,2662
5668352,470.1,305.475,456.82,310.875,365,965,231,1037,1819,2662
5668354,469.7,305.025,456.98,310.725,361,960,233,1036,1814,2659
5668356,470.18,305.025,456.98,309.675,366,960,231,1024,1816,2667
5668358,469.78,306.075,457.22,310.05,362,972,235,1028,1817,2664
5668360,470.02,304.95,457.22,310.35,363,959,235,1031,1809,2659
5668362,470.9,305.325,457.54,310.65,373,962,238,1034,1811,2661
5668364,470.18,304.95,457.38,310.8,365,959,236,1035,1809,2653
5668366,470.34,304.875,457.7,310.425,367,958,239,1031,1807,2656
5668368,470.66,306.525,457.14,310.65,372,975,234,1034,1812,2659
5668370,470.98,306.45,457.86,310.2,375,973,241,1028,1809,2654
5668372,470.74,305.4,457.38,310.65,371,962,237,1033,1802,2650
5668374,470.9,305.925,457.62,310.125,373,968,239,1028,1803,2658
5668376,470.1,305.625,457.86,310.35,365,965,242,1029,1805,2654
5668378,471.38,305.4,457.86,310.5,378,961,241,1031,1800,2660
5668380,471.94,306.075,458.26,310.425,385,968,246,1030,1797,2654
5668382,470.66,305.4,457.78,310.875,371,962,242,1034,1801,2651
5668384,471.14,305.25,458.26,310.65,376,959,246,1031,1797,2646
5668386,471.7,305.175,458.18,310.125,382,958,245,1026,1792,2649
5668388,471.54,306.225,457.78,311.7,381,970,243,1044,1799,2643
5668390,471.62,305.475,458.42,311.1,382,961,249,1036,1790,2649
5668392,471.46,307.275,457.78,310.725,383,980,242,1033,1790,2647
5668394,471.7,305.925,458.18,310.575,383,966,247,1031,1789,2651
5668396,471.7,305.775,458.26,311.4,383,964,248,1039,1790,2640
5668398,472.02,305.175,458.02,310.875,387,957,245,1034,1788,2643
5668400,471.78,306.375,458.5,311.4,385,970,251,1039,1785,2639
5668402,471.86,306.6,459.22,312.075,386,973,259,1045,1782,2637
5668404,471.94,306.45,458.5,311.85,388,970,252,1043,1789,2644
5668406,471.94,306.225,458.9,311.7,387,968,256,1041,1784,2641
5668408,471.94,307.125,459.38,311.85,388,978,262,1042,1781,2632
5668410,471.86,306.75,458.9,311.925,388,974,256,1044,1785,2636
5668412,471.7,307.35,459.38,311.7,387,980,262,1040,1789,2632
5668414,471.54,307.275,459.06,313.05,385,980,260,1056,1782,2634
5668416,471.78,307.275,459.14,311.85,388,979,260,1043,1784,2635
5668418,471.3,307.5,459.14,312.15,383,982,260,1046,1782,2631
5668420,471.78,307.5,459.46,312.225,389,982,264,1046,1781,2632
5668422,471.62,307.275,459.06,312,387,979,260,1044,1779,2629
5668424,471.7,306.6,459.46,312.375,387,972,265,1048,1779,2623
5668426,471.46,306.75,459.3,312.825,385,974,264,1053,1780,2625
5668428,471.22,308.25,459.06,313.5,384,991,262,1061,1774,2624
5668430,471.78,308.4,459.22,312.525,390,992,263,1049,1776,2616
5668432,471.86,307.95,458.58,314.4,391,987,259,1070,1775,2616
5668434,471.54,307.875,458.82,313.8,388,986,260,1063,1772,2616
5668436,471.62,308.85,458.98,312.75,390,996,262,1052,1775,2615
5668438,471.3,308.625,459.7,313.875,386,994,270,1063,1774,2619
5668440,472.02,309.15,458.9,314.325,395,999,263,1069,1770,2615
5668442,471.46,309.525,459.14,313.05,390,1004,263,1055,1776,2617
5668444,471.46,310.125,458.42,314.325,390,1011,257,1070,1775,2615
5668446,471.46,308.925,458.82,313.5,389,998,261,1061,1770,2612
5668448,471.54,308.625,458.74,313.95,390,994,260,1066,1773,2613
5668450,471.94,308.625,458.98,313.725,394,993,263,1063,1766,2616
5668452,472.02,308.775,458.74,313.65,395,995,261,1063,1771,2611
5668454,471.46,309,458.9,314.325,389,998,263,1069,1770,2615
5668456,472.02,309.6,458.42,313.875,396,1004,258,1065,1765,2614
5668458,471.54,308.925,458.66,313.5,390,997,260,1060,1770,2614
5668460,471.3,309.45,458.18,314.25,389,1003,256,1069,1770,2611
5668462,471.38,309.75,458.34,314.7,390,1006,258,1074,1768,2610
5668464,471.54,308.775,458.9,314.325,390,995,264,1069,1767,2612
5668466,471.3,309.975,458.74,314.1,389,1009,261,1066,1762,2613
5668468,470.98,309.825,458.66,315.3,386,1008,262,1080,1767,2606
5668470,471.3,308.625,458.82,314.175,388,994,263,1067,1764,2608
5668472,471.62,309.9,458.02,314.55,392,1008,255,1072,1763,2607
5668474,471.3,309.75,457.78,313.8,389,1006,252,1064,1764,2605
5668476,471.3,310.725,458.5,314.85,391,1017,260,1075,1766,2601
5668478,471.14,309.825,458.18,314.25,387,1007,256,1068,1761,2606
5668480,470.82,310.725,457.94,315.45,385,1017,255,1081,1763,2607
5668482,471.22,310.275,458.42,314.4,388,1011,258,1070,1767,2606
5668484,471.62,309.375,458.26,314.775,391,1001,257,1074,1763,2603
5668486,470.9,309.15,457.78,314.025,384,999,251,1066,1760,2604
5668488,470.82,309.375,458.74,315.6,383,1001,262,1082,1764,2600
5668490,470.74,309.825,458.42,314.85,383,1007,259,1074,1753,2601
5668492,470.9,309.225,457.94,315.225,384,1000,254,1078,1759,2603
5668494,470.82,308.625,458.42,314.7,382,993,259,1072,1754,2605
5668496,470.74,310.65,458.02,314.7,383,1015,254,1073,1757,2598
5668498,471.06,308.85,457.86,315.225,385,995,253,1078,1757,2598
5668500,470.82,310.575,458.18,315.225,385,1013,256,1078,1760,2597
5668502,470.42,310.35,458.02,314.925,380,1012,254,1075,1756,2600
5668504,470.82,311.1,458.18,314.775,385,1019,256,1072,1754,2600
5668506,470.5,310.2,458.34,315.075,381,1009,258,1075,1757,2598
5668508,471.06,310.5,458.1,315.225,386,1012,255,1077,1752,2596
5668510,471.54,309.825,458.42,314.775,390,1004,257,1072,1756,2602
5668512,471.14,309.975,458.18,314.7,386,1006,254,1071,1756,2601
5668514,470.82,310.35,458.18,314.625,383,1010,255,1070,1752,2601
5668516,470.9,309.825,458.26,315.525,383,1004,256,1079,1756,2604
5668518,471.14,309.825,458.34,315,385,1004,256,1074,1754,2596
5668520,470.74,310.425,458.34,314.775,382,1010,256,1071,1759,2598
5668522,470.9,310.575,458.1,315,384,1011,254,1073,1750,2593
5668524,470.98,310.65,458.26,314.775,384,1012,254,1070,1750,2595
5668526,470.82,310.2,458.66,314.925,381,1007,259,1071,1755,2591
5668528,471.06,309.9,458.26,314.55,384,1003,254,1068,1755,2593
5668530,471.06,308.775,458.18,314.325,383,991,254,1065,1749,2593
5668532,470.42,309.975,458.02,315.375,377,1004,253,1076,1754,2592
5668534,470.9,309.975,458.18,314.625,382,1004,253,1068,1749,2596
5668536,470.66,310.8,457.94,315.525,380,1013,251,1078,1746,2592
5668538,469.38,311.175,458.1,315.825,367,1018,254,1081,1752,2600
5668540,470.66,311.25,457.94,315.525,380,1018,251,1077,1754,2592
5668542,470.02,310.95,457.62,315.9,373,1015,248,1082,1748,2596
5668544,469.78,310.95,458.58,315.45,370,1015,257,1076,1753,2594
5668546,469.94,310.95,457.62,315.75,372,1015,248,1080,1746,2598
5668548,470.42,311.475,457.78,315.975,378,1019,249,1082,1747,2593
5668550,469.7,310.5,457.3,316.425,368,1010,245,1088,1741,2599
5668552,469.62,311.475,457.62,315.9,369,1021,247,1081,1747,2596
5668554,469.62,311.85,458.02,315.9,369,1025,252,1080,1747,2599
5668556,469.7,312.225,457.78,316.5,370,1028,249,1088,1744,2600
5668558,469.86,312.675,457.54,315.975,372,1033,246,1082,1744,2597
5668560,469.86,312,458.02,316.35,371,1025,252,1085,1748,2597
5668562,470.26,311.775,457.7,316.275,375,1023,248,1085,1744,2594
5668564,469.62,311.925,458.02,316.65,368,1025,251,1089,1745,2595
5668566,470.18,312.45,458.34,316.275,375,1030,254,1084,1748,2594
5668568,470.02,312.375,457.86,316.275,373,1029,248,1085,1743,2598
5668570,469.3,311.85,457.62,316.2,364,1025,246,1085,1746,2597
5668572,469.7,312.75,458.5,315.825,369,1034,254,1079,1753,2596
5668574,469.78,311.4,457.86,316.5,369,1020,249,1087,1741,2597
5668576,470.02,311.55,457.78,316.425,370,1021,247,1087,1743,2597
5668578,470.34,310.875,458.66,315.825,373,1013,256,1080,1746,2595
5668580,470.26,311.025,458.74,315.9,372,1015,257,1080,1745,2592
5668582,470.34,311.325,458.18,315.825,374,1018,251,1080,1746,2591
5668584,470.98,310.575,458.82,315.15,379,1010,256,1072,1751,2593
5668586,470.82,310.275,458.02,315.45,378,1007,249,1076,1744,2598
5668588,471.06,310.5,458.42,314.925,380,1009,252,1071,1752,2591
5668590,470.74,309,458.82,314.775,375,993,256,1068,1747,2594
5668592,471.06,310.65,458.66,315.45,380,1011,255,1076,1749,2598
5668594,470.58,310.125,457.94,315.3,375,1005,247,1075,1749,2589
5668596,470.5,310.575,458.98,315.3,375,1011,258,1074,1748,2595
5668598,471.14,309.975,458.74,314.775,380,1003,255,1069,1748,2594
5668600,470.9,310.05,458.66,315.075,378,1004,255,1072,1751,2592
5668602,470.58,309.9,459.14,314.775,375,1003,259,1068,1747,2590
5668604,470.66,311.025,459.46,315.3,377,1015,263,1073,1745,2593
5668606,470.58,310.35,459.06,315.525,375,1008,260,1076,1748,2593
5668608,471.3,310.5,459.54,315.225,383,1008,264,1073,1749,2595
5668610,470.58,310.65,459.14,315.825,375,1011,261,1079,1747,2591
5668612,470.02,311.7,459.06,315.375,371,1023,260,1074,1748,2597
5668614,470.74,310.875,459.54,315.3,378,1013,265,1073,1747,2597
5668616,470.82,311.925,459.38,315.675,380,1024,264,1078,1744,2596
5668618,470.5,310.875,459.46,315.375,375,1013,265,1074,1743,2597
5668620,470.66,312,459.54,316.125,378,1026,266,1082,1749,2596
5668622,470.58,311.925,459.46,315.9,377,1025,265,1080,1747,2595
5668624,470.5,312.6,459.62,315.825,378,1032,267,1079,1751,2600
5668626,470.66,312.15,459.86,315.45,379,1027,269,1074,1747,2596
5668628,470.18,313.8,459.94,315.3,376,1046,270,1073,1748,2594
5668630,470.74,312.375,460.02,315.9,380,1030,271,1079,1746,2605
5668632,470.98,312.15,459.7,315.675,382,1027,267,1078,1751,2597
5668634,470.34,313.65,459.78,315.75,377,1044,269,1078,1752,2603
5668636,470.58,312.675,460.34,316.2,379,1033,274,1082,1749,2605
5668638,470.74,312.9,460.34,315.6,381,1036,274,1076,1751,2600
5668640,470.58,312.525,460.26,315.9,379,1032,274,1080,1752,2599
5668642,470.42,312.525,460.1,315.6,377,1033,271,1077,1747,2602
5668644,471.22,311.85,460.5,315.75,385,1024,276,1078,1751,2603
5668646,470.66,311.775,459.94,315.75,379,1024,271,1078,1755,2603
5668648,470.5,313.275,460.42,315.525,379,1041,275,1076,1750,2600
5668650,470.42,312.75,460.18,315.525,378,1035,273,1076,1759,2601
5668652,470.74,312.75,460.02,315.825,381,1034,272,1080,1754,2603
5668654,469.78,312.3,459.94,315.6,370,1031,270,1077,1753,2602
5668656,469.86,312.375,460.02,315.15,371,1032,271,1072,1752,2599
5668658,470.1,312.375,459.54,316.125,374,1031,267,1083,1751,2605
5668660,469.54,312.15,459.38,316.125,367,1029,265,1083,1753,2605
5668662,469.22,311.55,459.46,315.375,363,1023,264,1076,1751,2603
5668664,469.54,312.6,458.82,316.425,367,1034,259,1087,1756,2609
5668666,468.98,312.9,459.7,316.2,361,1038,267,1084,1756,2604
5668668,468.82,313.125,458.98,315.975,360,1040,260,1082,1752,2604
5668670,469.06,312.075,458.9,315.825,361,1029,258,1080,1748,2607
5668672,468.66,312.525,458.5,316.05,357,1034,254,1083,1752,2609
5668674,468.58,312.975,459.38,316.275,357,1039,263,1085,1757,2609
5668676,468.66,313.2,457.94,316.65,357,1041,249,1090,1751,2607
5668678,468.58,312.75,458.18,316.5,356,1036,251,1088,1753,2606
5668680,468.98,312.825,458.34,315.9,360,1036,252,1081,1755,2604
5668682,468.42,312.3,458.02,315.675,353,1031,248,1079,1752,2604
5668684,468.18,313.35,458.5,315.75,352,1042,253,1079,1751,2603
5668686,468.26,312.225,458.5,316.425,352,1031,253,1086,1748,2605
5668688,468.26,312.9,458.1,316.05,352,1038,248,1083,1755,2603
5668690,468.1,311.925,458.66,315.675,349,1027,254,1078,1754,2610
5668692,468.74,312.45,458.02,315.675,356,1031,246,1078,1751,2608
5668694,467.94,313.125,458.18,315.825,348,1039,248,1080,1752,2607
5668696,468.26,311.475,458.1,316.05,349,1021,247,1082,1753,2605
5668698,468.34,311.7,458.18,315.975,350,1023,248,1081,1758,2611
5668700,468.74,312.6,458.1,316.275,354,1032,246,1083,1753,2609
5668702,468.18,312,457.46,316.125,348,1027,239,1083,1758,2607
5668704,468.02,312.825,457.54,316.425,346,1035,240,1085,1758,2607
5668706,468.02,312.525,457.94,315.9,346,1032,244,1080,1757,2608
5668708,467.7,312.15,458.02,316.65,342,1028,245,1087,1755,2606
5668710,468.42,312.225,458.42,315.975,349,1027,248,1079,1764,2606
5668712,467.94,313.05,457.86,316.5,345,1037,243,1085,1760,2601
5668714,468.34,312.825,457.62,316.2,349,1034,240,1082,1759,2602
5668716,467.94,313.725,458.34,316.2,345,1043,247,1081,1759,2609
5668718,468.18,313.05,457.7,316.575,347,1036,241,1085,1759,2604
5668720,468.98,312.3,458.26,316.05,354,1027,245,1079,1758,2604
5668722,468.58,312.675,458.18,316.05,350,1032,245,1079,1756,2603
5668724,468.5,312.75,458.58,315.525,349,1032,248,1073,1757,2599
5668726,468.98,313.125,458.58,316.35,355,1035,249,1082,1761,2606
5668728,469.14,312.375,458.58,315.825,355,1027,247,1075,1758,2606
5668730,468.82,311.85,458.58,315.9,352,1022,248,1076,1761,2608
5668732,469.06,312.225,458.74,315.825,354,1025,249,1075,1760,2604
5668734,469.62,312.075,458.26,314.925,360,1023,244,1066,1758,2601
5668736,469.54,312.75,459.38,315.3,360,1030,256,1068,1768,2604
5668738,469.7,312.225,458.66,315.675,361,1024,249,1073,1765,2608
5668740,469.94,312.525,458.74,315.6,364,1027,249,1072,1767,2597
5668742,469.62,311.325,459.14,315.15,359,1014,253,1067,1769,2597
5668744,469.7,311.85,459.46,315.225,361,1020,257,1067,1760,2604
5668746,470.5,312,459.7,315.15,370,1021,259,1066,1766,2596
5668748,470.42,312.525,458.98,315.3,369,1026,252,1069,1768,2596
5668750,470.26,312.45,459.7,314.4,368,1026,258,1058,1767,2600
5668752,470.58,312.9,460.18,315.3,371,1031,265,1067,1768,2602
5668754,470.74,313.05,459.86,315.75,373,1032,262,1073,1768,2603
5668756,470.5,311.925,460.34,315.6,370,1021,267,1071,1769,2601
5668758,470.82,312.675,460.66,315.825,374,1028,270,1073,1764,2602
5668760,470.9,312.375,460.1,315.975,375,1025,265,1075,1762,2603
5668762,470.18,312.9,460.1,315.9,368,1032,265,1075,1761,2599
5668764,470.42,312.975,460.5,316.5,371,1032,270,1082,1766,2603
5668766,470.34,313.35,460.42,316.05,370,1037,269,1077,1766,2603
5668768,470.5,312.525,459.94,316.35,372,1028,264,1081,1761,2598
5668770,470.42,312.675,460.26,316.425,371,1030,268,1081,1765,2603
5668772,470.34,313.65,460.1,316.95,371,1041,268,1088,1762,2604
5668774,470.66,314.175,460.5,315.975,376,1046,271,1077,1763,2599
5668776,470.42,313.95,459.62,316.125,374,1045,263,1080,1767,2598
5668778,470.26,313.425,459.7,316.275,372,1040,264,1082,1762,2600
5668780,470.34,314.475,460.26,316.95,374,1051,270,1090,1767,2598
5668782,470.1,313.125,460.42,316.725,370,1037,272,1086,1767,2601
5668784,470.1,314.55,460.58,316.875,373,1053,274,1089,1766,2599
5668786,470.26,313.65,459.94,316.5,373,1044,267,1085,1764,2601
5668788,469.94,314.4,460.1,316.05,371,1052,269,1081,1766,2600
5668790,470.26,313.425,459.54,316.05,374,1042,263,1082,1768,2599
5668792,470.5,313.95,459.38,315.525,377,1048,263,1077,1764,2595
5668794,470.18,313.35,460.02,316.125,373,1042,269,1083,1766,2598
5668796,470.5,313.275,460.34,316.2,378,1042,273,1084,1766,2598
5668798,470.34,313.65,460.34,315.9,376,1046,274,1081,1766,2601
5668800,470.02,313.8,459.7,315.975,374,1049,268,1083,1765,2593
5668802,469.86,314.1,459.78,315.9,372,1052,269,1083,1767,2602
5668804,470.34,314.175,459.7,316.35,379,1053,269,1088,1776,2599
5668806,470.42,313.575,459.86,315.975,379,1047,270,1084,1770,2595
5668808,469.7,315.15,459.46,316.275,373,1065,267,1088,1770,2597
5668810,469.46,313.425,459.62,316.125,369,1047,268,1087,1775,2598
5668812,469.7,313.2,459.94,315.525,372,1045,272,1080,1773,2595
5668814,470.18,313.8,459.7,315.6,378,1050,269,1081,1768,2599
5668816,469.86,313.8,459.54,316.2,375,1052,269,1089,1774,2594
5668818,470.1,312.45,459.3,315.075,376,1037,266,1077,1770,2592
5668820,470.18,313.2,459.22,315.075,378,1045,265,1077,1775,2593
5668822,469.54,313.275,458.58,315.375,371,1047,259,1082,1777,2592
5668824,469.06,312.525,458.34,314.925,366,1040,256,1077,1772,2588
5668826,469.54,312.45,458.9,314.7,371,1038,262,1074,1778,2590
5668828,468.82,312.9,458.5,314.55,365,1044,257,1073,1776,2591
5668830,469.78,312.3,458.26,314.4,374,1036,255,1072,1778,2589
5668832,469.62,310.875,458.5,314.625,371,1022,258,1074,1779,2590
5668834,468.82,311.55,458.02,315.075,363,1030,253,1080,1787,2591
5668836,469.54,310.575,458.26,314.925,369,1019,255,1078,1785,2587
5668838,469.06,310.5,457.78,314.4,364,1018,250,1073,1786,2587
5668840,468.82,311.7,457.78,315.525,363,1032,251,1085,1785,2591
5668842,468.1,311.55,457.86,314.325,356,1031,251,1072,1785,2586
5668844,468.18,311.1,457.62,314.55,355,1026,248,1075,1789,2587
5668846,468.34,311.1,457.86,314.625,358,1026,251,1076,1785,2588
5668848,467.94,312.9,457.46,315.075,355,1046,247,1081,1777,2585
5668850,468.02,312.075,457.62,315.525,355,1037,249,1086,1784,2584
5668852,467.86,311.925,457.54,315.45,352,1035,248,1085,1783,2587
5668854,467.78,311.85,457.38,314.625,352,1034,245,1076,1784,2591
5668856,468.26,311.7,457.3,315.225,357,1033,245,1082,1780,2585
5668858,467.3,312,457.14,314.55,347,1037,243,1075,1787,2583
5668860,467.3,311.625,457.14,315.15,346,1032,242,1081,1785,2589
5668862,466.9,312.6,457.22,315.975,343,1044,245,1090,1783,2589
5668864,467.22,311.925,457.06,315.75,344,1035,242,1088,1787,2588
5668866,467.22,311.4,457.22,314.85,344,1030,243,1078,1791,2592
5668868,466.9,311.7,457.46,315.525,341,1034,245,1085,1781,2587
5668870,467.62,311.55,457.3,315,348,1031,243,1080,1785,2590
5668872,467.7,311.85,457.38,315.45,349,1035,244,1084,1787,2589
5668874,467.62,311.925,457.3,315.825,348,1035,244,1088,1785,2590
5668876,467.62,313.125,457.22,315.3,348,1048,241,1083,1787,2585
5668878,468.02,310.8,457.54,315.6,350,1023,245,1086,1787,2590
5668880,467.38,312.6,457.7,315.75,345,1043,247,1087,1791,2588
5668882,467.46,311.55,457.22,314.85,345,1032,240,1079,1784,2589
5668884,468.1,311.025,457.38,315.6,350,1025,243,1087,1789,2589
5668886,466.9,312.825,457.62,315.3,340,1046,245,1083,1795,2591
5668888,466.34,311.85,457.3,315.675,332,1036,241,1087,1798,2591
5668890,467.46,311.85,457.54,315,344,1035,243,1080,1797,2589
5668892,466.74,312,457.54,315.75,337,1037,243,1088,1800,2590
5668894,466.9,312.15,457.06,315.225,338,1038,238,1083,1800,2588
5668896,466.5,311.175,457.38,315.3,333,1029,241,1083,1805,2591
5668898,466.26,310.575,457.38,315.525,329,1023,242,1085,1810,2589
5668900,466.26,311.025,457.46,314.775,330,1028,241,1078,1811,2591
5668902,466.34,310.65,457.38,314.85,330,1023,241,1078,1813,2594
5668904,466.18,310.875,457.46,315.375,329,1026,242,1084,1806,2592
5668906,466.74,310.35,457.22,315,333,1020,239,1080,1812,2587
5668908,466.82,309.975,457.78,314.775,334,1016,244,1077,1815,2588
5668910,467.38,310.5,457.62,314.625,341,1021,242,1076,1810,2594
5668912,466.98,311.025,457.78,315,337,1027,244,1079,1809,2591
5668914,467.46,311.1,457.94,315.225,342,1026,246,1081,1809,2591
5668916,467.06,311.475,457.94,315.075,338,1031,246,1080,1811,2591
5668918,466.82,310.2,457.78,315.225,334,1018,244,1082,1803,2588
5668920,466.74,311.325,458.18,314.775,334,1030,248,1076,1799,2585
5668922,466.9,311.55,457.7,314.625,336,1032,242,1075,1810,2589
5668924,467.7,311.55,457.78,315.15,345,1031,244,1081,1805,2590
5668926,466.74,311.85,458.42,314.55,335,1035,250,1073,1809,2588
5668928,467.46,311.85,458.1,315.375,342,1034,248,1082,1812,2590
5668930,467.38,311.7,458.02,315.9,341,1033,247,1088,1813,2595
5668932,467.06,312.15,458.1,315.975,338,1037,249,1088,1813,2590
5668934,467.06,312.6,458.66,315.6,339,1042,254,1084,1810,2590
5668936,467.14,313.125,458.18,315.825,340,1048,250,1087,1812,2594
5668938,467.54,312.975,458.74,315.45,345,1046,255,1082,1810,2587
5668940,467.62,313.2,458.5,315.9,346,1048,253,1087,1810,2593
5668942,467.3,313.05,458.02,315.75,343,1047,247,1086,1805,2595
5668944,466.9,313.575,458.26,315.975,339,1052,250,1088,1806,2592
5668946,468.18,311.925,458.82,315.3,350,1034,256,1080,1804,2596
5668948,467.46,314.025,457.94,315.525,345,1057,247,1083,1811,2590
5668950,467.22,312.6,458.5,315.45,342,1041,253,1082,1810,2589
5668952,467.46,313.2,458.02,316.05,345,1048,248,1088,1810,2596
5668954,467.06,312.375,458.9,315.3,340,1039,257,1079,1810,2591
5668956,467.7,311.775,458.5,315.975,346,1032,253,1087,1812,2596
5668958,467.46,311.4,457.94,315.9,343,1028,248,1087,1807,2594
5668960,466.34,311.775,458.26,315.75,332,1032,251,1084,1814,2590
5668962,467.06,310.5,458.34,315.675,337,1018,252,1083,1808,2592
5668964,467.46,310.35,458.18,315.6,342,1015,250,1082,1808,2594
5668966,467.22,311.175,458.1,315.15,340,1024,248,1078,1816,2596
5668968,467.3,310.875,459.06,314.925,341,1020,259,1074,1819,2595
5668970,466.98,310.575,458.42,315.675,338,1018,252,1082,1813,2602
5668972,466.82,311.1,458.58,315.45,337,1023,254,1079,1813,2596
5668974,467.38,309.975,458.82,315.45,341,1010,257,1079,1818,2598
5668976,467.38,309.975,458.66,315.45,341,1010,256,1078,1816,2596
5668978,467.06,310.2,458.26,315.225,338,1013,251,1077,1811,2597
5668980,467.38,311.325,459.22,315.375,343,1024,261,1076,1823,2600
5668982,467.54,310.275,458.98,315.225,344,1012,259,1075,1820,2602
5668984,467.22,310.875,459.38,316.125,341,1018,264,1083,1818,2604
5668986,467.06,310.275,459.06,315,338,1012,259,1072,1813,2598
5668988,467.38,311.475,458.74,315.45,343,1024,256,1076,1813,2606
5668990,467.46,311.475,459.54,315.75,344,1023,265,1078,1819,2600
5668992,467.54,311.625,459.78,314.625,345,1025,266,1065,1820,2601
5668994,466.9,311.55,459.62,315.525,339,1025,265,1076,1814,2604
5668996,467.46,312.3,459.3,315.75,345,1032,263,1078,1822,2603
5668998,467.7,311.775,460.1,315.45,347,1026,271,1074,1819,2607
5669000,467.7,312.225,459.38,315.75,347,1030,264,1077,1812,2608
5669002,467.62,311.325,459.78,315.375,346,1020,268,1072,1816,2605
5669004,467.46,312.75,459.7,315.75,346,1035,268,1076,1820,2603
5669006,467.86,311.625,459.3,315.975,349,1023,263,1079,1815,2604
5669008,466.98,313.125,459.7,316.125,341,1039,268,1080,1819,2605
5669010,467.7,313.125,459.7,315.3,349,1038,267,1070,1816,2602
5669012,466.82,313.275,459.3,316.5,340,1040,265,1084,1821,2610
5669014,467.22,312.75,459.7,315.825,344,1035,268,1075,1818,2602
5669016,467.46,313.575,460.1,315.525,347,1043,272,1072,1821,2602
5669018,467.38,312.3,460.34,315.75,345,1029,275,1074,1821,2611
5669020,467.3,312.675,459.86,316.05,345,1033,270,1078,1819,2606
5669022,467.22,311.4,460.02,315.675,342,1019,271,1073,1821,2609
5669024,467.3,312.975,460.18,315.45,345,1036,273,1071,1826,2603
5669026,467.46,311.55,459.46,316.05,345,1020,266,1078,1824,2607
5669028,467.22,312.825,459.46,315.525,344,1035,266,1072,1821,2605
5669030,467.3,311.625,460.26,315.825,344,1021,274,1074,1819,2610
5669032,467.38,312.15,459.78,316.65,345,1027,270,1084,1821,2611
5669034,467.22,312.225,460.5,315.825,344,1028,276,1074,1822,2609
5669036,467.62,313.05,460.58,315.9,348,1036,277,1074,1823,2608
5669038,467.38,313.35,460.02,316.275,346,1040,272,1080,1822,2614
5669040,467.3,313.95,460.18,316.125,346,1047,273,1078,1826,2605
5669042,467.22,313.125,460.34,316.275,344,1038,275,1079,1825,2609
5669044,466.9,312.975,460.42,316.2,341,1036,276,1078,1825,2610
5669046,466.66,314.55,460.34,316.275,340,1053,275,1079,1829,2609
5669048,467.14,315.15,460.66,316.05,345,1060,279,1077,1829,2607
5669050,467.38,314.175,460.58,316.875,347,1049,279,1086,1826,2610
5669052,467.7,314.625,460.98,316.8,351,1053,283,1084,1828,2608
5669054,467.3,314.925,461.14,316.725,347,1058,284,1083,1827,2615
5669056,467.3,315.525,461.06,317.1,348,1064,283,1088,1831,2612
5669058,468.02,315.525,460.66,317.175,355,1064,280,1089,1825,2609
5669060,467.22,315.975,460.9,317.625,348,1070,282,1094,1823,2611
5669062,467.06,315.525,460.66,316.725,345,1064,279,1085,1832,2611
5669064,467.46,315.6,460.98,317.25,349,1066,283,1090,1826,2611
5669066,466.9,314.625,460.98,316.95,342,1055,282,1087,1823,2614
5669068,466.98,316.2,460.58,317.625,344,1073,279,1095,1830,2614
5669070,467.3,314.4,461.62,317.025,346,1053,289,1087,1830,2618
5669072,466.98,314.7,460.58,317.4,343,1056,278,1093,1827,2617
5669074,466.9,315.525,460.5,316.575,343,1066,277,1084,1830,2612
5669076,467.14,314.325,460.74,316.725,344,1053,280,1085,1829,2619
5669078,467.38,314.85,460.26,316.725,347,1058,274,1086,1828,2618
5669080,466.82,315.375,460.58,316.65,341,1065,278,1085,1830,2617
5669082,467.38,313.8,460.18,316.425,346,1047,273,1084,1824,2614
5669084,466.58,315.3,460.5,316.5,339,1064,276,1084,1828,2617
5669086,466.98,315.075,460.5,316.2,343,1062,276,1081,1833,2614
5669088,466.9,314.1,461.14,316.725,341,1052,283,1086,1832,2614
5669090,467.06,313.95,460.26,316.575,343,1050,273,1085,1829,2617
5669092,466.74,314.4,460.34,316.95,339,1055,275,1089,1831,2617
5669094,466.82,314.7,461.22,317.25,340,1058,284,1092,1830,2623
5669096,467.38,314.85,460.66,317.025,346,1059,277,1090,1832,2616
5669098,467.3,315.075,460.9,316.725,345,1062,280,1087,1834,2620
5669100,466.58,314.925,461.14,317.625,338,1061,283,1096,1836,2614
5669102,466.26,315,460.18,317.175,334,1063,273,1092,1833,2621
5669104,466.5,316.05,460.82,317.55,337,1074,279,1096,1839,2623
5669106,466.74,314.85,461.22,317.175,339,1060,283,1091,1835,2620
5669108,466.58,314.475,460.26,316.95,337,1057,272,1090,1837,2623
5669110,466.42,316.65,460.74,317.025,337,1081,277,1090,1833,2618
5669112,466.18,315.525,460.9,317.1,333,1068,279,1091,1840,2619
5669114,466.26,316.5,460.18,317.1,335,1079,272,1092,1829,2624
5669116,466.18,315.15,460.34,317.175,332,1064,273,1093,1838,2618
5669118,466.26,315.675,460.66,316.65,334,1070,276,1086,1836,2621
5669120,466.1,315.975,460.18,317.55,332,1074,271,1097,1841,2621
5669122,466.02,315.225,459.94,317.4,330,1065,269,1096,1833,2620
5669124,465.86,315.825,460.34,317.55,329,1072,272,1096,1834,2623
5669126,466.18,315.3,460.9,316.95,331,1066,278,1090,1839,2618
5669128,466.34,315.75,460.02,317.25,333,1071,268,1094,1836,2619
5669130,466.18,315.45,460.34,317.175,331,1068,272,1092,1836,2616
5669132,465.86,315.675,460.74,317.55,328,1071,276,1096,1838,2620
5669134,466.26,316.275,460.82,316.575,332,1076,275,1085,1835,2621
5669136,466.18,315.45,460.42,317.325,330,1068,272,1095,1836,2622
5669138,465.94,315.9,460.02,316.575,328,1073,267,1087,1839,2618
5669140,466.34,314.7,460.34,317.25,330,1060,270,1094,1835,2625
5669142,465.78,315.6,460.42,317.175,326,1070,271,1093,1832,2620
5669144,465.94,315.075,460.82,317.1,327,1064,275,1091,1838,2623
5669146,465.94,315.225,460.5,316.875,327,1066,272,1090,1840,2621
5669148,466.1,315.3,460.58,317.625,328,1066,273,1098,1838,2625
5669150,466.26,315.3,460.58,317.025,330,1067,272,1091,1834,2620
5669152,465.7,316.05,460.9,317.325,324,1075,275,1094,1838,2627
5669154,465.94,314.775,460.9,318.3,326,1061,276,1105,1840,2631
5669156,466.58,315.9,460.74,317.925,333,1073,274,1100,1843,2632
5669158,466.66,315.675,460.82,318.3,334,1070,275,1105,1839,2626
5669160,466.42,315.525,461.3,317.625,331,1068,279,1097,1841,2628
5669162,466.18,315.825,460.98,317.475,329,1072,275,1096,1838,2624
5669164,466.42,316.35,461.46,318.3,331,1077,282,1104,1839,2628
5669166,466.26,316.575,461.7,317.55,330,1080,283,1095,1838,2628
5669168,466.74,316.05,460.98,317.475,335,1074,275,1096,1838,2625
5669170,466.42,316.2,460.82,317.925,331,1076,274,1101,1835,2627
5669172,466.42,315.675,461.78,317.775,330,1070,284,1098,1839,2631
5669174,467.3,316.425,460.58,317.85,340,1078,272,1100,1837,2629
5669176,466.66,316.2,461.62,318.825,333,1076,283,1110,1840,2632
5669178,466.74,316.125,461.54,318.375,334,1075,282,1105,1834,2637
5669180,466.18,316.65,461.06,318.75,329,1081,277,1110,1837,2634
5669182,466.58,316.725,461.14,318.825,333,1082,278,1111,1837,2631
5669184,466.42,317.55,461.38,319.05,332,1091,281,1113,1844,2629
5669186,466.58,317.175,460.98,318.75,334,1087,277,1110,1832,2631
5669188,466.42,317.625,461.46,318.9,333,1092,282,1111,1841,2632
5669190,467.3,316.875,461.38,317.85,341,1083,280,1100,1841,2631
5669192,467.06,318.15,461.14,319.125,340,1097,279,1114,1837,2632
5669194,466.66,318.075,461.54,319.575,336,1096,284,1118,1840,2636
5669196,466.58,317.1,461.94,319.2,334,1086,288,1114,1841,2631
5669198,466.74,316.725,461.22,319.575,336,1082,281,1119,1836,2631
5669200,466.9,317.775,461.38,319.275,338,1094,282,1116,1839,2635
5669202,466.66,317.625,461.62,319.2,336,1092,285,1115,1839,2636
5669204,467.62,317.325,461.06,319.5,346,1088,280,1118,1835,2634
5669206,466.98,317.55,461.62,319.425,340,1091,285,1117,1836,2632
5669208,466.9,318.075,461.94,319.125,340,1097,288,1114,1838,2635
5669210,467.38,317.025,460.66,318.675,343,1085,275,1110,1836,2636
5669212,466.5,317.85,461.62,319.725,336,1095,287,1121,1837,2632
5669214,466.58,317.4,461.86,318.9,336,1090,288,1111,1837,2632
5669216,466.58,318.9,462.1,319.125,338,1106,291,1114,1834,2633
5669218,467.06,318.9,461.54,319.8,343,1106,286,1121,1836,2628
5669220,466.34,319.5,461.54,318.675,336,1113,285,1109,1837,2634
5669222,467.14,318.6,462.02,319.575,344,1103,292,1119,1839,2628
5669224,466.9,317.925,461.54,319.95,341,1096,287,1124,1836,2633
5669226,466.42,318.075,461.46,320.55,336,1098,287,1130,1839,2631
5669228,466.9,318.375,461.54,319.35,342,1100,287,1117,1839,2633
5669230,467.06,318.225,461.54,319.725,343,1099,288,1121,1833,2634
5669232,466.58,318.15,461.54,320.175,339,1098,288,1126,1836,2630
5669234,467.22,318.3,461.7,319.875,346,1100,290,1123,1835,2625
5669236,467.06,319.2,461.62,320.25,346,1109,290,1127,1830,2628
5669238,467.22,318.9,461.78,319.65,347,1106,291,1120,1832,2629
5669240,466.9,318,461.62,320.625,344,1097,290,1131,1833,2628
5669242,466.98,318.975,461.86,319.725,346,1107,293,1121,1831,2631
5669244,467.14,319.2,461.7,321.15,348,1109,292,1136,1834,2625
5669246,467.14,318.675,461.7,319.8,347,1104,291,1122,1831,2627
5669248,467.06,318.9,461.94,320.4,347,1107,294,1128,1834,2625
5669250,466.98,318.525,461.78,320.325,346,1102,293,1127,1828,2633
5669252,467.22,319.425,461.54,320.775,349,1112,292,1133,1829,2627
5669254,466.82,318.9,461.3,320.325,345,1107,288,1128,1831,2629
5669256,466.98,319.35,461.14,320.85,347,1112,287,1134,1830,2628
5669258,466.74,320.25,461.38,321,346,1122,290,1136,1827,2631
5669260,466.74,319.8,461.22,321.225,346,1117,289,1138,1829,2630
5669262,466.58,319.2,460.9,320.925,343,1110,286,1135,1836,2629
5669264,467.06,319.35,461.7,320.775,348,1111,294,1133,1831,2627
5669266,466.82,318.9,461.3,321,346,1107,290,1136,1832,2624
5669268,467.62,318.9,461.7,320.775,354,1106,294,1133,1827,2625
5669270,467.46,319.425,462.18,321,353,1112,299,1135,1835,2626
5669272,467.78,320.25,462.18,320.625,358,1121,300,1130,1833,2628
5669274,468.74,319.425,462.58,320.325,367,1110,304,1127,1826,2623
5669276,470.1,319.275,462.82,319.875,382,1107,306,1122,1832,2625
5669278,470.66,318.45,462.98,319.5,386,1098,307,1117,1834,2621
5669280,471.06,318.3,463.38,319.05,390,1095,311,1112,1835,2620
5669282,470.42,318.6,462.9,318.825,385,1099,306,1110,1835,2620
5669284,470.74,318,462.5,319.2,387,1093,302,1115,1832,2623
5669286,470.02,317.4,461.94,317.925,379,1087,295,1101,1832,2616
5669288,469.86,317.175,461.3,317.55,378,1084,287,1098,1830,2617
5669290,468.98,318.075,460.5,318.375,369,1095,280,1108,1831,2614
5669292,468.98,318,460.5,317.775,368,1095,280,1101,1837,2614
5669294,467.94,318.075,459.54,317.625,358,1097,269,1101,1827,2621
5669296,468.18,317.1,459.38,318.375,359,1086,268,1109,1829,2624
5669298,468.58,315.675,460.02,318.45,362,1070,275,1109,1831,2619
5669300,468.1,316.65,460.1,319.05,358,1080,276,1115,1830,2624
5669302,468.18,318.375,459.54,318.45,361,1099,269,1110,1831,2620
5669304,468.18,318.6,460.58,320.1,361,1102,282,1126,1834,2617
5669306,468.02,317.85,460.02,318.9,358,1094,275,1114,1827,2628
5669308,468.82,318.525,459.86,320.025,367,1100,274,1126,1825,2624
5669310,468.58,317.85,460.42,319.575,363,1093,280,1121,1828,2621
5669312,467.78,318.6,459.3,319.875,356,1102,268,1125,1825,2622
5669314,467.86,318.225,460.26,320.475,356,1098,279,1131,1833,2621
5669316,468.26,318.375,460.26,320.475,361,1099,278,1130,1830,2615
5669318,468.18,318.075,459.7,320.475,359,1096,272,1131,1825,2623
5669320,468.42,318.075,460.02,320.775,361,1096,276,1134,1827,2621
5669322,467.86,318.15,459.62,320.325,356,1097,271,1130,1834,2618
5669324,468.1,318.45,460.34,320.625,358,1099,278,1132,1835,2619
5669326,468.66,318.75,459.78,320.775,363,1102,273,1134,1821,2623
5669328,468.42,318.375,459.78,320.775,360,1098,272,1134,1833,2626
5669330,468.18,319.35,459.86,320.7,359,1110,273,1133,1829,2621
5669332,468.18,318.225,459.94,320.775,357,1097,273,1134,1823,2621
5669334,468.34,317.475,459.38,320.775,358,1089,267,1134,1829,2621
5669336,468.34,318.15,460.42,321.15,358,1097,278,1138,1833,2617
5669338,468.66,316.875,460.02,321.6,360,1082,274,1143,1830,2618
5669340,468.42,317.4,459.38,320.85,357,1088,266,1135,1827,2622
5669342,468.74,318.6,460.18,320.7,362,1101,274,1133,1827,2614
5669344,468.5,317.85,459.3,321.075,359,1093,266,1138,1829,2623
5669346,468.18,317.025,458.98,320.625,354,1084,261,1133,1830,2626
5669348,468.34,318.075,458.9,320.1,356,1095,260,1128,1829,2619
5669350,467.94,317.475,458.98,320.175,351,1089,260,1129,1827,2619
5669352,468.18,316.725,459.46,320.325,353,1081,265,1129,1828,2610
5669354,467.78,317.925,458.5,319.95,350,1094,255,1126,1831,2613
5669356,468.1,318.15,458.9,320.625,354,1096,259,1133,1830,2612
5669358,468.42,318.225,458.98,320.025,357,1097,259,1126,1828,2615
5669360,468.18,318.675,458.9,321.075,355,1102,260,1138,1828,2611
5669362,468.18,318.9,459.14,321.15,355,1104,262,1139,1828,2612
5669364,468.58,319.65,459.54,321.975,359,1112,267,1147,1825,2615
5669366,468.1,319.575,459.54,321.45,354,1112,266,1141,1826,2613
5669368,468.74,319.125,459.46,321.375,360,1107,265,1141,1824,2613
5669370,468.82,319.875,459.94,321.75,362,1114,270,1144,1825,2610
5669372,469.38,319.8,460.1,321.825,368,1112,272,1145,1826,2613
5669374,469.3,319.95,460.18,321.825,367,1114,273,1144,1821,2609
5669376,469.14,319.65,460.5,322.275,364,1111,276,1149,1821,2611
5669378,469.06,320.625,460.26,320.925,365,1122,272,1135,1826,2605
5669380,468.98,319.95,460.34,321.825,363,1115,274,1144,1829,2610
5669382,468.9,319.875,460.42,321.3,362,1114,275,1139,1823,2601
5669384,469.14,319.575,459.54,321.225,364,1110,266,1139,1818,2604
5669386,469.46,318.825,460.26,321.3,367,1102,273,1139,1825,2603
5669388,469.54,319.35,460.42,320.4,368,1107,274,1129,1826,2603
5669390,470.34,318.3,460.1,321.15,376,1095,271,1137,1824,2606
5669392,470.1,318.525,460.1,321.15,373,1098,271,1137,1828,2601
5669394,470.42,317.775,459.94,320.925,376,1089,269,1135,1823,2606
5669396,469.38,318.45,459.78,320.7,366,1097,268,1133,1822,2600
5669398,470.18,318.375,459.86,321.15,374,1096,269,1137,1821,2596
5669400,470.1,317.025,459.94,320.025,372,1081,268,1125,1829,2593
5669402,469.86,316.725,460.02,319.5,369,1079,269,1120,1824,2594
5669404,470.58,317.175,460.02,320.55,377,1083,270,1130,1817,2587
5669406,470.34,317.325,460.18,320.025,375,1084,271,1125,1820,2590
5669408,470.1,316.575,459.62,320.775,371,1077,266,1133,1820,2587
5669410,469.78,318.075,460.1,321,370,1094,272,1136,1821,2590
5669412,470.26,316.875,460.18,320.7,375,1080,272,1132,1818,2591
5669414,470.42,316.725,460.02,321.525,376,1078,271,1141,1820,2590
5669416,470.02,319.125,460.26,321.825,374,1105,274,1145,1819,2587
5669418,469.94,319.2,460.26,322.275,374,1105,275,1149,1820,2588
5669420,470.26,319.5,460.34,321.525,378,1108,276,1141,1821,2585
5669422,469.94,319.725,460.26,322.125,374,1111,276,1148,1818,2591
5669424,470.26,321.15,460.34,322.425,380,1127,277,1151,1818,2586
5669426,470.18,321.075,460.5,321.75,379,1126,278,1143,1817,2585
5669428,469.7,321.45,460.82,322.425,375,1130,282,1151,1820,2584
5669430,470.58,320.1,460.9,322.875,382,1115,284,1155,1811,2581
5669432,471.06,321.45,460.9,323.1,389,1130,284,1159,1816,2578
5669434,470.74,321.675,460.98,323.325,386,1132,285,1161,1816,2579
5669436,471.38,321.975,461.38,323.325,393,1135,290,1161,1815,2579
5669438,471.3,322.125,460.74,323.25,393,1137,283,1161,1817,2575
5669440,470.9,322.575,461.38,323.175,389,1143,290,1160,1816,2575
5669442,471.78,321.825,461.3,322.725,398,1134,288,1155,1815,2571
5669444,471.14,321.9,461.06,322.575,391,1136,286,1153,1812,2568
5669446,471.3,322.05,461.38,323.175,393,1137,290,1160,1816,2571
5669448,471.3,322.425,461.3,323.175,394,1141,290,1160,1814,2567
5669450,471.54,321.3,461.7,323.55,395,1128,294,1164,1811,2565
5669452,471.46,321.9,461.7,322.65,395,1136,293,1154,1814,2563
5669454,471.14,321.375,461.54,322.125,391,1130,291,1148,1807,2559
5669456,471.06,321.375,461.06,322.35,390,1130,286,1151,1811,2560
5669458,470.5,321.6,461.54,322.875,385,1133,292,1156,1807,2556
5669460,471.14,320.625,461.38,322.725,391,1122,290,1156,1807,2550
5669462,470.74,321.3,461.62,322.425,387,1130,292,1151,1805,2549
5669464,471.06,321.15,461.46,322.8,390,1127,291,1156,1807,2546
5669466,470.74,321,461.22,322.65,386,1127,288,1154,1809,2544
5669468,470.66,320.55,460.66,322.125,385,1122,282,1149,1802,2537
5669470,470.26,320.625,460.66,322.65,381,1123,282,1155,1803,2534
5669472,470.74,320.25,460.5,323.175,385,1117,281,1160,1803,2534
5669474,470.34,319.275,460.82,323.25,380,1107,284,1161,1798,2534
5669476,470.5,319.125,460.5,322.8,381,1105,279,1155,1797,2533
5669478,470.74,319.425,460.66,322.8,384,1108,282,1156,1797,2532
5669480,471.06,318.675,460.5,323.175,386,1099,280,1159,1796,2535
5669482,470.58,318.375,460.34,323.025,381,1096,278,1158,1796,2531
5669484,470.66,320.25,460.34,322.5,383,1115,277,1151,1798,2528
5669486,471.22,317.85,460.74,322.275,386,1089,280,1148,1788,2531
5669488,470.42,319.65,460.34,322.5,379,1108,276,1150,1801,2527
5669490,470.98,319.725,460.42,322.05,385,1108,276,1145,1798,2523
5669492,470.66,320.175,460.26,322.875,381,1113,275,1153,1794,2520
5669494,470.34,318.9,460.42,322.65,377,1099,277,1150,1793,2519
5669496,470.26,319.35,460.42,322.725,375,1103,276,1150,1793,2519
5669498,470.74,319.05,460.34,322.875,381,1099,275,1152,1786,2514
5669500,470.66,318.975,459.94,323.475,379,1097,270,1158,1789,2514
5669502,470.5,319.5,459.78,323.325,377,1103,269,1156,1792,2511
5669504,470.18,319.95,459.54,323.25,373,1107,266,1154,1786,2508
5669506,470.02,319.575,459.3,323.85,372,1103,264,1161,1790,2508
5669508,470.66,320.1,459.22,324.075,379,1107,262,1163,1788,2504
5669510,470.26,320.1,459.14,323.625,374,1108,261,1157,1784,2502
5669512,470.18,320.1,459.22,324.075,373,1107,262,1161,1788,2499
5669514,469.86,319.95,458.9,324.3,368,1105,258,1164,1788,2501
5669516,470.5,319.575,458.66,324.525,375,1100,255,1166,1781,2495
5669518,470.18,320.475,458.74,324.525,372,1110,256,1165,1783,2491
5669520,470.1,321,458.82,324.525,371,1114,256,1165,1786,2493
5669522,469.7,320.4,458.82,324.75,366,1108,256,1167,1776,2489
5669524,470.42,320.475,458.82,324.675,373,1108,256,1165,1775,2487
5669526,469.54,320.625,458.74,325.125,365,1110,255,1171,1777,2490
5669528,469.94,320.775,458.74,324.825,368,1110,254,1167,1770,2484
5669530,470.02,320.25,458.9,325.125,368,1105,256,1169,1772,2482
5669532,469.86,320.475,458.66,325.275,366,1107,254,1171,1774,2482
5669534,469.86,320.775,458.66,324.975,367,1110,253,1167,1774,2482
5669536,470.66,320.925,458.9,325.275,375,1110,256,1170,1770,2479
5669538,470.9,320.475,459.22,325.35,377,1105,259,1171,1772,2480
5669540,470.74,320.775,459.3,325.875,376,1108,260,1176,1764,2475
5669542,471.22,320.025,459.14,326.175,380,1100,259,1179,1763,2476
5669544,471.22,321.225,459.46,326.025,380,1112,262,1177,1765,2469
5669546,471.3,321.15,460.02,325.35,381,1112,267,1169,1765,2465
5669548,471.38,321.75,460.02,325.8,383,1118,268,1174,1766,2471
5669550,471.54,321.45,460.1,326.1,384,1114,269,1177,1758,2470
5669552,471.86,321.6,460.66,327.075,388,1116,276,1187,1763,2464
5669554,472.42,321.525,460.58,326.55,394,1114,274,1181,1766,2460
5669556,472.42,321.975,460.58,326.4,394,1119,274,1180,1765,2461
5669558,472.42,321.975,460.58,326.1,394,1119,274,1177,1760,2459
5669560,472.66,321.975,460.82,326.25,397,1119,277,1178,1763,2460
5669562,472.5,322.2,460.98,325.95,396,1121,279,1175,1758,2458
5669564,473.54,322.275,460.9,326.625,407,1121,279,1182,1757,2453
5669566,473.38,321.9,461.06,326.85,405,1118,281,1184,1757,2455
5669568,473.06,322.425,461.38,327.45,403,1123,285,1191,1761,2448
5669570,473.78,322.05,461.54,326.775,410,1119,286,1183,1758,2449
5669572,474.1,322.35,461.14,327.45,415,1122,283,1191,1758,2448
5669574,474.1,322.725,461.46,327.9,415,1126,287,1196,1756,2449
5669576,474.42,323.775,461.3,327.525,420,1138,286,1192,1750,2447
5669578,474.1,322.275,461.46,328.35,415,1122,288,1201,1750,2443
5669580,474.34,322.5,461.54,328.35,419,1124,291,1202,1754,2441
5669582,474.26,322.65,461.3,328.125,418,1126,288,1199,1750,2440
5669584,473.94,322.65,461.54,328.95,416,1126,292,1208,1751,2440
5669586,473.94,323.325,461.46,329.1,417,1134,292,1210,1749,2439
5669588,474.26,323.475,461.38,327.75,421,1135,290,1196,1752,2443
5669590,473.94,323.025,461.78,328.65,418,1131,296,1205,1748,2437
5669592,473.78,323.325,461.54,328.5,417,1135,294,1204,1748,2433
5669594,474.1,324.075,462.02,327.9,422,1142,298,1197,1745,2438
5669596,474.1,323.1,461.78,328.875,421,1133,298,1208,1744,2435
5669598,474.1,323.175,461.22,328.275,422,1133,291,1203,1744,2433
5669600,473.86,323.625,461.62,328.725,421,1139,298,1208,1745,2431
5669602,474.02,323.4,461.94,329.4,422,1136,301,1215,1746,2431
5669604,473.3,323.55,461.86,329.4,416,1139,302,1215,1748,2422
5669606,473.78,322.875,462.18,328.875,421,1131,304,1209,1745,2424
5669608,473.22,323.4,462.18,329.325,416,1138,305,1214,1745,2423
5669610,473.7,323.025,461.94,329.25,421,1133,303,1214,1743,2416
5669612,473.22,322.95,462.5,328.8,416,1133,310,1208,1743,2422
5669614,473.62,322.65,461.7,329.175,420,1130,302,1213,1739,2418
5669616,473.62,323.1,461.78,329.325,422,1135,303,1215,1745,2416
5669618,473.14,322.575,461.7,328.8,416,1130,302,1210,1745,2416
5669620,473.62,323.175,462.18,328.575,422,1136,308,1207,1740,2419
5669622,473.78,322.725,461.94,328.575,424,1131,305,1207,1739,2414
5669624,473.14,322.5,461.86,328.35,418,1129,305,1205,1739,2412
5669626,473.22,322.35,461.86,326.25,418,1128,303,1182,1735,2415
5669628,473.14,321.975,461.54,327.675,418,1123,302,1197,1741,2406
5669630,473.54,321.675,461.46,326.775,422,1119,300,1188,1742,2406
5669632,473.3,322.05,461.7,327.375,419,1124,304,1194,1740,2407
5669634,473.62,321.075,461.62,326.775,422,1113,302,1188,1737,2402
5669636,473.22,321.3,461.38,325.5,418,1115,298,1174,1738,2406
5669638,473.62,320.625,461.38,326.85,422,1108,299,1188,1735,2400
5669640,473.54,320.025,461.3,326.7,420,1101,299,1186,1735,2399
5669642,472.66,321.675,460.98,325.875,413,1119,294,1178,1740,2399
5669644,472.98,320.925,460.82,326.25,415,1111,293,1181,1737,2391
5669646,472.58,321.45,460.9,325.8,412,1117,293,1177,1738,2396
5669648,473.46,321.525,461.3,327,420,1116,299,1188,1733,2391
5669650,473.22,320.7,461.38,327.075,417,1107,299,1189,1734,2392
5669652,472.74,321.825,460.74,327.675,413,1120,293,1196,1738,2394
5669654,472.9,321.15,460.66,327.45,414,1113,292,1194,1733,2389
5669656,472.34,321.15,460.9,327.3,408,1113,294,1192,1733,2392
5669658,472.18,321.975,460.34,327.15,407,1122,288,1190,1734,2390
5669660,472.5,321.9,460.5,328.35,410,1120,291,1203,1734,2385
5669662,471.7,321.075,460.5,327.675,401,1112,290,1196,1734,2385
5669664,471.94,319.95,460.34,325.95,402,1099,286,1177,1735,2389
5669666,472.26,319.575,459.94,325.2,405,1095,281,1169,1723,2380
5669668,471.94,317.775,459.38,323.1,400,1076,273,1147,1740,2382
5669670,472.66,316.275,459.46,320.85,406,1059,272,1122,1732,2381
5669672,473.38,316.05,459.46,321.15,413,1056,272,1126,1733,2378
5669674,472.9,316.65,459.62,320.4,408,1063,272,1118,1731,2377
5669676,473.06,316.875,459.22,320.7,410,1065,268,1121,1731,2373
5669678,472.66,317.025,459.22,321.45,406,1067,269,1129,1726,2375
5669680,471.86,317.25,459.3,321.45,398,1071,270,1129,1735,2367
5669682,472.02,317.4,459.06,321.525,400,1072,268,1130,1734,2371
5669684,472.66,318.075,458.74,321.975,407,1078,264,1136,1729,2374
5669686,472.1,317.7,458.9,321.15,401,1076,265,1127,1737,2370
5669688,472.1,317.25,458.9,321.675,400,1070,266,1133,1733,2370
5669690,472.5,317.625,458.9,322.2,404,1075,266,1139,1732,2368
5669692,472.26,318,459.62,322.05,403,1079,274,1137,1734,2366
5669694,472.26,317.25,459.46,321.9,402,1071,272,1135,1731,2362
5669696,472.18,317.925,459.14,322.35,402,1079,269,1140,1730,2364
5669698,472.02,316.95,459.54,321.75,399,1068,273,1134,1729,2364
5669700,472.18,318.075,459.7,321.525,402,1080,274,1131,1732,2365
5669702,472.26,317.4,459.54,321.45,402,1073,272,1131,1725,2367
5669704,472.18,317.325,460.18,321.975,401,1073,279,1136,1732,2356
5669706,472.42,317.175,459.94,321.825,403,1071,277,1135,1730,2363
5669708,472.42,318.3,459.54,322.8,404,1083,273,1146,1730,2358
5669710,472.74,317.625,459.86,322.05,406,1076,276,1138,1728,2356
5669712,472.5,317.4,459.94,322.275,404,1074,276,1141,1723,2357
5669714,472.34,317.925,459.62,322.5,403,1080,274,1143,1725,2356
5669716,472.82,318.6,459.86,322.575,408,1087,275,1145,1729,2359
5669718,472.82,318.525,459.86,323.025,408,1086,276,1149,1730,2356
5669720,472.58,318.75,460.1,322.5,405,1089,278,1144,1727,2352
5669722,472.42,318.15,460.34,322.95,403,1083,281,1148,1728,2352
5669724,472.02,317.475,460.18,323.775,398,1076,279,1157,1725,2352
5669726,472.26,318.675,459.86,323.55,401,1089,276,1155,1731,2347
5669728,472.42,318.6,459.86,324.225,402,1089,277,1164,1726,2347
5669730,472.58,317.85,459.62,323.55,404,1081,273,1156,1722,2347
5669732,472.18,318.225,459.86,323.475,400,1085,276,1156,1728,2344
5669734,472.34,317.775,459.78,323.7,401,1081,275,1158,1729,2345
5669736,472.74,317.625,459.62,324,404,1079,273,1162,1725,2342
5669738,471.78,318.45,459.46,323.1,396,1089,271,1152,1726,2344
5669740,471.62,318.9,459.94,323.7,394,1094,277,1158,1724,2344
5669742,472.42,317.25,459.7,323.625,401,1075,274,1158,1720,2341
5669744,472.02,318.225,459.86,323.025,397,1086,274,1152,1727,2339
5669746,472.26,317.475,459.14,322.875,399,1078,267,1151,1724,2340
5669748,471.94,317.25,459.62,323.625,395,1076,272,1158,1726,2338
5669750,472.18,317.25,459.54,323.7,397,1076,271,1159,1722,2338
5669752,472.1,318.45,460.18,322.95,397,1089,277,1150,1730,2336
5669754,472.5,317.85,460.42,322.275,401,1082,279,1143,1727,2336
5669756,471.62,317.25,459.78,323.7,391,1076,273,1159,1716,2334
5669758,472.02,316.35,460.02,322.95,394,1066,275,1151,1722,2334
5669760,471.38,317.775,460.02,322.425,389,1082,274,1145,1718,2335
5669762,471.78,316.725,459.7,322.725,392,1070,271,1148,1718,2336
5669764,471.46,316.275,459.62,322.65,388,1066,270,1147,1717,2337
5669766,471.7,317.7,459.86,322.425,391,1080,272,1145,1719,2334
5669768,471.7,316.575,459.86,323.025,390,1068,273,1151,1713,2334
5669770,471.46,316.125,460.02,322.2,387,1063,273,1142,1713,2333
5669772,472.1,316.2,459.86,322.725,394,1063,272,1147,1717,2327
5669774,472.26,316.425,460.18,322.875,396,1065,275,1148,1717,2334
5669776,471.62,316.35,460.5,321.75,388,1065,277,1136,1715,2332
5669778,471.46,316.125,460.42,322.425,387,1063,277,1143,1717,2327
5669780,471.62,317.25,460.26,322.95,389,1074,275,1148,1717,2330
5669782,471.7,316.05,460.18,322.35,388,1061,273,1142,1716,2324
5669784,471.94,316.575,460.58,322.2,391,1066,277,1139,1712,2325
5669786,472.26,315.975,460.58,322.875,393,1059,278,1146,1712,2327
5669788,471.86,315.675,460.26,322.2,389,1056,274,1139,1716,2325
5669790,471.62,316.2,460.34,322.725,387,1061,275,1145,1717,2324
5669792,472.02,316.35,460.34,322.575,391,1062,275,1142,1716,2325
5669794,472.58,315.9,460.58,322.05,396,1056,277,1136,1714,2325
5669796,471.78,316.425,460.58,322.5,388,1063,277,1141,1710,2325
5669798,471.62,317.175,460.82,322.2,388,1071,279,1137,1710,2323
5669800,471.62,316.35,460.74,322.425,387,1061,279,1139,1711,2323
5669802,472.02,315.9,460.9,322.275,390,1056,281,1137,1710,2320
5669804,472.26,316.575,461.22,322.575,394,1063,284,1140,1711,2319
5669806,472.1,314.55,460.9,322.5,390,1041,281,1139,1708,2317
5669808,472.02,316.65,460.66,321.975,392,1063,278,1133,1712,2317
5669810,472.26,316.65,461.06,321.75,394,1063,281,1130,1710,2319
5669812,472.58,315.075,461.38,322.875,396,1045,287,1141,1712,2316
5669814,472.66,315.6,461.7,322.2,397,1051,289,1134,1716,2320
5669816,472.34,316.125,461.54,322.65,394,1056,288,1139,1711,2314
5669818,473.06,316.125,461.86,322.5,402,1056,291,1136,1709,2317
5669820,473.06,315.825,461.78,323.775,402,1052,292,1150,1704,2308
5669822,472.9,316.5,461.46,322.725,402,1060,288,1139,1714,2307
5669824,472.98,316.425,461.78,323.025,403,1058,292,1142,1707,2306
5669826,472.9,316.35,461.7,323.4,401,1058,291,1146,1709,2311
5669828,473.06,316.125,461.86,323.25,404,1055,293,1144,1704,2303
5669830,473.78,316.425,462.42,323.25,411,1058,299,1143,1705,2305
5669832,473.46,315.6,462.1,324,408,1048,297,1152,1702,2303
5669834,473.06,317.325,462.58,323.7,405,1067,302,1148,1705,2300
5669836,473.14,317.1,462.9,324.375,406,1065,306,1155,1704,2302
5669838,473.14,316.35,463.14,323.925,405,1057,308,1149,1702,2302
5669840,472.66,317.025,462.74,323.7,401,1065,304,1148,1705,2298
5669842,473.06,316.275,462.5,324.075,404,1057,302,1152,1705,2300
5669844,473.22,316.725,462.58,323.775,407,1061,302,1149,1704,2295
5669846,473.22,316.725,462.34,324.3,407,1062,300,1155,1704,2297
5669848,472.98,316.275,462.74,324.45,404,1057,305,1156,1696,2292
5669850,472.9,317.175,462.74,324.375,405,1067,305,1156,1702,2293
5669852,472.58,318.075,462.5,324.6,402,1077,303,1158,1707,2294
5669854,473.06,316.8,462.42,323.925,407,1062,302,1152,1704,2290
5669856,472.74,317.625,462.26,323.55,404,1073,300,1147,1704,2292
5669858,472.5,317.325,462.42,323.325,401,1069,301,1145,1700,2293
5669860,472.9,316.35,462.1,323.325,404,1059,298,1146,1700,2294
5669862,472.5,316.8,462.58,322.875,401,1064,303,1140,1699,2294
5669864,473.06,317.25,462.1,322.65,407,1068,297,1139,1703,2289
5669866,473.22,316.2,462.26,323.775,408,1057,300,1151,1698,2289
5669868,472.18,316.5,461.94,323.175,397,1062,296,1145,1696,2286
5669870,472.02,317.325,462.1,324.225,396,1071,300,1157,1698,2290
5669872,472.74,316.125,461.78,323.325,403,1057,295,1147,1695,2283
5669874,472.18,316.425,461.86,323.775,397,1061,296,1152,1696,2284
5669876,471.78,316.95,462.1,323.925,393,1069,298,1154,1697,2287
5669878,472.34,316.575,462.18,323.55,399,1063,299,1150,1696,2290
5669880,472.5,317.25,462.1,323.175,400,1071,298,1147,1698,2282
5669882,471.38,316.575,462.02,322.875,388,1065,296,1143,1700,2288
5669884,472.18,316.725,461.3,323.4,396,1066,289,1150,1699,2283
5669886,471.46,316.8,461.86,323.1,389,1068,295,1146,1700,2283
5669888,471.94,316.35,462.34,322.575,393,1063,299,1141,1693,2283
5669890,472.18,316.725,461.46,323.55,397,1067,291,1153,1698,2284
5669892,471.7,316.35,461.54,322.5,391,1063,291,1141,1696,2281
5669894,471.54,316.5,461.46,322.575,389,1065,290,1142,1697,2286
5669896,471.62,316.425,461.54,322.125,390,1065,289,1137,1698,2285
5669898,471.38,316.05,461.46,322.725,387,1061,289,1144,1695,2278
5669900,471.22,316.8,461.86,322.575,385,1070,293,1142,1698,2281
5669902,471.62,316.8,461.06,321.525,389,1069,284,1132,1700,2285
5669904,471.46,315.825,461.54,322.425,387,1059,288,1141,1696,2278
5669906,471.3,315.975,461.78,323.025,385,1061,292,1147,1698,2281
5669908,471.54,316.35,461.46,321.15,387,1065,286,1128,1694,2284
5669910,471.3,316.05,461.46,322.275,385,1062,288,1140,1694,2278
5669912,471.54,316.5,461.3,321.525,387,1067,285,1133,1698,2281
5669914,471.14,315.9,461.46,321.225,382,1061,286,1129,1696,2286
5669916,471.54,316.425,461.3,323.175,386,1066,286,1151,1699,2279
5669918,471.54,315.6,460.98,321,385,1058,281,1127,1694,2281
5669920,471.14,317.4,460.82,321.825,383,1078,279,1137,1697,2281
5669922,471.3,315.825,461.14,321.45,383,1061,282,1133,1696,2283
5669924,471.38,317.175,461.22,322.2,385,1076,283,1141,1696,2276
5669926,470.98,316.875,461.38,321.225,381,1072,284,1130,1703,2280
5669928,471.78,316.275,461.22,321.825,388,1065,283,1137,1694,2278
5669930,471.78,316.725,461.46,321,388,1070,284,1128,1695,2278
5669932,471.3,316.65,460.82,320.55,382,1070,277,1124,1695,2283
5669934,470.9,315.9,460.98,320.775,378,1063,278,1126,1697,2281
5669936,471.7,315.975,460.98,321.3,386,1063,279,1132,1692,2278
5669938,471.38,316.125,461.3,320.25,382,1064,281,1120,1695,2281
5669940,471.14,315.9,460.82,321.3,379,1062,277,1132,1693,2280
5669942,470.9,316.275,461.62,320.7,377,1067,285,1125,1698,2280
5669944,471.62,316.05,461.22,321.3,385,1064,281,1132,1699,2281
5669946,471.22,316.65,461.06,319.8,381,1071,277,1116,1702,2281
5669948,471.22,316.575,461.14,319.875,381,1070,279,1117,1696,2284
5669950,471.14,315.9,461.22,319.275,380,1063,279,1111,1694,2282
5669952,471.94,315.75,461.22,320.475,387,1060,280,1123,1697,2277
5669954,471.62,316.575,460.98,321.075,385,1070,278,1130,1699,2281
5669956,471.7,316.05,460.98,320.85,384,1064,277,1128,1695,2286
5669958,471.7,316.125,460.98,319.8,385,1065,276,1116,1697,2283
5669960,471.78,316.65,461.3,320.025,386,1072,279,1119,1695,2281
5669962,471.94,315.825,461.06,319.35,386,1062,276,1112,1694,2289
5669964,471.7,316.35,461.46,318.975,384,1068,279,1107,1699,2279
5669966,471.3,316.125,461.22,319.875,380,1067,278,1118,1696,2280
5669968,471.94,316.5,460.98,319.275,387,1070,275,1112,1696,2284
5669970,471.54,315.45,461.22,318.525,382,1059,277,1103,1693,2282
5669972,472.18,316.125,461.62,319.8,389,1065,283,1117,1695,2282
5669974,471.78,315.975,461.38,319.425,385,1065,280,1113,1697,2282
5669976,472.1,315.975,461.7,319.275,389,1065,283,1111,1697,2282
5669978,471.94,316.5,461.62,319.425,388,1070,282,1113,1692,2287
5669980,472.02,315.525,461.06,319.275,388,1060,277,1112,1695,2286
5669982,471.86,316.05,461.22,318.675,387,1066,278,1106,1695,2284
5669984,471.86,316.875,461.78,319.275,388,1075,284,1111,1698,2286
5669986,471.7,315.675,461.46,318.675,385,1062,280,1106,1697,2286
5669988,471.62,315.825,461.3,319.125,385,1064,279,1111,1698,2287
5669990,471.7,316.95,462.1,319.35,386,1076,288,1113,1697,2290
5669992,472.02,315.9,461.7,319.275,389,1065,284,1112,1698,2287
5669994,471.94,316.725,461.62,318.75,389,1074,283,1107,1696,2284
5669996,471.94,317.325,461.78,319.5,390,1080,286,1115,1697,2287
5669998,471.86,316.575,461.54,319.05,389,1072,283,1110,1697,2291
5670000,472.02,317.025,461.94,319.125,391,1077,288,1111,1699,2291
5670002,471.62,316.725,461.86,319.8,387,1074,287,1118,1700,2295
5670004,472.1,317.025,461.22,318.9,392,1077,280,1109,1701,2291
5670006,471.3,316.95,461.62,318.075,384,1077,284,1099,1701,2289
5670008,471.22,317.475,461.38,318,385,1083,282,1099,1699,2293
5670010,471.54,316.8,461.3,318.15,388,1075,281,1101,1702,2293
5670012,471.46,316.5,461.62,317.775,386,1072,285,1096,1703,2289
5670014,471.3,316.725,461.7,318.75,385,1075,286,1107,1700,2299
5670016,471.62,316.425,461.86,318.75,388,1071,289,1107,1699,2294
5670018,471.62,317.025,461.3,318.15,389,1078,283,1101,1701,2296
5670020,472.02,316.725,461.3,317.1,394,1074,282,1090,1701,2298
5670022,471.14,316.875,462.1,318.525,385,1077,291,1104,1701,2295
5670024,471.3,316.425,461.54,318.3,387,1072,286,1102,1704,2296
5670026,471.62,316.875,461.54,317.025,391,1076,285,1089,1703,2299
5670028,471.94,316.875,462.1,317.4,394,1076,292,1092,1703,2301
5670030,471.7,315.75,461.7,317.4,391,1064,287,1093,1697,2299
5670032,471.86,316.725,461.78,317.55,394,1074,288,1094,1704,2299
5670034,471.38,317.625,462.42,317.925,389,1084,296,1097,1701,2299
5670036,471.78,318.3,461.86,318.45,395,1091,291,1104,1699,2300
5670038,473.46,319.8,461.7,318.825,414,1106,289,1107,1704,2299
5670040,472.98,321.3,461.62,321,411,1122,292,1131,1700,2299
5670042,473.94,321.525,461.62,321.675,421,1123,292,1139,1707,2300
5670044,472.98,323.325,461.62,321.3,414,1144,292,1135,1705,2300
5670046,472.1,323.625,460.5,321.9,404,1149,281,1142,1706,2303
5670048,470.66,324.825,458.66,322.425,390,1163,262,1150,1709,2306
5670050,469.3,324.675,457.78,323.25,376,1162,254,1160,1707,2303
5670052,468.34,324.525,457.06,323.1,366,1162,246,1159,1706,2305
5670054,467.38,324.75,456.58,322.125,357,1166,240,1149,1707,2308
5670056,468.1,324.45,456.66,322.875,364,1162,242,1157,1706,2307
5670058,468.18,323.625,456.98,321.825,364,1152,245,1145,1712,2309
5670060,468.18,323.175,456.82,321.225,364,1148,242,1139,1711,2311
5670062,468.5,323.625,457.38,321.15,367,1152,248,1137,1711,2309
5670064,468.58,322.575,457.38,320.85,367,1141,248,1134,1714,2310
5670066,468.66,321.825,457.38,320.1,368,1132,247,1126,1709,2317
5670068,468.82,322.35,457.14,320.625,370,1138,245,1132,1710,2311
5670070,468.9,322.2,457.3,320.025,370,1136,246,1125,1710,2315
5670072,469.38,322.2,456.9,320.55,375,1136,242,1131,1711,2315
5670074,469.38,322.2,457.3,320.925,375,1135,247,1134,1710,2316
5670076,468.82,322.2,457.06,320.325,369,1135,244,1128,1717,2314
5670078,468.66,322.65,457.14,319.95,368,1141,244,1124,1715,2319
5670080,468.58,322.575,456.74,320.1,367,1139,240,1126,1715,2318
5670082,468.42,321.975,457.14,319.95,364,1134,244,1124,1711,2318
5670084,468.1,322.65,456.82,319.65,362,1140,240,1121,1719,2320
5670086,467.7,321.9,456.42,319.95,356,1133,237,1125,1710,2320
5670088,468.02,322.275,457.14,320.025,360,1137,244,1124,1718,2318
5670090,468.82,322.275,456.9,319.725,368,1136,241,1122,1718,2319
5670092,468.9,322.275,457.06,320.625,369,1136,243,1131,1711,2321
5670094,468.98,322.2,457.22,320.025,370,1135,244,1124,1716,2323
5670096,467.78,322.8,457.06,319.8,358,1142,242,1122,1718,2325
5670098,468.26,321.075,456.9,319.875,362,1123,241,1123,1716,2326
5670100,468.26,321.675,456.82,319.65,361,1130,239,1120,1717,2323
5670102,468.42,322.2,456.5,319.575,364,1135,236,1120,1717,2326
5670104,468.82,322.2,456.9,319.575,367,1134,240,1119,1717,2328
5670106,468.18,321.75,456.66,318.9,361,1130,236,1112,1718,2327
5670108,468.58,322.2,456.98,318.975,365,1135,240,1113,1719,2329
5670110,468.66,321.6,456.82,319.05,365,1128,238,1114,1719,2329
5670112,467.94,322.05,456.98,319.05,357,1134,239,1113,1720,2329
5670114,468.26,321.6,456.66,318.975,360,1129,236,1113,1722,2332
5670116,468.34,321.525,456.5,319.05,360,1128,233,1114,1722,2328
5670118,468.5,321.75,456.98,318,363,1130,237,1102,1719,2336
5670120,468.58,321.075,456.82,318.6,363,1123,236,1109,1725,2333
5670122,468.1,320.85,456.74,318.375,357,1121,235,1107,1721,2332
5670124,468.42,321.75,456.74,318.825,361,1130,236,1112,1721,2334
5670126,468.82,320.925,456.58,318.6,365,1121,234,1110,1722,2339
5670128,468.42,321.375,456.66,318.225,361,1127,234,1106,1725,2337
5670130,468.74,321.225,456.74,318.6,364,1124,235,1109,1725,2336
5670132,467.94,321.675,456.26,319.05,356,1130,230,1115,1726,2337
5670134,467.78,321.45,456.02,318.6,353,1128,227,1111,1725,2337
5670136,467.78,321.75,456.34,318.6,354,1132,230,1110,1724,2342
5670138,467.94,321.825,456.42,319.8,356,1133,232,1123,1724,2339
5670140,468.02,321.975,456.42,318.9,356,1135,231,1114,1729,2339
5670142,468.26,322.05,456.74,319.65,359,1135,236,1122,1725,2342
5670144,468.02,322.35,456.82,319.35,356,1139,235,1119,1725,2346
5670146,468.26,322.35,456.9,319.125,359,1138,236,1116,1725,2345
5670148,468.1,322.425,457.14,318.9,357,1140,238,1114,1726,2344
5670150,467.78,321.825,456.66,319.2,352,1134,233,1117,1727,2343
5670152,467.86,322.8,457.62,319.575,355,1145,244,1121,1732,2344
5670154,468.42,322.725,457.06,319.2,360,1143,238,1118,1723,2346
5670156,468.42,322.65,457.14,319.35,360,1143,238,1119,1727,2344
5670158,468.34,323.1,457.14,319.05,359,1148,238,1116,1725,2347
5670160,467.78,322.125,457.14,318.9,352,1138,237,1114,1733,2351
5670162,468.74,321.75,457.38,318.525,363,1133,239,1110,1725,2346
5670164,468.26,321.75,457.38,319.2,358,1133,241,1118,1728,2348
5670166,468.18,320.55,457.3,318.225,355,1121,238,1108,1729,2353
5670168,468.02,320.7,457.54,318,353,1123,241,1105,1729,2350
5670170,468.42,320.625,456.98,318.375,357,1122,236,1110,1735,2354
5670172,468.18,320.475,457.14,318.075,354,1120,236,1106,1731,2353
5670174,467.78,319.425,457.14,317.4,350,1110,236,1099,1732,2353
5670176,468.26,320.325,457.06,317.4,355,1119,235,1100,1730,2357
5670178,467.86,319.8,456.9,317.1,351,1114,233,1096,1733,2357
5670180,468.26,319.425,456.98,317.175,355,1109,234,1097,1734,2353
5670182,468.34,319.575,456.34,316.875,356,1111,227,1095,1734,2357
5670184,468.02,319.05,457.14,316.8,351,1106,235,1094,1736,2357
5670186,468.1,319.35,457.38,316.875,353,1109,238,1094,1736,2359
5670188,467.94,319.95,456.98,316.875,352,1116,234,1095,1735,2362
5670190,467.86,318.975,457.14,317.325,350,1105,236,1099,1735,2359
5670192,467.62,319.425,457.3,316.875,348,1111,237,1094,1736,2360
5670194,467.7,320.475,457.06,317.325,350,1122,235,1100,1740,2363
5670196,467.06,319.425,456.66,317.325,343,1111,231,1100,1739,2360
5670198,467.22,319.725,457.3,317.175,345,1115,238,1098,1740,2362
5670200,467.86,321,457.54,317.775,353,1128,241,1105,1736,2362
5670202,467.14,320.325,457.38,317.925,345,1121,239,1106,1742,2362
5670204,467.54,321.15,457.62,317.775,349,1130,242,1105,1739,2366
5670206,466.82,322.2,457.7,318.3,343,1143,244,1110,1747,2365
5670208,467.06,322.125,457.38,318.75,346,1141,241,1115,1743,2364
5670210,467.3,322.5,457.54,318.375,348,1145,242,1112,1750,2366
5670212,467.38,322.95,457.86,318.525,350,1150,246,1113,1743,2368
5670214,467.38,322.275,457.62,318.45,349,1143,243,1112,1741,2371
5670216,467.22,323.325,457.86,318.675,349,1155,245,1115,1742,2365
5670218,468.02,323.175,457.86,318.15,357,1152,246,1109,1742,2372
5670220,467.86,323.025,458.1,318.825,356,1151,248,1116,1740,2373
5670222,468.1,322.875,457.86,318.9,358,1150,246,1117,1739,2371
5670224,467.94,323.175,458.5,318.3,357,1153,252,1110,1745,2374
5670226,467.86,323.325,457.94,318,355,1155,246,1108,1744,2375
5670228,467.78,322.875,457.94,318.525,354,1150,247,1113,1740,2371
5670230,467.86,321.9,458.18,317.775,354,1140,248,1105,1745,2372
5670232,467.86,322.875,458.26,317.7,355,1150,249,1104,1745,2374
5670234,468.1,322.275,458.5,317.475,357,1143,251,1102,1741,2376
5670236,468.26,322.2,458.58,316.725,359,1142,252,1093,1747,2377
5670238,467.54,321.45,458.5,317.1,351,1135,251,1097,1747,2376
5670240,467.38,320.925,458.42,317.475,348,1129,250,1102,1742,2373
5670242,466.82,321.375,458.26,317.175,343,1134,249,1099,1751,2381
5670244,467.14,321.45,458.42,317.1,346,1135,250,1097,1746,2381
5670246,466.5,321.075,457.86,315.975,339,1131,243,1085,1750,2381
5670248,466.58,321.3,457.62,315.825,340,1133,240,1084,1747,2381
5670250,467.14,320.55,457.46,316.65,345,1124,239,1093,1745,2379
5670252,467.38,320.7,457.7,316.275,347,1125,241,1088,1749,2385
5670254,466.58,320.55,457.38,316.2,339,1124,238,1087,1748,2388
5670256,466.98,319.8,457.94,316.65,342,1115,243,1091,1749,2379
5670258,466.58,320.025,457.62,315.9,338,1118,239,1083,1747,2388
5670260,466.98,319.05,457.3,315.825,341,1105,236,1081,1745,2386
5670262,466.98,319.125,457.14,315.375,341,1106,234,1077,1741,2388
5670264,466.58,319.65,457.14,315.675,337,1111,233,1078,1747,2387
5670266,466.26,319.8,457.14,315.225,333,1113,233,1074,1751,2388
5670268,466.58,319.125,456.98,315,336,1104,231,1070,1749,2387
5670270,466.66,318.975,456.82,314.925,336,1103,229,1069,1749,2393
5670272,465.86,319.35,456.74,315.825,329,1105,229,1077,1748,2391
5670274,466.02,319.35,456.9,314.775,330,1105,230,1066,1747,2392
5670276,465.54,319.8,456.58,315.75,325,1109,227,1075,1751,2393
5670278,466.18,318.6,456.9,315.675,331,1096,230,1074,1751,2392
5670280,466.26,319.35,456.74,315.975,332,1102,228,1076,1748,2390
5670282,466.58,318.45,456.58,315.225,335,1092,226,1068,1747,2395
5670284,466.26,319.95,456.66,316.275,332,1107,228,1078,1752,2393
5670286,466.02,318.9,456.58,315.3,329,1096,226,1068,1747,2392
5670288,466.1,319.2,456.58,315.825,329,1098,226,1072,1748,2398
5670290,466.42,319.125,456.74,316.125,333,1097,228,1075,1749,2397
5670292,466.1,319.575,456.42,315.75,330,1100,223,1070,1751,2397
5670294,466.5,318.675,456.82,315.9,333,1091,228,1071,1750,2400
5670296,466.42,319.725,456.66,316.2,332,1100,226,1073,1755,2397
5670298,466.1,320.025,456.26,316.35,329,1104,223,1075,1753,2401
5670300,466.58,319.8,456.58,316.5,334,1100,225,1075,1751,2399
5670302,466.26,319.95,456.58,316.2,331,1102,226,1072,1754,2404
5670304,466.58,319.425,456.66,316.35,333,1095,226,1073,1750,2403
5670306,466.58,320.4,456.98,316.5,334,1106,230,1074,1749,2401
5670308,466.42,319.8,456.82,316.725,332,1099,229,1076,1752,2402
5670310,466.02,320.025,456.74,316.5,328,1101,227,1073,1752,2405
5670312,466.42,320.625,456.82,316.95,333,1107,228,1078,1751,2404
5670314,466.42,320.475,457.22,317.475,333,1106,233,1083,1754,2406
5670316,466.58,319.425,456.58,317.1,333,1094,226,1079,1752,2407
5670318,466.9,319.275,456.74,316.875,336,1092,227,1077,1757,2408
5670320,466.18,321,456.66,317.1,331,1111,227,1079,1752,2406
5670322,466.66,320.625,457.14,317.025,336,1106,232,1078,1752,2406
5670324,466.26,319.725,457.06,317.025,331,1097,231,1078,1755,2407
5670326,466.1,320.85,456.82,316.875,330,1110,229,1077,1755,2406
5670328,466.34,319.95,457.38,317.4,331,1100,235,1082,1754,2409
5670330,466.98,320.325,457.3,317.4,339,1103,234,1082,1756,2409
5670332,467.3,320.475,457.3,317.175,343,1104,234,1080,1756,2409
5670334,467.22,320.55,457.3,317.625,342,1105,235,1084,1758,2414
5670336,466.9,321,457.62,317.175,340,1111,238,1079,1760,2415
5670338,467.3,320.475,457.62,317.25,344,1104,238,1080,1760,2414
5670340,467.14,321.3,457.62,317.25,343,1115,239,1080,1752,2414
5670342,467.3,321,457.94,317.175,344,1111,242,1080,1759,2412
5670344,468.02,320.325,458.02,317.4,352,1103,244,1083,1751,2416
5670346,467.54,322.2,457.7,317.4,349,1124,241,1083,1757,2413
5670348,467.3,322.2,458.18,316.95,347,1125,246,1078,1760,2418
5670350,467.86,321.825,458.18,317.25,352,1121,246,1081,1758,2421
5670352,467.22,321.75,458.26,317.325,347,1121,248,1083,1758,2415
5670354,467.7,322.125,458.18,316.95,352,1125,247,1079,1758,2420
5670356,467.38,321.45,458.42,317.175,349,1119,251,1082,1759,2425
5670358,466.98,322.125,458.26,317.4,345,1126,249,1084,1760,2425
5670360,468.1,322.575,458.9,317.325,358,1130,256,1084,1759,2424
5670362,467.54,322.5,459.22,317.7,353,1130,260,1087,1759,2428
5670364,467.54,322.35,459.3,317.1,353,1129,262,1081,1759,2430
5670366,466.98,322.275,458.66,316.875,347,1129,255,1080,1759,2430
5670368,466.66,321.825,458.58,318,345,1126,256,1093,1757,2432
5670370,466.58,321.675,458.02,318.15,343,1124,250,1095,1759,2432
5670372,466.82,322.125,458.18,317.175,347,1129,252,1086,1757,2431
5670374,467.38,321.975,458.42,317.475,353,1127,254,1088,1758,2432
5670376,466.34,322.575,458.34,317.4,344,1135,254,1088,1755,2437
5670378,466.82,322.125,458.42,317.925,348,1130,256,1094,1755,2439
5670380,466.42,322.875,458.26,317.85,346,1139,255,1094,1758,2441
5670382,466.1,322.65,458.26,316.575,342,1138,254,1080,1753,2439
5670384,465.94,322.35,458.26,317.325,340,1135,255,1089,1762,2445
5670386,466.58,322.125,458.02,317.175,348,1132,252,1088,1760,2439
5670388,466.26,322.5,457.38,317.775,345,1137,247,1096,1759,2438
5670390,466.5,321.525,457.62,317.775,346,1127,249,1095,1757,2447
5670392,466.34,322.65,457.46,317.325,346,1140,248,1091,1759,2444
5670394,465.7,321.75,457.3,315.75,339,1131,244,1075,1758,2437
5670396,466.02,322.125,458.02,317.4,343,1135,254,1092,1757,2447
5670398,465.62,322.275,457.7,316.275,339,1137,250,1081,1754,2449
5670400,465.7,321.675,457.06,315.75,340,1131,243,1076,1759,2441
5670402,466.1,321,458.26,315.675,343,1123,255,1074,1760,2439
5670404,465.62,321.15,457.06,315.3,338,1126,243,1072,1762,2442
5670406,465.46,320.625,457.86,314.85,337,1121,251,1067,1765,2440
5670408,465.46,321.075,457.38,315.15,337,1125,246,1070,1763,2447
5670410,465.14,319.95,457.3,314.7,333,1114,245,1066,1758,2444
5670412,465.86,319.8,457.7,314.325,340,1111,249,1061,1759,2445
5670414,465.14,319.875,457.86,314.175,333,1113,250,1060,1755,2443
5670416,465.7,320.85,457.94,314.7,339,1123,252,1066,1755,2447
5670418,466.02,320.25,457.22,314.55,342,1116,244,1064,1756,2445
5670420,465.38,320.025,456.98,314.775,335,1114,242,1067,1754,2443
5670422,465.14,320.025,457.78,314.025,333,1115,249,1058,1757,2445
5670424,464.82,319.725,457.06,315,329,1112,243,1069,1754,2445
5670426,464.82,319.65,457.22,314.55,329,1111,244,1065,1754,2443
5670428,464.82,320.775,457.06,314.85,330,1123,243,1068,1751,2447
5670430,464.34,320.4,457.06,314.625,325,1120,242,1066,1755,2443
5670432,464.5,320.4,456.98,314.325,327,1120,241,1062,1755,2445
5670434,464.26,319.95,456.98,315.3,323,1115,242,1072,1750,2443
5670436,464.82,320.175,456.82,316.425,329,1117,241,1085,1750,2445
5670438,464.82,320.175,456.82,315.225,330,1117,241,1072,1749,2443
5670440,464.34,320.025,456.9,315.3,323,1116,241,1073,1748,2438
5670442,463.7,321.525,456.66,315.45,319,1132,238,1074,1755,2440
5670444,463.7,320.85,456.58,315,318,1125,237,1069,1751,2440
5670446,464.1,320.775,456.26,315,322,1124,234,1069,1751,2441
5670448,464.1,320.925,455.94,315.45,322,1125,230,1075,1753,2435
5670450,464.02,320.325,455.86,315.075,320,1119,229,1071,1745,2433
5670452,463.62,321.15,456.66,314.55,317,1128,236,1064,1748,2439
5670454,464.34,319.95,456.18,316.275,323,1114,233,1084,1747,2433
5670456,463.94,320.55,455.86,315.9,319,1122,229,1080,1744,2436
5670458,463.78,320.775,455.94,315.6,317,1124,230,1077,1743,2432
5670460,463.94,321.6,455.86,316.275,320,1133,229,1084,1747,2431
5670462,464.34,321,456.58,315.225,323,1126,236,1072,1738,2429
5670464,464.02,321.45,456.34,315.975,320,1131,234,1081,1744,2428
5670466,464.26,321.525,456.02,316.05,322,1132,231,1082,1744,2428
5670468,464.34,320.85,456.58,316.2,322,1125,236,1083,1736,2421
5670470,463.86,321.675,456.1,316.425,318,1134,231,1086,1736,2426
5670472,464.5,321,456.1,316.425,324,1126,231,1086,1739,2426
5670474,464.42,321.45,456.74,316.05,324,1131,237,1082,1738,2423
5670476,464.18,322.125,457.06,316.2,321,1139,240,1083,1739,2419
5670478,463.86,321.75,456.5,316.35,317,1136,234,1086,1738,2422
5670480,464.02,321.975,456.66,316.425,319,1139,236,1087,1735,2412
5670482,464.66,322.425,456.74,316.425,326,1143,237,1086,1738,2411
5670484,464.1,322.125,456.26,316.65,320,1141,232,1089,1733,2416
5670486,464.26,321.6,456.9,316.65,320,1135,238,1089,1730,2412
5670488,464.74,323.25,456.82,316.725,327,1152,238,1091,1733,2414
5670490,464.66,322.275,456.9,316.35,326,1142,238,1086,1729,2413
5670492,464.5,322.65,456.82,316.35,324,1147,237,1087,1730,2411
5670494,464.42,323.475,456.82,316.875,324,1156,237,1092,1732,2409
5670496,464.9,322.35,456.98,316.65,328,1143,239,1090,1724,2406
5670498,464.02,323.025,456.82,316.875,319,1151,238,1093,1728,2404
5670500,464.5,323.625,456.58,317.025,325,1158,235,1096,1725,2406
5670502,463.78,323.25,456.66,316.95,317,1155,235,1094,1727,2402
5670504,464.9,322.35,456.66,316.725,328,1144,235,1093,1723,2399
5670506,464.1,324.45,456.74,316.8,321,1168,236,1094,1727,2402
5670508,464.5,323.925,456.74,317.025,324,1162,237,1096,1725,2396
5670510,464.9,322.95,456.82,317.475,328,1152,237,1101,1721,2400
5670512,465.06,323.775,456.82,317.475,330,1161,237,1102,1720,2397
5670514,464.58,322.875,456.74,317.475,324,1152,236,1101,1721,2390
5670516,464.98,323.325,456.82,318.225,329,1156,238,1110,1719,2392
5670518,464.9,323.025,456.74,317.7,327,1153,236,1105,1719,2391
5670520,465.22,323.1,457.14,318.15,331,1154,241,1109,1718,2391
5670522,464.98,323.25,456.74,318.375,328,1156,237,1112,1722,2381
5670524,464.82,322.875,456.26,318.075,326,1152,231,1110,1717,2385
5670526,464.5,324,457.22,318.6,324,1165,242,1114,1717,2376
5670528,465.54,322.425,457.14,318.375,333,1147,240,1112,1711,2379
5670530,465.22,322.275,456.82,319.05,330,1146,237,1120,1708,2377
5670532,465.62,322.95,457.38,318.6,334,1152,243,1115,1707,2374
5670534,465.78,322.575,456.66,318.75,335,1148,235,1117,1707,2371
5670536,465.06,323.175,457.14,318.975,328,1156,241,1119,1704,2370
5670538,465.3,322.425,456.5,319.125,330,1147,234,1122,1702,2364
5670540,464.98,322.725,457.06,319.275,326,1151,240,1123,1702,2362
5670542,464.74,322.5,456.66,318.525,323,1149,234,1115,1702,2365
5670544,465.22,323.25,456.58,318.9,329,1157,233,1119,1702,2359
5670546,465.22,322.275,456.5,318.675,328,1146,233,1116,1699,2357
5670548,464.74,323.85,456.66,319.275,324,1163,234,1123,1700,2357
5670550,465.54,322.575,456.66,318.9,332,1149,234,1119,1694,2354
5670552,465.38,322.95,456.58,318.9,330,1153,233,1119,1697,2351
5670554,465.38,322.875,456.5,318.9,330,1153,232,1119,1696,2354
5670556,464.98,322.875,456.58,319.05,325,1153,233,1121,1695,2346
5670558,465.62,322.125,456.18,318.825,331,1144,228,1119,1695,2347
5670560,465.06,321.975,456.34,319.65,324,1142,230,1127,1692,2345
5670562,465.38,321.375,455.94,319.2,327,1135,226,1123,1691,2340
5670564,464.9,322.35,455.86,319.35,322,1146,225,1124,1695,2339
5670566,464.98,322.05,456.58,319.2,323,1143,232,1122,1690,2342
5670568,465.14,322.275,456.34,319.5,325,1145,230,1125,1690,2337
5670570,465.54,322.05,455.7,318.975,329,1142,222,1120,1685,2334
5670572,465.3,322.35,456.5,321.375,326,1146,233,1144,1690,2330
5670574,465.06,322.425,456.66,319.8,324,1146,233,1128,1684,2332
5670576,465.06,321.75,456.74,319.725,323,1139,234,1126,1683,2320
5670578,464.82,322.05,456.5,320.475,321,1142,232,1135,1685,2319
5670580,465.78,322.2,457.14,320.025,331,1143,238,1129,1684,2323
5670582,465.46,322.8,456.9,320.925,328,1150,236,1139,1681,2319
5670584,465.94,322.875,456.9,321.3,334,1150,237,1142,1680,2312
5670586,465.14,322.425,457.38,320.625,324,1146,241,1135,1679,2311
5670588,465.7,322.575,457.14,321.3,330,1147,240,1142,1678,2310
5670590,465.62,322.5,457.22,322.425,330,1146,241,1155,1679,2313
5670592,465.94,321.9,457.14,321.525,332,1139,240,1145,1679,2312
5670594,466.26,322.8,457.22,321.075,337,1148,239,1140,1674,2307
5670596,466.18,322.875,457.06,322.275,335,1149,240,1153,1676,2303
5670598,465.7,322.275,457.3,321.75,330,1143,242,1146,1680,2305
5670600,466.58,322.875,457.54,322.425,340,1149,245,1154,1675,2299
5670602,466.66,323.325,457.7,322.275,341,1153,246,1152,1671,2302
5670604,466.18,323.1,458.02,322.35,336,1152,250,1152,1673,2301
5670606,466.98,323.4,457.78,323.325,345,1154,248,1163,1670,2293
5670608,467.3,322.95,457.54,324.15,348,1149,247,1173,1668,2291
5670610,466.9,323.25,457.54,323.775,344,1153,246,1169,1671,2293
5670612,466.98,323.25,458.26,324.525,345,1153,255,1176,1667,2289
5670614,467.06,323.25,457.78,324.375,346,1152,250,1175,1664,2286
5670616,467.22,322.875,457.86,324.525,348,1149,251,1177,1666,2284
5670618,467.46,323.1,457.78,324.075,350,1151,250,1172,1666,2285
5670620,467.78,323.625,458.5,324.375,355,1156,258,1174,1665,2281
5670622,467.46,323.7,458.34,323.925,351,1157,256,1170,1663,2287
5670624,467.7,322.95,458.18,324.825,354,1149,256,1180,1661,2278
5670626,467.7,322.95,458.58,324.225,353,1149,259,1173,1661,2279
5670628,467.54,323.85,458.58,324.825,353,1159,260,1180,1663,2274
5670630,467.86,322.35,457.86,324.9,355,1143,253,1181,1656,2278
5670632,467.54,322.875,458.42,325.2,352,1150,259,1184,1659,2269
5670634,467.38,323.25,458.1,324.9,351,1153,255,1181,1662,2273
5670636,467.86,322.8,458.1,325.2,356,1148,256,1184,1656,2274
5670638,467.22,323.025,458.42,324.3,350,1152,258,1175,1659,2268
5670640,467.14,323.925,458.02,324.75,350,1162,255,1180,1654,2266
5670642,467.14,322.95,457.78,325.5,349,1151,253,1188,1647,2266
5670644,467.7,322.875,458.5,324.75,355,1150,260,1180,1653,2263
5670646,466.58,323.1,457.86,324.975,343,1153,254,1183,1654,2263
5670648,466.74,323.025,458.02,325.125,345,1153,255,1185,1651,2259
5670650,466.5,323.775,457.7,325.275,344,1161,253,1187,1652,2261
5670652,467.14,323.175,457.78,325.575,350,1154,254,1190,1653,2257
5670654,466.82,322.875,457.3,325.875,346,1151,249,1194,1658,2256
5670656,466.82,322.875,457.94,325.8,346,1152,256,1193,1651,2255
5670658,466.82,323.55,457.7,325.425,347,1159,253,1189,1648,2254
5670660,466.58,323.85,457.06,325.8,345,1163,247,1194,1648,2252
5670662,466.1,323.025,457.46,325.875,339,1155,251,1195,1649,2256
5670664,465.46,323.7,457.62,325.725,333,1163,252,1193,1647,2257
5670666,465.86,323.7,457.14,325.425,336,1162,247,1191,1648,2251
5670668,465.46,323.025,457.3,325.65,331,1156,248,1193,1644,2250
5670670,465.54,323.025,456.9,325.05,332,1155,244,1187,1643,2247
5670672,465.46,323.325,457.14,325.575,331,1159,246,1193,1644,2246
5670674,465.94,323.1,457.14,325.65,336,1156,246,1194,1643,2248
5670676,465.86,322.125,456.58,325.2,334,1146,240,1190,1644,2245
5670678,465.06,322.5,456.26,325.575,326,1151,236,1194,1640,2243
5670680,464.58,323.175,457.06,325.275,320,1159,244,1190,1638,2240
5670682,464.82,322.5,456.26,325.05,322,1151,236,1188,1642,2241
5670684,464.98,323.625,456.34,324.9,325,1163,236,1186,1640,2236
5670686,464.82,322.575,456.26,324.75,322,1153,234,1185,1637,2240
5670688,464.82,321.6,456.26,325.275,320,1142,234,1191,1636,2238
5670690,464.58,321.825,455.7,324.75,318,1144,227,1186,1637,2238
5670692,464.82,322.2,456.26,324.6,320,1149,232,1184,1636,2235
5670694,464.9,322.425,455.94,324.45,321,1151,229,1183,1636,2235
5670696,464.58,321.825,456.1,324.45,317,1145,230,1182,1639,2232
5670698,464.74,322.05,455.86,324.3,318,1147,228,1181,1634,2234
5670700,464.9,320.925,455.62,324.75,318,1135,225,1186,1634,2234
5670702,464.58,321.6,456.02,324.525,316,1143,228,1184,1636,2228
5670704,465.3,321.075,456.26,324.825,321,1136,231,1187,1630,2234
5670706,464.98,321.6,455.78,324.3,319,1142,224,1181,1636,2230
5670708,464.82,321,455.94,324.375,315,1136,226,1182,1630,2229
5670710,464.42,321.6,456.26,324.15,312,1143,229,1179,1627,2228
5670712,464.26,320.1,455.62,324.75,308,1127,222,1187,1633,2230
5670714,464.26,320.625,456.02,324.75,308,1133,226,1187,1633,2230
5670716,464.26,321.225,455.54,324.825,309,1139,220,1188,1628,2230
5670718,464.42,321.675,455.86,325.2,310,1144,224,1192,1624,2230
5670720,464.5,321.9,455.46,325.275,312,1146,220,1192,1628,2232
5670722,465.06,319.425,455.62,324.675,314,1119,221,1186,1629,2228
5670724,464.5,321.975,455.86,324.375,311,1147,223,1182,1631,2222
5670726,464.82,320.4,455.54,324.825,312,1130,219,1188,1631,2226
5670728,464.9,321.3,455.78,324.825,313,1139,222,1188,1631,2222
5670730,464.18,321.675,456.42,324.6,307,1144,228,1184,1630,2229
5670732,464.26,321.525,455.86,324.375,307,1143,221,1183,1626,2222
5670734,464.58,321.375,455.86,324.6,310,1140,221,1185,1629,2224
5670736,464.9,321.3,456.1,325.275,312,1139,224,1193,1626,2224
5670738,464.34,321.15,455.86,325.275,306,1138,222,1192,1629,2221
5670740,464.26,320.85,455.78,324.675,305,1136,220,1186,1631,2221
5670742,464.26,321.15,456.02,325.5,305,1139,223,1195,1627,2224
5670744,464.5,321.075,455.86,325.35,307,1138,221,1194,1628,2226
5670746,464.42,321.375,456.5,324.375,306,1141,227,1182,1627,2223
5670748,464.5,320.925,456.42,324.75,307,1137,226,1187,1629,2224
5670750,464.5,319.725,456.1,324.975,306,1124,223,1190,1632,2224
5670752,465.06,321.825,456.66,324.375,314,1146,228,1183,1629,2221
5670754,464.9,320.4,455.94,325.125,311,1131,221,1192,1624,2220
5670756,464.66,320.775,456.42,324.825,308,1135,225,1189,1625,2224
5670758,464.5,322.275,456.5,324.375,308,1152,226,1184,1627,2223
5670760,464.9,320.85,456.34,324.975,311,1136,224,1190,1629,2222
5670762,465.46,320.625,456.34,325.05,316,1133,225,1191,1628,2224
5670764,465.54,320.625,456.34,325.35,317,1133,225,1195,1626,2222
5670766,465.54,320.325,456.42,324.375,316,1131,224,1184,1628,2223
5670768,465.62,319.8,457.22,324.525,316,1125,234,1185,1625,2222
5670770,465.06,321.525,457.14,324.675,313,1144,233,1187,1625,2222
5670772,465.54,320.1,457.46,324.6,317,1129,236,1186,1630,2222
5670774,465.38,320.325,456.66,324.525,315,1131,228,1187,1622,2222
5670776,465.3,320.025,456.82,324.975,314,1128,230,1191,1628,2220
5670778,465.3,320.475,456.58,324.825,314,1134,227,1190,1629,2224
5670780,466.18,318.975,456.9,325.05,322,1117,231,1193,1625,2224
5670782,465.54,319.8,456.82,324.75,317,1127,230,1189,1629,2224
5670784,465.46,319.65,457.62,324.525,316,1125,239,1187,1626,2226
5670786,465.7,319.725,457.54,324.975,319,1126,239,1192,1625,2223
5670788,465.7,319.95,457.3,324.15,319,1129,235,1183,1626,2221
5670790,465.78,319.8,457.54,323.85,320,1128,237,1180,1628,2225
5670792,465.46,319.8,457.3,324.375,317,1128,236,1187,1625,2223
5670794,465.3,320.25,457.3,324,315,1133,235,1183,1638,2228
5670796,465.7,319.5,457.62,323.775,319,1125,239,1180,1633,2227
5670798,465.38,319.875,457.3,324.525,316,1129,236,1189,1632,2228
5670800,465.78,319.275,457.62,324.6,320,1123,240,1190,1631,2224
5670802,465.54,318.9,457.46,324.375,317,1119,238,1187,1628,2226
5670804,465.78,319.2,457.38,324.45,321,1123,238,1189,1628,2224
5670806,465.46,319.425,457.3,324.6,318,1126,238,1190,1630,2233
5670808,465.86,318.975,457.86,324.3,322,1121,244,1187,1627,2227
5670810,465.7,318,457.46,324.225,320,1111,239,1187,1625,2226
5670812,465.46,318.825,457.38,324,318,1120,239,1184,1627,2225
5670814,465.3,319.275,457.94,323.775,317,1125,245,1182,1628,2229
5670816,465.7,319.65,457.06,324.3,322,1129,236,1188,1628,2232
5670818,465.46,319.35,457.62,323.7,319,1126,241,1181,1625,2228
5670820,465.46,319.725,457.46,323.85,320,1131,240,1183,1629,2231
5670822,465.94,318.9,457.62,323.925,324,1121,242,1184,1626,2229
5670824,465.38,318.6,457.46,324.45,318,1119,241,1190,1629,2228
5670826,465.46,319.65,457.78,323.7,320,1130,243,1182,1626,2230
5670828,465.7,319.05,457.86,323.775,322,1123,245,1183,1630,2231
5670830,465.54,319.5,458.1,323.4,321,1128,247,1179,1627,2227
5670832,465.86,319.2,457.54,323.925,325,1125,242,1185,1625,2228
5670834,465.38,319.425,457.7,323.625,320,1128,243,1182,1630,2234
5670836,465.62,318.9,457.38,323.85,322,1122,241,1185,1622,2229
5670838,465.54,319.5,457.38,323.85,322,1129,240,1185,1628,2232
5670840,465.22,318.975,457.54,323.925,319,1123,243,1186,1631,2233
5670842,465.46,318.3,457.54,323.85,321,1116,243,1185,1625,2230
5670844,465.46,318.975,457.62,323.775,322,1123,244,1184,1627,2232
5670846,464.5,319.05,457.14,324,312,1125,240,1187,1628,2233
5670848,465.22,318.825,456.98,324.375,320,1122,239,1191,1623,2235
5670850,465.06,318.75,457.38,323.85,318,1122,243,1185,1628,2233
5670852,464.5,318.825,457.06,323.475,312,1123,239,1182,1626,2229
5670854,465.22,318.9,456.98,323.925,320,1123,239,1187,1626,2233
5670856,464.58,318.975,456.98,323.925,314,1125,238,1186,1628,2235
5670858,465.06,317.85,457.22,323.775,317,1112,241,1185,1621,2232
5670860,464.58,318.45,457.62,324.15,313,1119,246,1188,1629,2238
5670862,464.58,318.825,457.7,323.625,313,1123,246,1182,1624,2236
5670864,464.5,318.375,456.66,324.225,312,1118,235,1190,1626,2237
5670866,464.1,318.6,457.06,323.625,308,1121,239,1183,1624,2235
5670868,464.5,318,456.98,324.075,311,1114,238,1188,1624,2236
5670870,464.34,318.225,457.14,324.075,310,1117,241,1188,1623,2236
5670872,464.66,319.125,456.9,324.525,315,1127,239,1193,1626,2238
5670874,464.74,318.3,457.54,323.925,315,1117,245,1186,1625,2234
5670876,464.58,318.825,456.9,324.225,313,1123,239,1190,1625,2237
5670878,465.22,318.9,457.38,323.925,320,1123,243,1186,1624,2239
5670880,465.94,318.6,457.7,323.325,327,1119,246,1179,1626,2241
5670882,465.38,319.5,457.54,323.625,322,1130,244,1183,1627,2237
5670884,466.1,318.75,457.78,323.475,329,1120,247,1181,1628,2244
5670886,466.18,318.3,458.18,322.575,329,1116,250,1170,1624,2242
5670888,466.1,318.375,457.78,322.65,329,1116,245,1172,1624,2235
5670890,466.18,318.075,457.54,323.025,329,1114,243,1176,1625,2242
5670892,465.54,318.975,456.98,322.425,323,1123,236,1170,1625,2239
5670894,465.22,318.225,456.1,322.95,318,1115,228,1177,1625,2243
5670896,464.34,317.7,455.86,322.725,309,1111,225,1174,1627,2244
5670898,463.46,317.175,455.78,322.425,299,1106,223,1171,1621,2243
5670900,463.3,317.7,455.06,322.2,298,1112,216,1170,1621,2247
5670902,464.42,317.775,455.94,322.05,309,1111,225,1167,1621,2245
5670904,464.5,317.325,456.18,321.825,310,1107,227,1164,1622,2244
5670906,464.42,317.475,456.02,321.3,309,1108,225,1159,1621,2245
5670908,465.06,317.175,456.18,322.125,315,1104,227,1168,1620,2248
5670910,464.9,317.55,456.74,321.9,314,1109,233,1164,1623,2250
5670912,464.58,318.15,455.62,322.725,311,1115,221,1175,1621,2251
5670914,464.02,317.85,456.1,323.175,305,1113,227,1179,1623,2255
5670916,465.62,317.25,456.1,322.575,320,1105,226,1173,1616,2252
5670918,464.82,318.375,456.42,323.4,313,1117,230,1181,1625,2259
5670920,464.58,317.625,455.94,323.4,310,1110,224,1182,1624,2252
5670922,465.22,318.375,455.94,323.625,317,1117,225,1184,1622,2263
5670924,465.06,318.75,456.1,324.45,316,1122,227,1193,1616,2258
5670926,464.26,319.125,456.34,323.25,307,1127,228,1180,1627,2260
5670928,464.34,319.05,455.86,324.225,308,1126,224,1191,1624,2261
5670930,464.1,320.775,456.1,324.45,306,1145,226,1193,1618,2262
5670932,464.34,319.05,456.34,324.6,307,1127,229,1195,1618,2258
5670934,463.62,320.025,456.1,324.375,300,1138,226,1193,1621,2261
5670936,463.38,320.25,456.18,324.3,298,1141,226,1192,1622,2267
5670938,464.18,319.2,455.94,323.925,305,1129,223,1189,1618,2263
5670940,463.94,320.175,455.54,324.3,303,1140,219,1193,1625,2268
5670942,463.7,319.8,456.26,323.925,300,1135,226,1188,1624,2265
5670944,464.02,319.575,455.86,324.225,303,1133,222,1192,1619,2266
5670946,463.38,319.125,456.42,324.375,296,1129,227,1193,1620,2269
5670948,463.94,319.05,455.62,323.625,301,1128,218,1187,1622,2267
5670950,464.02,318.6,455.7,323.625,301,1123,219,1187,1619,2270
5670952,463.78,318.6,456.42,322.575,298,1123,225,1175,1619,2272
5670954,463.62,318.6,455.86,322.8,297,1123,219,1177,1618,2264
5670956,463.62,318.375,455.62,323.325,296,1121,218,1183,1621,2271
5670958,463.62,318.15,456.9,322.725,296,1119,230,1175,1621,2274
5670960,464.18,317.625,456.58,322.65,301,1112,226,1175,1619,2275
5670962,463.7,318,456.42,323.1,296,1116,225,1180,1623,2276
5670964,463.54,317.4,456.66,322.425,294,1110,227,1172,1623,2278
5670966,464.02,317.85,456.58,322.725,299,1115,226,1176,1625,2276
5670968,464.34,317.7,456.74,323.1,302,1112,228,1179,1621,2284
5670970,463.78,317.4,457.14,322.425,296,1110,231,1171,1622,2279
5670972,464.66,317.25,457.38,321.975,305,1106,233,1165,1620,2279
5670974,464.5,317.475,457.06,322.35,303,1109,230,1170,1621,2277
5670976,464.66,317.625,457.06,322.2,305,1110,230,1168,1623,2281
5670978,464.42,317.025,457.22,322.575,302,1103,232,1171,1621,2279
5670980,463.94,318.075,457.3,322.2,298,1115,232,1166,1625,2281
5670982,464.5,317.025,457.46,322.425,303,1103,234,1168,1623,2282
5670984,464.82,318,457.46,322.425,307,1111,234,1168,1626,2284
5670986,464.74,317.325,457.62,322.8,306,1105,236,1172,1622,2284
5670988,464.58,317.55,457.94,322.65,304,1106,240,1168,1624,2285
5670990,464.82,318,457.78,321.975,307,1111,237,1161,1627,2287
5670992,464.5,319.05,457.7,322.575,305,1121,238,1167,1633,2288
5670994,465.3,317.4,457.7,321.75,312,1102,237,1158,1631,2285
5670996,465.14,318.375,458.74,321.825,312,1112,248,1156,1632,2286
5670998,465.78,317.925,458.42,322.125,317,1106,245,1160,1627,2293
5671000,465.7,318.075,458.42,322.425,318,1106,245,1161,1627,2295
5671002,465.3,318.675,458.42,321.825,314,1113,245,1155,1626,2290
5671004,465.62,318.075,458.74,322.875,317,1105,250,1165,1633,2294
5671006,466.02,318.3,458.5,322.125,321,1107,246,1156,1630,2294
5671008,465.78,318.3,458.82,322.275,319,1106,250,1157,1632,2290
5671010,466.66,318.3,458.42,322.8,328,1105,246,1163,1629,2299
5671012,465.78,319.05,458.9,322.65,320,1113,251,1159,1640,2296
5671014,466.58,317.775,458.5,322.725,327,1098,247,1160,1633,2297
5671016,465.62,318.45,458.18,323.025,318,1105,245,1162,1631,2294
5671018,465.78,319.275,458.58,322.8,321,1113,249,1160,1632,2296
5671020,465.94,318,458.1,323.025,321,1098,245,1161,1634,2300
5671022,465.7,318.9,458.5,322.875,320,1108,248,1159,1635,2296
5671024,465.78,318.525,458.74,323.325,321,1102,252,1162,1634,2298
5671026,465.22,318.3,458.34,323.1,315,1101,247,1160,1636,2296
5671028,464.98,318.45,458.02,323.1,313,1101,245,1159,1637,2294
5671030,464.82,318.6,458.42,322.275,311,1102,248,1149,1636,2299
5671032,464.18,318.525,457.78,322.575,305,1102,242,1152,1641,2298
5671034,464.02,317.85,458.02,322.875,302,1094,245,1155,1639,2296
5671036,463.94,317.7,457.78,323.025,301,1091,242,1155,1635,2297
5671038,464.02,317.925,457.7,323.175,302,1093,241,1157,1636,2298
5671040,464.26,317.325,457.78,322.125,304,1086,241,1145,1636,2298
5671042,463.78,317.55,457.94,322.425,299,1088,243,1147,1639,2302
5671044,464.74,317.625,457.38,322.725,309,1087,237,1150,1642,2301
5671046,464.1,316.95,457.7,321.975,302,1080,239,1141,1636,2306
5671048,463.78,317.4,457.86,321.975,298,1084,242,1140,1637,2307
5671050,463.62,317.4,457.7,321.975,297,1084,239,1140,1639,2305
5671052,463.78,317.7,457.78,322.425,299,1086,241,1144,1643,2306
5671054,463.14,317.4,457.3,322.35,292,1084,236,1144,1640,2303
5671056,463.86,316.725,456.98,322.725,299,1075,233,1147,1640,2305
5671058,463.62,318.6,457.54,323.625,299,1095,240,1156,1640,2302
5671060,462.98,318.75,457.94,323.25,292,1096,243,1151,1642,2305
5671062,463.78,317.7,457.54,323.175,299,1084,239,1150,1640,2306
5671064,462.98,318.675,457.7,323.475,292,1095,241,1153,1645,2307
5671066,463.14,318.375,457.78,322.5,293,1091,241,1142,1645,2313
5671068,463.46,318.45,457.3,323.475,296,1092,236,1152,1639,2305
5671070,462.98,318.75,457.54,324.15,291,1095,240,1160,1645,2306
5671072,463.22,318.375,457.7,323.475,293,1091,240,1152,1643,2307
5671074,462.98,319.35,457.3,323.475,292,1101,236,1152,1646,2309
5671076,462.82,319.35,457.7,324.225,289,1101,241,1160,1650,2307
5671078,462.98,318.375,457.62,323.175,290,1091,239,1149,1642,2311
5671080,462.82,318.75,457.14,323.025,289,1095,234,1147,1645,2306
5671082,462.66,319.275,457.7,323.625,288,1101,240,1153,1646,2306
5671084,462.18,318.975,457.7,323.7,282,1098,240,1154,1642,2306
5671086,462.66,319.65,457.46,324.45,288,1105,238,1163,1647,2308
5671088,462.18,319.875,457.3,324.6,283,1109,237,1165,1649,2313
5671090,463.14,321.15,457.78,323.775,295,1121,241,1156,1652,2309
5671092,463.14,319.875,457.3,324.45,294,1108,237,1164,1651,2307
5671094,463.38,319.275,457.14,324,295,1101,235,1159,1646,2311
5671096,463.14,319.875,457.7,323.025,294,1108,240,1148,1654,2314
5671098,463.06,320.025,457.46,323.625,293,1110,238,1155,1653,2310
5671100,463.22,320.025,457.78,323.325,295,1111,241,1152,1653,2311
5671102,463.14,320.4,457.38,323.25,294,1115,237,1151,1655,2311
5671104,462.58,319.95,457.54,323.925,288,1112,239,1160,1651,2311
5671106,462.82,320.325,457.54,324.075,291,1115,239,1162,1657,2314
5671108,462.9,320.7,458.02,324.45,292,1120,245,1166,1661,2311
5671110,462.98,320.775,458.18,323.85,294,1120,246,1159,1659,2317
5671112,463.62,320.1,458.1,323.925,300,1114,246,1161,1651,2313
5671114,463.3,320.475,458.74,324.075,296,1118,253,1162,1660,2313
5671116,463.86,320.1,458.5,323.25,302,1114,249,1154,1656,2321
5671118,464.58,320.85,459.22,324,311,1121,258,1161,1658,2314
5671120,466.02,319.95,460.66,323.55,325,1111,273,1156,1655,2320
5671122,468.02,319.425,461.62,322.95,346,1103,282,1148,1655,2319
5671124,470.42,320.175,463.06,322.2,372,1109,297,1140,1655,2320
5671126,472.02,319.125,464.42,323.025,387,1096,312,1147,1649,2317
5671128,472.5,319.275,465.06,321.675,394,1098,318,1132,1656,2321
5671130,472.66,319.275,465.38,321.6,396,1098,321,1131,1659,2317
5671132,472.18,319.05,464.82,322.425,391,1097,316,1141,1656,2318
5671134,471.54,318.6,464.1,321.825,384,1093,309,1136,1653,2321
5671136,470.42,319.275,462.42,321.3,373,1102,291,1133,1654,2323
5671138,468.5,319.05,461.3,321.375,353,1102,279,1134,1656,2330
5671140,467.86,318.375,460.34,321.825,345,1096,270,1142,1656,2326
5671142,467.22,318.075,459.78,321.375,338,1094,264,1137,1660,2324
5671144,467.22,319.05,460.1,321,340,1105,267,1134,1658,2334
5671146,466.98,320.1,459.78,321.075,338,1117,264,1135,1664,2325
5671148,466.66,318.975,460.18,321.675,334,1106,269,1142,1663,2327
5671150,466.82,318.75,459.78,320.925,335,1103,264,1134,1662,2332
5671152,466.9,318.75,459.7,320.1,337,1103,263,1126,1663,2332
5671154,467.38,318.75,460.58,320.775,342,1103,272,1132,1665,2330
5671156,467.38,318.15,459.86,320.325,342,1097,265,1129,1664,2331
5671158,467.62,318.45,460.02,319.875,344,1100,266,1124,1662,2330
5671160,467.78,318.375,460.66,319.425,347,1100,273,1118,1664,2336
5671162,467.3,319.05,460.58,319.275,342,1107,272,1117,1665,2337
5671164,467.78,319.425,460.1,319.125,348,1111,267,1116,1667,2335
5671166,467.46,318.3,460.42,320.475,344,1099,272,1131,1670,2334
5671168,467.62,318.975,460.18,320.025,347,1107,270,1126,1666,2339
5671170,467.46,318.825,460.02,319.05,345,1105,267,1116,1671,2335
5671172,467.06,318.375,460.1,319.35,342,1101,269,1119,1668,2335
5671174,467.54,317.475,460.02,319.05,346,1090,268,1116,1663,2338
5671176,467.14,318.525,460.26,318.375,343,1103,271,1109,1674,2341
5671178,467.22,318.6,460.34,319.275,344,1104,272,1118,1668,2335
5671180,467.22,320.55,460.42,318.15,347,1125,273,1106,1674,2340
5671182,466.74,318.825,460.34,318.6,340,1107,273,1111,1674,2338
5671184,466.74,318.825,460.1,318.825,341,1107,270,1113,1670,2342
5671186,467.46,318.15,459.7,318.3,347,1098,266,1108,1672,2342
5671188,467.78,319.05,459.86,318,352,1108,268,1104,1672,2343
5671190,467.3,317.85,460.1,318.675,346,1095,272,1112,1669,2341
5671192,466.66,317.55,459.86,318.3,340,1092,269,1107,1676,2345
5671194,466.82,318.525,459.78,317.7,343,1103,267,1101,1678,2345
5671196,467.06,318.3,459.7,318.225,346,1100,268,1107,1674,2341
5671198,467.06,316.725,459.46,318.15,344,1082,266,1107,1674,2345
5671200,467.54,318.15,459.78,317.625,351,1097,268,1100,1676,2343
5671202,466.82,318.225,459.54,318,344,1099,266,1104,1673,2342
5671204,466.98,318,459.3,317.775,345,1097,264,1102,1680,2345
5671206,466.82,318.675,459.62,317.25,345,1104,267,1096,1681,2345
5671208,466.66,318.375,459.38,317.7,343,1101,265,1101,1680,2344
5671210,466.66,317.7,459.06,317.7,342,1093,262,1101,1681,2344
5671212,466.5,318.375,459.46,318.375,342,1101,267,1108,1682,2344
5671214,466.26,318.6,458.98,318.075,339,1103,262,1106,1676,2350
5671216,466.42,318.45,459.54,317.925,341,1101,268,1103,1680,2343
5671218,466.42,317.1,459.38,318,339,1086,266,1104,1676,2349
5671220,466.18,317.55,459.46,317.475,337,1092,266,1098,1680,2348
5671222,465.94,318.675,458.82,317.925,335,1104,260,1104,1680,2348
5671224,466.1,318.15,459.14,318.225,336,1099,263,1107,1680,2345
5671226,466.26,318.225,458.66,317.7,338,1099,258,1101,1683,2346
5671228,465.7,318.525,459.06,318.15,332,1103,262,1106,1680,2345
5671230,465.54,318.225,459.3,318.675,331,1100,265,1111,1681,2344
5671232,465.94,318.675,459.14,317.925,335,1105,262,1104,1684,2351
5671234,466.5,318.15,459.06,318.675,341,1099,263,1112,1680,2350
5671236,466.1,318.975,458.98,318.375,336,1108,262,1109,1686,2347
5671238,465.7,319.575,458.98,317.85,333,1115,261,1103,1681,2349
5671240,466.34,319.8,459.3,318.45,340,1117,264,1110,1685,2344
5671242,465.78,319.875,459.54,318.525,334,1119,267,1111,1684,2356
5671244,465.78,319.2,459.7,318.6,333,1112,269,1112,1685,2349
5671246,465.94,318.75,459.7,318.9,334,1107,269,1115,1683,2352
5671248,465.86,319.575,459.38,318.525,334,1117,265,1112,1683,2351
5671250,465.94,320.1,459.38,319.2,336,1122,266,1119,1684,2355
5671252,465.62,319.8,459.46,319.2,331,1120,266,1120,1685,2350
5671254,465.46,319.95,459.22,318.375,330,1122,263,1112,1686,2356
5671256,465.62,320.7,459.14,319.2,332,1131,263,1121,1683,2347
5671258,465.78,319.725,459.14,318.225,333,1120,261,1111,1686,2352
5671260,465.86,320.4,459.38,318.675,334,1128,264,1117,1686,2357
5671262,465.94,320.025,460.1,319.5,335,1124,272,1125,1683,2350
5671264,466.02,320.025,459.38,318.225,335,1125,264,1113,1683,2351
5671266,465.78,319.8,459.46,318,332,1123,264,1110,1686,2358
5671268,465.14,320.175,459.14,317.925,326,1129,260,1111,1687,2357
5671270,465.7,318.9,458.82,318,330,1114,257,1112,1682,2355
5671272,465.78,319.875,459.14,318.525,332,1126,260,1119,1685,2356
5671274,465.86,319.65,459.22,317.775,332,1124,261,1110,1684,2353
5671276,465.7,319.8,458.98,317.85,330,1126,258,1113,1686,2356
5671278,465.94,319.125,459.38,318.3,332,1119,262,1117,1682,2356
5671280,465.38,319.95,459.3,318.525,327,1129,261,1121,1680,2355
5671282,466.1,319.8,459.14,317.55,334,1127,258,1110,1683,2356
5671284,465.78,320.55,459.3,318.225,331,1137,260,1118,1684,2354
5671286,465.38,318.9,459.38,318.075,325,1119,261,1117,1681,2354
5671288,465.7,319.2,458.82,317.85,328,1123,254,1116,1681,2357
5671290,466.02,319.65,458.98,318.225,332,1128,257,1120,1686,2356
5671292,465.46,319.275,459.3,317.85,325,1126,259,1117,1682,2355
5671294,465.7,318.6,459.3,317.475,327,1118,258,1113,1681,2358
5671296,466.26,319.8,459.38,317.4,334,1132,259,1113,1680,2353
5671298,465.22,319.725,458.82,318.075,323,1132,254,1121,1679,2361
5671300,465.62,319.35,458.66,317.775,326,1128,251,1119,1676,2357
5671302,465.7,319.425,458.98,317.925,327,1129,255,1120,1680,2359
5671304,465.38,319.575,458.66,317.925,323,1132,251,1121,1681,2358
5671306,464.98,320.175,459.38,317.4,319,1139,257,1115,1681,2360
5671308,466.1,318.45,459.22,317.625,329,1120,256,1119,1679,2356
5671310,465.3,318.975,459.06,317.475,321,1127,254,1117,1681,2363
5671312,465.46,318.825,458.98,316.875,322,1126,252,1111,1676,2358
5671314,465.54,318.75,459.22,316.575,323,1124,254,1108,1679,2359
5671316,465.62,318.45,459.62,316.725,323,1122,258,1110,1678,2359
5671318,465.62,318.9,459.14,317.625,323,1127,254,1121,1680,2361
5671320,465.78,317.85,458.9,316.95,323,1117,250,1114,1674,2359
5671322,465.78,318.075,458.98,316.35,323,1119,250,1107,1680,2362
5671324,466.26,317.775,459.06,316.8,327,1115,251,1113,1673,2365
5671326,465.7,317.55,459.3,316.875,321,1113,254,1114,1673,2363
5671328,466.34,317.55,459.38,316.725,327,1113,254,1112,1677,2366
5671330,465.78,317.4,458.9,316.65,322,1112,249,1112,1676,2362
5671332,465.86,318,459.3,316.875,322,1120,252,1115,1672,2363
5671334,465.38,319.125,458.58,316.95,319,1132,245,1116,1674,2363
5671336,464.74,320.1,457.14,318.45,313,1143,231,1134,1677,2360
5671338,462.9,321,455.7,319.575,294,1155,216,1148,1669,2353
5671340,461.3,322.2,453.94,319.725,278,1170,198,1151,1673,2362
5671342,459.7,323.25,452.42,321,262,1183,183,1167,1672,2362
5671344,459.14,324.975,452.18,322.5,258,1203,182,1184,1672,2361
5671346,459.06,324.9,451.62,322.95,257,1202,176,1189,1670,2368
5671348,459.78,325.95,452.02,321.9,265,1212,179,1177,1674,2363
5671350,460.98,326.175,453.38,322.2,278,1214,193,1179,1675,2370
5671352,462.1,326.475,454.18,323.175,290,1216,203,1189,1677,2361
5671354,463.46,325.65,455.14,322.125,303,1205,212,1176,1672,2361
5671356,463.7,326.025,455.14,322.125,305,1209,212,1176,1672,2368
5671358,463.86,325.2,455.38,322.05,306,1201,214,1176,1669,2364
5671360,464.1,325.05,455.78,321.225,308,1199,217,1166,1668,2369
5671362,463.78,325.125,455.22,321.825,305,1199,212,1173,1669,2363
5671364,463.54,324.3,455.38,322.275,301,1191,213,1178,1667,2370
5671366,463.86,325.05,455.62,321.3,305,1199,215,1167,1669,2368
5671368,463.86,324.6,455.78,320.7,305,1193,216,1160,1670,2362
5671370,463.86,324.375,455.78,322.2,304,1191,218,1176,1665,2369
5671372,464.02,324.45,455.7,321.3,307,1192,216,1167,1668,2366
5671374,463.86,324.525,455.46,321,304,1193,213,1164,1670,2364
5671376,464.42,323.625,455.86,321.45,310,1183,218,1169,1665,2367
5671378,464.02,324.525,456.18,321.075,307,1193,220,1164,1666,2368
5671380,463.86,324.075,455.94,320.7,305,1188,218,1160,1665,2368
5671382,464.18,323.85,455.86,320.85,307,1185,217,1162,1666,2370
5671384,464.26,324.3,456.18,321.3,309,1191,221,1167,1664,2368
5671386,464.18,324.15,455.7,321.225,308,1189,216,1166,1664,2369
5671388,464.5,324.075,455.78,321.45,311,1188,217,1169,1666,2369
5671390,464.74,323.775,456.26,320.55,313,1184,221,1159,1664,2370
5671392,464.5,323.625,455.7,321.15,311,1183,216,1166,1661,2372
5671394,464.34,324.15,455.94,320.475,310,1189,218,1158,1664,2374
5671396,464.9,323.85,456.26,320.7,316,1185,222,1161,1662,2370
5671398,465.06,323.55,456.1,320.625,317,1182,220,1160,1667,2372
5671400,464.66,324,456.02,320.775,314,1187,219,1162,1662,2375
5671402,464.9,323.625,455.94,319.8,315,1183,218,1152,1663,2375
5671404,464.58,323.475,456.18,320.4,313,1182,221,1158,1665,2374
5671406,465.22,323.4,456.02,320.625,319,1181,220,1160,1658,2378
5671408,465.7,323.025,456.18,320.175,324,1176,221,1156,1660,2376
5671410,465.62,323.25,456.1,320.4,324,1179,221,1158,1661,2372
5671412,465.06,324.6,455.54,320.85,319,1194,215,1164,1663,2379
5671414,465.38,323.7,455.86,319.95,322,1184,217,1154,1658,2376
5671416,464.34,323.7,455.78,320.55,311,1185,218,1161,1662,2374
5671418,465.06,323.4,455.62,319.725,318,1181,215,1152,1662,2379
5671420,464.74,323.925,455.78,320.55,315,1187,218,1160,1659,2377
5671422,464.66,322.575,455.94,320.325,313,1172,219,1158,1657,2377
5671424,464.74,323.625,455.62,320.025,315,1184,216,1155,1656,2380
5671426,464.9,322.8,455.94,320.25,316,1175,220,1157,1658,2382
5671428,465.06,321.975,455.78,320.55,317,1166,218,1161,1659,2377
5671430,465.3,323.1,455.46,320.25,320,1178,215,1158,1659,2382
5671432,465.06,323.025,455.86,320.025,318,1178,219,1155,1655,2384
5671434,465.3,322.875,455.86,319.875,321,1175,218,1154,1657,2377
5671436,465.62,322.8,455.22,320.475,324,1174,212,1161,1658,2387
5671438,464.82,322.65,455.7,319.125,315,1174,216,1145,1653,2384
5671440,465.22,321.675,455.78,319.725,319,1163,217,1153,1654,2379
5671442,465.54,321.75,455.7,319.2,323,1163,217,1147,1657,2386
5671444,464.9,322.275,455.78,320.175,316,1170,218,1157,1654,2385
5671446,464.98,322.05,455.54,319.425,317,1167,215,1149,1656,2383
5671448,464.82,322.875,455.78,320.85,316,1176,219,1165,1650,2385
5671450,465.78,321.825,455.86,318.975,325,1164,218,1144,1652,2381
5671452,465.62,322.725,455.22,320.175,324,1175,213,1158,1650,2392
5671454,465.7,323.1,455.38,319.275,325,1179,213,1148,1653,2386
5671456,465.22,322.35,455.78,319.2,320,1171,218,1147,1649,2384
5671458,465.54,321.3,455.3,318.9,322,1159,212,1144,1654,2393
5671460,465.7,322.05,456.18,320.025,324,1167,222,1156,1648,2391
5671462,465.78,321.675,455.54,318.75,325,1163,214,1143,1647,2390
5671464,465.86,321.675,455.06,319.425,326,1163,210,1150,1654,2393
5671466,465.22,321.3,455.54,318.975,319,1160,215,1145,1651,2386
5671468,465.62,321.675,455.14,318.975,323,1163,211,1146,1649,2388
5671470,465.54,320.925,454.98,318.6,322,1155,209,1142,1652,2388
5671472,465.46,321.525,455.62,318.6,322,1161,216,1141,1653,2392
5671474,465.78,321.9,455.06,318,326,1166,210,1134,1650,2393
5671476,465.62,322.2,455.06,318.975,325,1168,210,1145,1651,2396
5671478,465.54,322.275,455.22,319.125,324,1169,212,1147,1647,2394
5671480,465.54,321.45,455.3,319.275,323,1160,213,1148,1651,2396
5671482,465.38,321.3,455.06,319.875,321,1159,211,1155,1648,2394
5671484,466.58,320.7,455.78,319.875,333,1151,219,1154,1648,2399
5671486,467.62,320.325,456.5,319.05,344,1145,226,1144,1645,2394
5671488,468.5,320.475,457.3,317.775,353,1146,233,1130,1648,2402
5671490,470.26,319.125,458.66,316.725,370,1130,246,1116,1641,2394
5671492,471.94,316.65,459.38,315.6,385,1101,253,1104,1640,2391
5671494,472.42,316.125,460.1,314.325,390,1095,259,1089,1642,2388
5671496,472.66,315.525,460.18,314.325,392,1088,259,1089,1643,2391
5671498,472.26,314.1,459.86,313.425,387,1073,256,1080,1643,2395
5671500,471.46,313.725,459.22,313.425,378,1070,249,1080,1641,2394
5671502,471.54,313.575,458.5,313.275,378,1068,241,1080,1640,2396
5671504,470.82,313.275,457.78,312.75,371,1066,233,1074,1640,2395
5671506,470.9,313.05,457.46,312.9,371,1063,230,1076,1641,2398
5671508,470.66,313.2,457.62,313.275,369,1065,232,1080,1638,2396
5671510,470.58,312.45,457.7,312.9,367,1057,232,1076,1639,2395
5671512,470.74,312.9,457.62,313.125,369,1062,232,1078,1639,2395
5671514,470.9,312.975,457.94,312.825,371,1062,235,1075,1639,2398
5671516,471.06,313.875,458.02,313.125,374,1071,236,1077,1639,2401
5671518,470.9,313.725,457.54,312.9,372,1070,231,1076,1640,2396
5671520,470.66,313.35,458.5,313.65,370,1066,242,1083,1639,2399
5671522,470.9,313.425,457.54,313.2,372,1067,232,1079,1639,2400
5671524,470.42,313.5,457.86,313.125,367,1068,235,1078,1642,2399
5671526,470.98,313.125,458.18,313.35,373,1064,238,1080,1640,2404
5671528,470.98,313.875,457.94,313.8,373,1071,237,1085,1644,2400
5671530,470.9,313.575,457.7,313.05,372,1068,233,1078,1642,2401
5671532,470.66,313.35,457.86,313.425,369,1066,235,1081,1639,2407
5671534,470.74,313.725,457.86,313.275,371,1070,235,1080,1640,2401
5671536,471.14,313.05,457.86,313.5,374,1062,235,1082,1634,2404
5671538,470.82,313.275,457.7,313.875,371,1065,234,1086,1640,2402
5671540,470.98,313.875,457.94,313.65,373,1072,237,1083,1637,2406
5671542,471.22,313.95,457.86,313.35,376,1072,235,1080,1642,2404
5671544,470.9,313.725,457.86,314.1,372,1070,236,1088,1642,2406
5671546,470.98,314.175,458.1,313.725,374,1075,238,1084,1645,2404
5671548,471.06,313.575,457.94,314.025,375,1069,237,1087,1641,2404
5671550,471.46,314.325,457.7,314.025,379,1076,235,1088,1643,2403
5671552,471.06,313.725,457.46,313.875,375,1070,232,1087,1643,2405
5671554,470.9,313.875,457.7,313.95,373,1072,235,1087,1642,2407
5671556,471.06,314.175,458.02,314.55,376,1075,239,1094,1640,2407
5671558,470.66,314.025,457.62,313.95,372,1074,234,1088,1642,2405
5671560,470.98,314.025,457.62,314.325,375,1074,235,1091,1642,2407
5671562,471.62,314.85,457.86,314.475,382,1082,237,1093,1638,2406
5671564,471.14,313.8,458.1,314.55,376,1071,239,1093,1639,2409
5671566,471.3,314.55,458.42,314.55,379,1079,244,1093,1641,2408
5671568,471.3,314.85,458.18,314.925,379,1082,241,1098,1643,2410
5671570,471.14,314.325,458.1,314.1,377,1077,240,1089,1642,2405
5671572,471.3,314.025,458.18,314.625,379,1074,241,1094,1641,2406
5671574,471.3,315.075,458.18,314.7,379,1086,241,1096,1638,2403
5671576,471.46,314.325,457.94,314.625,380,1077,239,1095,1643,2406
5671578,470.74,315.15,458.02,314.475,373,1087,240,1093,1652,2407
5671580,471.54,314.55,458.18,314.85,382,1080,242,1097,1646,2411
5671582,471.14,314.325,458.02,314.475,377,1078,240,1094,1643,2407
5671584,470.74,314.1,457.94,314.55,374,1076,240,1095,1643,2407
5671586,471.14,314.625,458.18,314.55,378,1081,243,1095,1646,2408
5671588,471.62,314.625,457.94,315,383,1081,241,1100,1644,2407
5671590,471.22,314.1,458.26,314.85,379,1075,244,1098,1644,2407
5671592,471.3,314.925,457.94,314.85,381,1084,241,1098,1641,2408
5671594,471.22,314.85,458.02,315.075,380,1083,242,1101,1641,2408
5671596,471.3,313.575,458.1,315.075,380,1070,243,1101,1640,2408
5671598,471.54,314.175,458.18,314.55,384,1076,243,1095,1642,2408
5671600,471.06,313.5,458.1,314.25,378,1070,242,1092,1644,2411
5671602,471.06,313.875,457.94,315.225,378,1074,242,1102,1643,2409
5671604,471.46,313.95,458.18,314.625,383,1074,244,1096,1645,2408
5671606,471.14,313.725,458.02,314.475,379,1072,242,1095,1644,2409
5671608,471.06,313.275,457.62,314.4,378,1067,238,1094,1639,2410
5671610,471.22,313.875,457.94,314.55,380,1073,241,1095,1643,2412
5671612,471.22,313.875,457.7,314.325,380,1073,239,1093,1642,2411
5671614,470.34,314.325,457.62,314.7,371,1079,239,1097,1645,2410
5671616,471.06,313.425,457.7,314.775,378,1068,239,1098,1644,2408
5671618,470.74,313.5,457.7,314.475,375,1070,239,1095,1645,2411
5671620,470.74,312.825,458.02,314.625,375,1062,242,1095,1641,2410
5671622,470.66,313.575,457.7,314.1,375,1071,239,1090,1645,2410
5671624,470.98,313.35,457.78,315.075,377,1067,240,1100,1646,2407
5671626,470.9,312.525,457.94,314.325,376,1058,242,1092,1638,2409
5671628,470.58,313.05,457.38,314.325,373,1064,236,1092,1644,2408
5671630,470.66,313.2,457.62,314.775,374,1066,238,1097,1645,2412
5671632,470.9,312.975,457.86,313.95,376,1062,240,1087,1643,2409
5671634,470.74,312.3,457.54,314.325,374,1055,237,1091,1640,2413
5671636,471.14,313.05,457.14,314.25,378,1062,233,1091,1645,2411
5671638,470.98,312.375,457.86,314.175,376,1055,240,1089,1644,2409
5671640,470.5,312.825,457.46,313.8,371,1060,235,1085,1640,2408
5671642,470.82,313.2,457.54,314.475,375,1063,237,1092,1643,2413
5671644,470.98,312.675,457.86,314.7,376,1057,240,1093,1646,2412
5671646,471.3,312.9,458.02,314.325,379,1059,241,1089,1646,2410
5671648,471.06,312.525,457.94,314.325,376,1055,240,1089,1644,2413
5671650,471.06,313.275,457.54,314.775,376,1063,237,1094,1646,2414
5671652,471.3,312.375,457.86,314.55,378,1052,240,1091,1640,2411
5671654,471.38,312.45,457.94,314.475,379,1053,240,1089,1643,2411
5671656,471.22,312.75,457.62,314.775,377,1056,236,1092,1642,2409
5671658,471.62,312.825,457.54,314.25,382,1056,235,1087,1644,2410
5671660,471.46,312.375,457.54,314.325,379,1051,235,1087,1644,2413
5671662,471.38,312,457.62,314.55,378,1047,235,1090,1644,2412
5671664,471.38,312.675,458.02,314.7,378,1054,240,1090,1643,2410
5671666,471.54,311.925,457.7,314.175,379,1045,236,1085,1644,2406
5671668,470.82,313.125,457.78,314.625,372,1059,237,1090,1642,2407
5671670,471.22,313.05,457.46,314.55,377,1058,233,1089,1645,2408
5671672,471.46,312.675,457.94,314.175,378,1053,237,1085,1645,2410
5671674,470.9,313.125,457.86,314.175,372,1059,237,1084,1646,2411
5671676,471.06,313.575,457.94,315,374,1063,238,1094,1643,2410
5671678,471.14,313.275,458.18,314.625,375,1060,240,1089,1646,2410
5671680,471.54,312.675,458.02,315.225,378,1053,239,1095,1641,2412
5671682,471.38,313.8,457.78,315.075,378,1065,237,1094,1644,2411
5671684,471.14,313.5,458.26,315.675,375,1063,242,1100,1646,2410
5671686,471.06,313.05,458.34,315.525,374,1057,243,1098,1643,2408
5671688,471.22,313.725,458.02,315.9,376,1064,240,1102,1641,2409
5671690,471.22,314.25,457.78,315.75,377,1070,237,1101,1645,2408
5671692,470.9,314.175,458.26,316.2,373,1070,243,1106,1643,2405
5671694,471.22,314.55,458.26,315.9,377,1073,242,1102,1645,2407
5671696,471.54,313.65,458.26,316.275,380,1064,243,1106,1646,2406
5671698,471.3,313.875,458.18,315.9,377,1066,241,1103,1643,2410
5671700,471.54,313.5,458.34,316.2,378,1062,243,1106,1646,2403
5671702,471.06,314.1,458.42,315.825,374,1069,244,1101,1647,2410
5671704,471.3,313.275,458.34,315.6,376,1060,242,1100,1642,2405
5671706,471.06,313.875,458.42,315.6,374,1067,243,1099,1645,2411
5671708,471.38,313.35,458.5,315.45,376,1061,243,1098,1642,2405
5671710,471.46,313.275,458.18,315.225,378,1060,240,1096,1646,2409
5671712,471.78,312.675,458.02,314.85,380,1053,238,1092,1642,2405
5671714,471.78,313.275,458.34,314.85,381,1060,241,1092,1646,2411
5671716,472.26,312.75,458.9,314.775,385,1054,247,1090,1643,2408
5671718,471.78,312.3,458.42,314.85,380,1049,242,1091,1647,2407
5671720,472.26,311.925,458.34,315,384,1045,241,1093,1642,2407
5671722,472.26,312.075,458.66,314.7,384,1046,244,1090,1645,2408
5671724,472.1,312,458.18,314.85,382,1046,239,1092,1645,2406
5671726,471.14,313.125,457.7,315.675,373,1059,235,1101,1642,2403
5671728,470.9,313.35,457.14,315.675,371,1062,228,1102,1643,2405
5671730,470.1,313.725,456.1,315.675,362,1067,218,1103,1644,2398
5671732,467.94,314.85,454.34,317.1,341,1081,200,1121,1646,2399
5671734,466.5,315.075,453.38,317.25,325,1085,191,1124,1644,2402
5671736,465.94,316.425,452.34,318.3,321,1101,180,1136,1646,2408
5671738,464.58,316.65,451.86,318,307,1105,175,1134,1648,2405
5671740,464.82,317.175,451.94,317.475,310,1110,175,1128,1648,2410
5671742,465.22,316.35,451.78,317.475,314,1101,173,1128,1650,2406
5671744,465.38,317.325,452.82,317.55,316,1111,185,1128,1649,2406
5671746,466.34,316.575,452.9,317.4,325,1102,185,1126,1649,2405
5671748,466.26,317.625,453.54,318.075,326,1114,193,1133,1654,2406
5671750,467.46,317.325,453.86,317.625,338,1109,196,1127,1648,2400
5671752,467.38,317.775,453.94,318.6,338,1114,197,1138,1652,2399
5671754,467.46,319.2,454.34,318.6,340,1129,202,1137,1654,2402
5671756,467.78,318.075,454.18,318.45,342,1117,200,1136,1649,2400
5671758,467.94,317.55,454.26,318.45,343,1111,201,1136,1646,2402
5671760,467.7,318.15,454.5,318.675,341,1118,203,1139,1646,2403
5671762,467.7,317.7,454.26,318,341,1114,200,1131,1648,2396
5671764,467.86,318.45,454.58,318.6,343,1122,204,1138,1647,2399
5671766,467.62,318.15,454.98,318.225,341,1119,208,1134,1647,2399
5671768,468.66,315.975,454.9,317.55,349,1094,207,1126,1645,2397
5671770,467.22,318.225,454.74,319.05,336,1120,207,1143,1656,2400
5671772,467.78,318.525,454.98,318.3,343,1123,209,1134,1649,2398
5671774,467.78,317.4,455.14,318.225,342,1111,210,1134,1652,2399
5671776,467.7,318.45,455.54,318.525,342,1122,214,1137,1657,2396
5671778,467.86,317.775,455.46,319.05,343,1115,214,1143,1653,2397
5671780,468.1,317.925,454.74,318.45,346,1116,206,1137,1652,2399
5671782,467.86,317.175,454.58,318.15,343,1109,204,1134,1654,2398
5671784,467.86,318.6,455.06,319.125,344,1124,210,1144,1653,2401
5671786,468.18,317.325,455.3,318.3,346,1110,212,1135,1655,2396
5671788,468.1,317.175,454.98,318.675,345,1108,209,1139,1647,2395
5671790,468.02,317.325,455.22,318.9,344,1111,211,1141,1649,2399
5671792,468.34,317.175,454.34,318.15,347,1108,201,1134,1651,2397
5671794,467.94,316.35,454.1,318.45,342,1100,199,1138,1647,2397
5671796,467.78,316.875,454.34,318.9,341,1106,201,1142,1642,2403
5671798,467.78,315.075,453.94,317.775,339,1086,197,1131,1644,2398
5671800,466.98,316.275,453.94,318.75,332,1100,197,1140,1648,2395
5671802,466.42,315.525,454.42,318.675,325,1092,202,1139,1646,2395
5671804,467.14,315.525,454.26,318,332,1090,199,1132,1642,2397
5671806,466.58,315.6,453.78,318.375,326,1092,195,1136,1647,2397
5671808,466.58,315,454.42,318.45,325,1085,202,1135,1646,2396
5671810,466.58,314.475,454.42,318.15,325,1079,201,1132,1644,2393
5671812,466.74,314.325,453.94,318.525,326,1077,196,1136,1642,2395
5671814,466.9,315.9,454.26,317.775,329,1093,198,1128,1643,2398
5671816,466.34,316.05,453.62,318.3,323,1095,191,1133,1643,2401
5671818,466.5,315,454.02,318.375,323,1083,196,1134,1646,2395
5671820,466.34,314.25,454.02,318.15,321,1075,195,1130,1642,2392
5671822,466.1,314.7,454.42,317.925,319,1079,199,1127,1644,2388
5671824,466.02,315.3,454.26,318.9,318,1085,198,1137,1643,2396
5671826,466.34,313.8,453.94,317.925,319,1069,193,1127,1644,2392
5671828,465.46,315.225,454.74,318,311,1084,201,1126,1645,2389
5671830,466.02,315.075,454.02,318.075,316,1082,194,1127,1645,2398
5671832,465.94,313.95,453.86,318.075,314,1069,191,1126,1644,2391
5671834,465.7,315.525,454.58,318.225,313,1086,199,1127,1648,2389
5671836,465.78,315.45,454.66,318.375,313,1084,199,1128,1643,2393
5671838,466.1,313.875,454.02,318.45,315,1067,193,1130,1643,2393
5671840,465.94,315.375,454.66,318.6,314,1082,199,1129,1642,2390
5671842,465.86,314.625,454.42,318.6,313,1073,196,1129,1648,2393
5671844,465.94,315.3,454.1,318.825,314,1080,193,1132,1647,2390
5671846,465.38,315.15,454.66,318.975,307,1079,199,1132,1655,2392
5671848,466.26,314.625,454.5,318.6,316,1072,196,1128,1647,2388
5671850,465.94,315.375,454.74,319.35,313,1080,199,1135,1647,2391
5671852,465.46,314.55,454.34,318.6,307,1071,195,1127,1646,2389
5671854,465.86,315,454.66,319.125,311,1076,198,1133,1649,2391
5671856,466.02,315.3,454.98,318.675,313,1078,201,1127,1648,2390
5671858,466.18,315,454.82,318.15,315,1075,199,1121,1642,2388
5671860,466.5,315.15,454.82,319.05,318,1076,199,1130,1644,2389
5671862,466.34,315.225,455.54,318.525,317,1077,206,1124,1641,2387
5671864,466.02,314.775,455.54,318.9,313,1072,207,1127,1649,2388
5671866,466.58,315.15,455.78,318.825,319,1075,209,1127,1647,2388
5671868,466.58,315.825,455.94,318.45,320,1082,211,1122,1651,2386
5671870,466.82,315.075,455.78,318.75,322,1074,210,1125,1652,2387
5671872,467.38,315.3,455.78,318.9,328,1076,210,1127,1651,2387
5671874,466.74,316.5,455.78,319.275,322,1089,211,1131,1652,2389
5671876,467.22,315.825,455.62,319.2,328,1081,209,1130,1653,2387
5671878,467.54,316.2,456.1,319.5,331,1085,214,1134,1650,2383
5671880,467.54,315.6,456.5,320.025,331,1079,220,1139,1649,2383
5671882,467.78,316.275,456.5,319.575,334,1086,219,1134,1652,2386
5671884,468.26,316.8,456.34,319.8,341,1091,219,1137,1651,2385
5671886,468.34,316.65,456.02,319.5,342,1089,215,1134,1652,2387
5671888,468.02,316.425,456.9,319.575,338,1088,225,1134,1653,2386
5671890,467.94,316.35,456.74,319.5,338,1087,223,1134,1650,2383
5671892,467.38,317.625,456.66,320.175,334,1102,224,1142,1653,2387
5671894,468.42,316.575,456.82,319.65,344,1090,225,1135,1650,2383
5671896,468.18,317.1,456.98,320.325,343,1096,229,1143,1646,2383
5671898,467.7,317.55,456.74,320.55,338,1102,226,1146,1651,2383
5671900,468.18,317.7,457.62,320.625,345,1103,237,1146,1653,2381
5671902,468.1,317.025,457.3,320.175,343,1096,233,1141,1645,2383
5671904,468.26,317.925,457.3,320.85,347,1106,234,1150,1650,2385
5671906,468.98,317.325,457.7,320.925,354,1099,239,1150,1647,2384
5671908,468.02,318.15,457.78,320.475,346,1109,241,1145,1656,2383
5671910,468.18,315.975,457.38,321.3,345,1086,237,1155,1647,2389
5671912,468.26,317.775,457.7,320.25,349,1105,240,1144,1652,2379
5671914,468.42,317.325,458.1,321.225,350,1100,246,1154,1648,2387
5671916,468.18,317.175,457.94,321.45,348,1100,245,1157,1648,2384
5671918,468.34,317.925,458.02,321.525,351,1108,246,1158,1649,2389
5671920,468.74,316.5,457.54,321.9,355,1092,242,1163,1647,2381
5671922,468.42,316.65,457.38,321.15,351,1095,240,1155,1649,2386
5671924,467.94,318.3,457.46,321.525,349,1113,242,1160,1653,2387
5671926,468.18,316.725,457.62,321.15,350,1096,244,1155,1649,2381
5671928,468.34,318.225,457.54,321.225,354,1112,244,1156,1652,2386
5671930,468.42,317.475,457.38,321.375,354,1105,242,1159,1649,2388
5671932,467.78,317.7,457.62,320.4,349,1107,244,1148,1651,2379
5671934,467.78,318.6,458.02,319.95,349,1117,249,1143,1659,2385
5671936,467.46,318.45,457.3,320.175,347,1117,242,1147,1659,2385
5671938,468.42,315.975,457.3,319.65,355,1089,242,1141,1654,2386
5671940,468.1,316.725,457.7,319.95,353,1097,247,1143,1655,2383
5671942,467.78,317.25,457.62,319.875,350,1103,246,1143,1656,2388
5671944,467.78,315.975,457.62,319.875,349,1089,246,1142,1656,2387
5671946,467.94,316.875,457.38,318.975,352,1099,243,1133,1653,2386
5671948,468.18,315.15,457.3,318.975,353,1080,242,1133,1652,2385
5671950,468.18,315.525,457.54,319.05,353,1084,245,1133,1653,2387
5671952,467.86,315.75,457.14,318.9,350,1086,242,1132,1655,2387
5671954,468.26,314.25,457.22,318.45,354,1070,242,1127,1652,2384
5671956,468.26,314.775,456.98,318.525,354,1075,240,1128,1652,2388
5671958,467.54,314.475,457.38,318.525,346,1073,244,1128,1652,2387
5671960,468.58,314.25,456.98,318.75,357,1069,240,1130,1650,2385
5671962,467.46,314.775,457.14,317.7,346,1076,241,1119,1652,2389
5671964,467.7,314.325,456.66,318.225,348,1070,236,1124,1655,2391
5671966,467.62,313.875,456.82,318.225,348,1065,238,1124,1656,2386
5671968,466.9,313.5,456.42,318.75,340,1061,235,1129,1651,2385
5671970,466.5,314.325,456.58,318.9,336,1071,237,1131,1661,2388
5671972,466.5,314.1,456.18,318.225,335,1068,232,1124,1660,2386
5671974,466.58,314.1,456.66,318,337,1067,236,1120,1657,2388
5671976,466.66,313.95,455.7,319.5,337,1066,228,1137,1656,2384
5671978,467.38,313.65,456.5,318.3,345,1062,235,1124,1658,2385
5671980,467.06,314.175,456.74,318.075,341,1067,237,1120,1656,2389
5671982,466.98,314.475,456.02,318.675,341,1070,230,1127,1656,2392
5671984,466.1,315.3,455.94,318.825,333,1080,229,1129,1666,2392
5671986,466.5,314.625,455.94,319.125,336,1072,229,1132,1658,2394
5671988,466.42,314.7,455.14,318.9,335,1073,221,1130,1659,2391
5671990,466.9,314.1,455.7,318.75,339,1065,226,1128,1662,2393
5671992,466.58,315.075,455.46,319.425,336,1076,225,1136,1662,2390
5671994,466.02,314.7,455.54,318.9,331,1072,224,1130,1658,2392
5671996,466.5,314.925,455.78,319.575,335,1074,227,1136,1662,2389
5671998,466.42,314.625,455.86,319.125,334,1071,228,1131,1659,2398
5672000,466.18,315.45,455.94,320.175,332,1080,229,1143,1659,2395
5672002,466.58,314.25,456.1,319.35,335,1067,230,1133,1659,2391
5672004,466.1,315.375,455.94,320.325,331,1079,228,1144,1664,2400
5672006,465.78,315.525,455.3,320.1,327,1081,222,1142,1662,2390
5672008,465.94,314.25,455.7,319.05,327,1068,225,1130,1659,2398
5672010,465.94,315.075,456.02,319.725,328,1076,228,1137,1661,2404
5672012,466.1,315.675,455.54,320.1,330,1082,223,1142,1662,2397
5672014,466.18,314.775,455.3,319.05,330,1073,220,1130,1666,2395
5672016,466.58,314.775,455.38,319.575,333,1073,221,1137,1661,2398
5672018,465.7,314.325,455.22,319.65,324,1069,219,1138,1663,2400
5672020,466.02,314.925,455.46,319.725,327,1075,221,1138,1661,2399
5672022,466.26,315.225,455.38,319.725,330,1078,221,1138,1663,2397
5672024,465.94,314.925,455.7,320.025,326,1075,224,1141,1660,2400
5672026,465.86,315.375,455.78,319.05,326,1080,224,1131,1663,2397
5672028,466.42,314.1,454.74,319.05,330,1066,212,1132,1663,2397
5672030,465.62,315.3,455.3,318.6,323,1079,218,1126,1665,2401
5672032,466.02,315.375,455.3,319.725,327,1080,219,1139,1665,2397
5672034,466.34,315.45,455.86,319.425,331,1080,224,1135,1663,2404
5672036,466.74,315.75,456.1,320.25,335,1084,228,1143,1669,2405
5672038,466.82,316.2,456.5,320.625,336,1088,232,1147,1666,2404
5672040,469.06,317.175,458.26,320.4,360,1096,250,1143,1657,2407
5672042,470.74,316.275,459.46,321.075,377,1085,263,1149,1662,2407
5672044,473.22,316.8,462.1,320.775,403,1088,290,1143,1668,2409
5672046,474.02,317.1,463.3,320.1,412,1090,303,1135,1672,2406
5672048,475.7,316.875,464.26,319.425,428,1086,311,1127,1673,2404
5672050,475.3,316.05,463.7,318.45,423,1077,305,1117,1671,2404
5672052,474.58,317.1,462.66,319.425,417,1090,294,1128,1672,2410
5672054,473.62,317.175,461.7,320.175,407,1092,285,1137,1670,2408
5672056,472.58,315.3,460.98,320.025,393,1073,277,1137,1665,2404
5672058,470.98,315.3,459.78,319.5,376,1075,264,1132,1662,2402
5672060,471.06,314.925,458.5,319.8,377,1071,250,1137,1662,2409
5672062,470.1,314.85,458.82,319.65,367,1071,254,1135,1664,2405
5672064,470.42,314.925,459.22,319.725,370,1072,258,1136,1663,2406
5672066,470.42,315.3,458.34,319.5,371,1076,248,1134,1664,2408
5672068,470.74,314.475,458.5,319.5,374,1066,250,1134,1660,2411
5672070,470.34,314.4,458.1,319.275,369,1066,246,1132,1662,2412
5672072,470.1,315.225,458.26,319.575,368,1075,248,1135,1662,2412
5672074,470.98,314.625,458.58,318.975,376,1068,250,1128,1661,2408
5672076,470.42,314.55,458.9,319.5,370,1067,254,1134,1665,2413
5672078,471.22,314.175,458.74,319.2,378,1062,252,1130,1666,2413
5672080,470.9,314.025,459.14,319.275,375,1061,257,1131,1664,2410
5672082,470.58,314.25,459.46,319.575,371,1064,260,1134,1667,2420
5672084,471.7,313.65,458.66,319.5,383,1056,251,1133,1665,2416
5672086,471.54,312.675,458.34,319.125,380,1045,248,1130,1660,2417
5672088,471.06,313.95,458.66,319.35,376,1059,252,1132,1666,2415
5672090,471.62,313.575,458.26,318.75,382,1055,247,1126,1666,2415
5672092,471.54,312.9,458.74,318.6,381,1047,252,1123,1663,2413
5672094,470.5,313.875,458.34,318.075,371,1059,248,1118,1665,2422
5672096,471.38,314.625,458.74,318.675,381,1066,252,1123,1668,2418
5672098,471.46,313.35,458.74,318.375,380,1051,252,1120,1664,2418
5672100,471.46,313.8,458.98,318.6,381,1056,255,1121,1670,2421
5672102,471.78,313.65,458.82,317.7,384,1054,252,1112,1665,2422
5672104,471.3,313.575,458.9,318.525,380,1053,254,1120,1667,2423
5672106,471.86,313.125,458.42,318.675,385,1048,249,1122,1668,2422
5672108,471.3,313.875,458.74,318.45,380,1055,253,1119,1667,2425
5672110,471.78,313.275,459.38,318.3,384,1049,259,1116,1669,2425
5672112,471.7,313.5,459.14,318.975,384,1050,258,1124,1669,2426
5672114,471.7,313.725,459.06,318.825,385,1053,257,1122,1676,2425
5672116,471.62,314.625,459.78,318.6,385,1062,264,1118,1675,2429
5672118,472.02,312.675,459.06,319.125,387,1041,257,1125,1666,2426
5672120,471.94,314.025,458.66,319.575,387,1054,254,1128,1671,2429
5672122,471.94,314.25,458.74,319.275,387,1057,254,1125,1672,2430
5672124,471.46,313.65,459.46,319.275,382,1050,261,1124,1671,2429
5672126,471.62,314.175,459.3,319.125,384,1055,259,1122,1676,2430
5672128,471.7,315,459.14,319.425,386,1063,259,1125,1677,2430
5672130,471.94,314.175,459.38,318.975,388,1055,261,1120,1673,2426
5672132,471.7,313.575,459.14,319.35,384,1048,259,1124,1676,2433
5672134,471.94,313.95,459.38,318.9,387,1051,261,1119,1675,2433
5672136,471.86,313.5,459.06,319.125,386,1046,258,1121,1675,2428
5672138,472.1,314.55,460.26,319.275,390,1057,270,1121,1683,2432
5672140,471.94,315.075,459.78,319.5,388,1062,265,1123,1678,2432
5672142,472.34,313.95,459.06,319.125,392,1050,258,1121,1677,2438
5672144,472.42,314.925,459.54,319.5,393,1060,263,1123,1681,2435
5672146,471.78,313.05,459.62,319.275,385,1041,264,1121,1677,2439
5672148,472.58,315,460.18,319.5,396,1060,270,1122,1681,2432
5672150,472.18,314.325,460.18,319.575,391,1053,270,1123,1683,2431
5672152,472.02,314.1,460.42,319.05,388,1050,272,1116,1680,2430
5672154,472.34,314.7,460.18,319.2,392,1056,270,1118,1682,2434
5672156,473.06,314.175,460.34,320.025,400,1049,272,1126,1681,2434
5672158,472.26,314.55,460.5,319.575,391,1054,274,1122,1685,2429
5672160,472.9,315.975,460.5,320.025,400,1068,273,1125,1688,2430
5672162,472.74,315.9,460.74,319.95,398,1068,276,1125,1684,2429
5672164,472.5,314.025,460.74,319.65,394,1048,275,1121,1681,2429
5672166,472.74,315.75,460.42,320.1,398,1065,273,1126,1690,2431
5672168,472.26,314.625,460.58,320.25,392,1054,274,1127,1692,2432
5672170,472.66,315.45,460.18,319.725,396,1062,270,1122,1688,2432
5672172,472.34,315.825,460.98,320.4,393,1066,278,1128,1686,2430
5672174,472.58,315.825,460.34,320.85,396,1066,273,1133,1685,2430
5672176,472.66,314.55,460.98,319.8,395,1052,278,1122,1680,2430
5672178,471.86,315.15,460.42,320.625,388,1059,273,1131,1685,2435
5672180,471.7,315.9,459.62,321.15,387,1068,265,1137,1686,2428
5672182,471.86,315.375,460.26,320.1,387,1062,271,1125,1685,2433
5672184,472.1,315.975,460.26,320.4,391,1068,271,1128,1686,2430
5672186,472.18,315.15,460.34,320.7,391,1059,272,1131,1689,2430
5672188,471.94,314.25,460.34,320.1,388,1048,271,1125,1683,2425
5672190,471.46,314.775,460.58,320.55,383,1055,274,1129,1684,2431
5672192,471.78,315.675,460.26,320.4,387,1064,271,1128,1694,2431
5672194,471.38,314.325,460.9,320.025,382,1050,277,1123,1680,2429
5672196,471.7,314.85,460.66,320.85,385,1055,275,1132,1690,2429
5672198,471.7,314.7,460.34,320.025,385,1053,271,1123,1687,2431
5672200,471.14,314.7,460.5,320.175,379,1054,273,1125,1687,2426
5672202,471.3,315.75,460.18,320.25,382,1065,270,1126,1687,2430
5672204,471.3,314.1,460.5,320.7,379,1047,273,1130,1688,2431
5672206,471.22,313.425,460.98,319.425,378,1040,276,1116,1684,2430
5672208,471.94,314.85,460.9,319.875,387,1054,276,1121,1687,2429
5672210,471.62,314.4,460.58,320.175,383,1050,273,1125,1685,2424
5672212,471.3,314.475,460.74,319.95,379,1051,274,1122,1686,2426
5672214,470.82,315.375,461.06,320.025,375,1061,277,1122,1686,2432
5672216,470.82,314.325,460.82,321.075,374,1050,276,1133,1687,2425
5672218,471.22,314.7,460.5,321.15,379,1053,273,1135,1688,2422
5672220,470.74,314.325,460.9,320.925,373,1049,277,1132,1686,2422
5672222,470.66,314.4,460.5,319.875,373,1050,271,1120,1686,2419
5672224,470.58,314.25,460.74,321,371,1049,275,1132,1683,2425
5672226,470.66,314.4,460.34,319.65,372,1050,269,1118,1687,2421
5672228,470.82,314.4,459.86,320.25,373,1050,264,1125,1685,2419
5672230,470.18,314.4,460.26,320.4,366,1050,268,1126,1690,2422
5672232,470.02,314.1,460.18,320.85,364,1047,268,1131,1689,2426
5672234,470.26,314.775,460.26,320.925,367,1054,268,1131,1691,2422
5672236,469.46,314.1,460.26,320.7,358,1047,267,1129,1687,2423
5672238,469.06,313.575,460.18,320.025,353,1042,266,1121,1693,2422
5672240,469.46,313.95,460.18,320.4,357,1046,266,1126,1687,2421
5672242,469.54,314.625,459.7,319.95,358,1053,261,1121,1689,2420
5672244,469.3,314.025,459.78,320.175,355,1047,262,1123,1690,2421
5672246,469.06,313.2,459.62,319.65,351,1038,259,1118,1691,2416
5672248,468.9,313.35,459.86,319.8,350,1039,262,1119,1691,2412
5672250,469.3,313.575,459.78,319.5,354,1041,260,1115,1689,2417
5672252,469.62,314.1,460.02,320.25,358,1046,263,1123,1685,2420
5672254,469.3,312.675,459.7,318.975,353,1031,259,1109,1690,2416
5672256,469.22,313.05,459.78,319.05,352,1035,259,1110,1690,2420
5672258,469.7,313.575,459.78,319.575,358,1040,260,1116,1687,2418
5672260,469.06,313.95,459.7,318.975,351,1045,258,1109,1692,2410
5672262,469.3,313.5,459.38,318.375,354,1039,254,1103,1693,2412
5672264,469.54,313.575,459.78,318.9,356,1039,259,1108,1694,2414
5672266,469.78,312.6,460.18,319.2,357,1028,263,1110,1686,2410
5672268,469.86,314.175,460.26,319.575,359,1045,264,1114,1690,2414
5672270,469.62,313.95,460.34,319.5,357,1043,265,1113,1694,2415
5672272,470.1,314.25,460.42,319.575,362,1045,265,1114,1688,2409
5672274,469.94,313.575,460.42,319.35,359,1038,266,1111,1689,2415
5672276,469.78,313.875,461.22,319.65,358,1042,274,1113,1690,2415
5672278,469.94,313.875,461.06,318.975,360,1041,272,1106,1688,2412
5672280,470.58,313.8,461.06,319.875,366,1040,272,1116,1689,2420
5672282,470.1,314.25,461.54,319.2,362,1045,277,1108,1690,2415
5672284,470.18,314.25,461.14,319.725,363,1044,274,1113,1692,2411
5672286,470.02,314.325,460.66,319.875,362,1045,268,1116,1690,2414
5672288,471.38,314.55,461.06,319.65,376,1047,273,1113,1689,2410
5672290,470.74,314.7,461.3,319.725,370,1049,275,1113,1693,2411
5672292,471.06,314.1,461.38,320.475,373,1041,278,1121,1691,2419
5672294,470.26,313.425,461.06,320.4,363,1035,274,1120,1692,2410
5672296,470.74,313.65,461.54,320.325,369,1037,280,1119,1690,2412
5672298,470.18,314.1,461.86,319.95,364,1042,282,1115,1691,2409
5672300,470.5,314.175,461.94,321,368,1043,285,1126,1694,2412
5672302,470.9,313.65,461.62,319.725,371,1037,280,1112,1696,2412
5672304,470.26,313.125,461.78,320.25,364,1032,283,1118,1699,2415
5672306,470.98,313.95,461.78,320.1,373,1040,283,1116,1692,2410
5672308,471.06,313.65,461.62,320.25,374,1037,282,1119,1693,2408
5672310,471.46,312.9,461.38,320.025,377,1028,279,1116,1696,2415
5672312,471.78,314.25,461.14,320.4,383,1042,278,1120,1696,2410
5672314,470.82,313.5,461.62,319.8,372,1036,282,1113,1693,2414
5672316,470.98,315.15,462.02,320.25,376,1053,287,1117,1694,2411
5672318,472.1,314.025,462.18,319.65,387,1039,288,1111,1698,2404
5672320,471.94,313.95,461.94,320.4,386,1039,288,1119,1695,2408
5672322,471.7,313.65,462.02,320.175,383,1036,288,1117,1696,2405
5672324,471.94,313.275,461.94,320.1,386,1032,288,1116,1702,2410
5672326,472.26,314.175,462.18,320.025,390,1041,290,1115,1701,2411
5672328,471.94,313.875,462.02,320.4,387,1038,289,1119,1699,2406
5672330,472.02,314.625,462.1,320.1,389,1046,290,1116,1704,2406
5672332,472.02,314.55,462.5,320.775,389,1046,296,1123,1697,2405
5672334,471.86,314.55,462.02,319.8,387,1046,290,1113,1701,2407
5672336,472.34,314.325,462.18,320.25,393,1042,292,1117,1701,2407
5672338,471.38,314.475,462.26,320.925,383,1045,294,1125,1702,2411
5672340,471.38,314.925,462.02,319.725,384,1050,290,1112,1701,2407
5672342,470.98,313.575,462.02,320.325,378,1036,292,1118,1708,2408
5672344,471.06,314.475,462.5,319.875,380,1045,296,1113,1705,2409
5672346,471.14,312.675,462.26,320.25,379,1026,294,1117,1706,2408
5672348,470.9,313.425,461.78,321,378,1034,290,1126,1706,2408
5672350,471.38,313.5,462.02,319.875,383,1034,292,1113,1707,2406
5672352,471.14,313.575,461.94,320.925,381,1035,292,1125,1706,2415
5672354,470.82,313.8,462.58,320.25,378,1037,298,1117,1706,2408
5672356,470.66,312.375,461.7,319.8,375,1023,288,1112,1706,2405
5672358,470.34,311.925,461.94,319.8,371,1018,291,1112,1712,2410
5672360,470.9,312.6,461.86,320.1,378,1024,291,1115,1710,2407
5672362,470.58,312.525,461.86,319.2,374,1024,290,1106,1719,2408
5672364,470.02,312.3,461.62,320.175,369,1021,288,1116,1717,2404
5672366,470.26,312.075,461.94,319.875,371,1019,292,1112,1718,2409
5672368,470.74,311.475,461.86,319.725,375,1012,291,1110,1714,2408
5672370,469.86,311.625,461.7,319.875,366,1014,290,1112,1717,2410
5672372,470.26,311.25,461.78,320.1,371,1009,291,1114,1713,2407
5672374,469.94,311.1,461.54,319.425,367,1008,287,1107,1711,2406
5672376,470.26,310.875,461.54,319.875,371,1005,288,1112,1714,2407
5672378,470.1,311.025,460.82,319.725,369,1007,280,1111,1716,2404
5672380,469.86,311.55,461.3,319.725,367,1012,285,1110,1714,2404
5672382,469.86,311.325,461.46,320.025,367,1010,287,1113,1718,2410
5672384,469.94,312.75,461.46,319.8,369,1025,287,1110,1717,2409
5672386,470.42,311.7,461.62,319.5,373,1013,289,1106,1716,2406
5672388,470.1,312,461.54,320.025,370,1016,289,1112,1719,2402
5672390,470.02,311.85,461.46,320.1,369,1015,288,1113,1718,2408
5672392,469.22,312.15,461.62,319.575,361,1018,288,1107,1719,2404
5672394,469.3,312.375,461.94,320.475,361,1021,292,1116,1718,2405
5672396,469.62,312,461.86,320.325,365,1016,292,1114,1717,2408
5672398,468.82,312,461.54,319.95,357,1017,288,1110,1716,2407
5672400,469.38,312.6,461.78,320.4,363,1022,291,1115,1725,2407
5672402,469.78,311.925,461.78,320.175,366,1015,291,1113,1724,2409
5672404,469.38,311.475,461.62,319.65,362,1010,289,1107,1723,2401
5672406,469.3,311.55,461.78,319.875,361,1011,290,1110,1722,2402
5672408,469.3,311.55,461.86,320.25,361,1011,292,1113,1725,2406
5672410,469.46,311.25,462.02,319.95,363,1007,293,1109,1724,2401
5672412,469.46,312.075,461.78,320.4,363,1017,291,1114,1727,2405
5672414,470.02,310.425,461.54,319.875,367,997,288,1109,1725,2405
5672416,469.54,310.8,461.94,320.4,362,1002,292,1114,1726,2405
5672418,469.7,310.575,461.38,320.7,364,1000,287,1118,1722,2404
5672420,469.3,310.35,461.46,320.175,359,997,286,1112,1729,2406
5672422,469.3,310.575,461.46,321.15,359,1000,288,1123,1726,2403
5672424,469.06,310.575,461.78,321,357,1000,291,1120,1727,2405
5672426,469.46,309.975,461.46,320.55,360,992,287,1115,1730,2407
5672428,469.22,310.5,460.98,321.15,358,998,283,1123,1731,2406
5672430,469.3,310.5,461.46,320.85,359,998,287,1118,1726,2404
5672432,469.14,311.325,461.7,321,358,1007,290,1120,1733,2409
5672434,468.66,311.55,461.86,320.775,353,1010,291,1117,1735,2403
5672436,468.66,310.425,461.46,320.925,352,998,287,1119,1729,2402
5672438,468.74,310.95,461.7,320.85,353,1004,289,1118,1740,2405
5672440,468.9,311.775,461.22,321.15,356,1012,285,1122,1730,2403
5672442,468.66,311.025,461.7,321.3,353,1004,290,1123,1729,2399
5672444,469.38,310.575,461.3,321.3,359,998,286,1123,1735,2405
5672446,469.46,310.575,461.86,320.775,360,998,291,1116,1737,2402
5672448,469.46,311.625,462.1,321.375,362,1009,294,1122,1734,2406
5672450,468.9,312.075,462.34,321.225,356,1015,296,1120,1736,2402
5672452,469.62,311.4,462.34,321.975,362,1007,297,1129,1739,2401
5672454,469.06,311.475,462.02,321.825,357,1008,293,1127,1734,2404
5672456,468.9,312.15,462.42,322.125,356,1015,298,1130,1738,2403
5672458,468.34,312,462.42,320.7,349,1014,296,1115,1745,2407
5672460,469.06,311.325,462.1,321.225,357,1006,293,1120,1736,2409
5672462,469.54,311.4,462.42,321.3,361,1006,297,1121,1742,2405
5672464,469.54,310.95,462.26,320.775,362,1000,295,1115,1741,2405
5672466,469.3,310.425,462.42,320.775,358,995,296,1115,1739,2404
5672468,468.74,309.9,462.74,321.45,352,990,300,1121,1745,2402
5672470,469.22,309.525,462.58,320.475,357,986,298,1111,1741,2401
5672472,469.06,309.375,462.18,320.775,355,984,294,1115,1745,2406
5672474,469.86,308.625,462.1,320.25,362,975,293,1109,1742,2407
5672476,469.3,308.925,461.94,320.175,357,979,291,1108,1745,2400
5672478,469.14,308.775,462.1,319.875,355,977,293,1105,1741,2404
5672480,469.14,308.25,462.42,320.25,354,972,296,1109,1750,2406
5672482,468.98,308.55,462.42,320.1,354,975,296,1107,1746,2403
5672484,468.98,308.175,462.26,319.65,353,971,295,1102,1750,2397
5672486,469.06,307.575,462.9,320.175,353,964,301,1107,1749,2401
5672488,468.98,308.25,462.42,320.475,353,972,297,1111,1747,2403
5672490,469.06,308.025,462.58,319.95,354,969,299,1105,1748,2401
5672492,468.74,308.7,462.98,321.375,351,977,304,1120,1751,2400
5672494,468.58,309.75,463.3,321.225,351,988,307,1118,1747,2401
5672496,468.5,310.65,462.82,322.425,351,998,304,1132,1751,2403
5672498,468.9,310.575,462.98,322.95,355,997,306,1137,1746,2401
5672500,468.42,311.85,463.14,322.65,352,1011,307,1134,1749,2400
5672502,468.58,311.925,462.74,324.075,353,1013,305,1150,1746,2404
5672504,468.26,311.475,463.3,324.225,350,1008,311,1151,1749,2401
5672506,468.58,312,463.3,322.5,354,1013,309,1133,1749,2396
5672508,468.5,312.525,463.14,324.75,354,1020,310,1157,1749,2404
5672510,468.66,311.925,463.94,324.75,355,1013,319,1157,1746,2404
5672512,468.34,312.525,463.38,324.6,353,1020,313,1156,1745,2403
5672514,468.66,312.9,463.54,326.025,357,1024,316,1171,1746,2402
5672516,468.42,313.125,463.78,326.25,354,1027,319,1174,1752,2402
5672518,468.42,313.125,463.86,327.375,354,1027,321,1186,1745,2399
5672520,468.18,313.5,464.5,327.375,352,1031,328,1185,1745,2405
5672522,468.58,312.45,464.02,327.15,355,1020,323,1183,1745,2407
5672524,468.42,313.725,464.66,326.85,356,1034,329,1180,1742,2400
5672526,468.18,313.95,464.58,326.85,353,1036,329,1180,1746,2404
5672528,468.42,312.825,463.7,325.5,354,1024,318,1166,1744,2405
5672530,468.5,312.9,464.18,327.225,355,1025,324,1184,1747,2397
5672532,467.94,314.025,464.18,326.025,350,1038,323,1171,1742,2405
5672534,468.34,312.45,464.02,325.35,353,1021,321,1164,1749,2404
5672536,468.66,312.975,464.1,325.95,357,1026,322,1171,1746,2403
5672538,468.02,312.6,464.02,325.5,350,1022,321,1166,1751,2404
5672540,468.1,311.4,463.46,324.825,349,1008,314,1158,1752,2406
5672542,467.86,312.225,463.14,325.275,348,1018,311,1164,1747,2400
5672544,468.02,312.225,463.86,324.525,349,1017,318,1154,1752,2404
5672546,468.26,311.85,463.54,323.925,351,1013,314,1149,1747,2402
5672548,467.86,312.15,463.54,323.925,347,1016,314,1148,1751,2396
5672550,468.1,310.2,463.54,323.175,348,994,313,1140,1746,2403
5672552,468.18,311.025,464.02,323.175,349,1002,318,1138,1750,2400
5672554,468.02,311.4,463.7,322.125,348,1006,313,1127,1751,2402
5672556,467.94,310.95,463.38,323.025,346,1000,310,1136,1752,2406
5672558,468.02,311.7,463.7,321.75,347,1008,313,1122,1751,2404
5672560,468.1,310.95,463.3,322.8,347,998,308,1132,1753,2399
5672562,468.58,310.35,463.14,321.9,352,992,306,1122,1750,2404
5672564,468.5,310.875,462.82,324,351,996,304,1144,1749,2399
5672566,468.1,310.725,463.38,321.6,347,994,308,1117,1750,2406
5672568,468.18,311.175,463.38,322.725,347,998,308,1128,1749,2401
5672570,468.34,311.325,463.38,322.2,348,999,308,1122,1750,2403
5672572,468.18,310.35,463.7,322.125,345,987,311,1119,1751,2400
5672574,468.02,311.175,463.62,322.2,344,997,309,1120,1750,2407
5672576,468.5,311.025,464.26,322.8,349,992,317,1124,1748,2401
5672578,468.02,310.575,463.94,321.9,344,988,312,1115,1744,2403
5672580,468.26,310.35,463.3,321.675,346,983,305,1112,1751,2401
5672582,468.26,310.95,463.86,322.2,346,990,311,1116,1751,2403
5672584,468.02,310.875,464.02,321.9,343,987,312,1111,1748,2406
5672586,468.1,310.2,463.78,322.05,343,980,309,1113,1749,2406
5672588,468.5,310.725,463.94,322.8,347,984,312,1119,1744,2405
5672590,468.34,310.8,463.3,322.5,346,985,304,1116,1750,2401
5672592,468.34,310.8,463.7,322.875,345,984,309,1118,1751,2404
5672594,468.02,311.4,464.18,323.175,342,990,314,1121,1745,2406
5672596,468.02,311.625,463.46,323.325,342,991,306,1122,1745,2403
5672598,467.86,311.625,463.22,323.25,340,991,303,1122,1746,2404
5672600,468.18,312.15,463.54,324.6,344,995,308,1135,1743,2407
5672602,468.5,311.55,463.46,324.075,346,989,306,1129,1744,2405
5672604,468.18,312.45,463.38,324.3,343,998,305,1131,1747,2407
5672606,468.34,312.3,463.7,325.05,345,996,309,1139,1742,2411
5672608,467.94,312.75,463.54,323.85,341,1001,305,1125,1749,2404
5672610,468.26,312.225,463.3,323.925,343,995,304,1126,1743,2408
5672612,468.5,313.05,463.46,325.125,347,1003,306,1138,1749,2407
5672614,467.94,313.35,463.7,325.2,341,1006,309,1139,1745,2404
5672616,468.42,313.2,464.66,324.675,346,1003,318,1131,1741,2412
5672618,468.1,312.75,463.7,325.35,342,999,309,1140,1747,2408
5672620,468.18,313.275,464.02,325.125,344,1004,312,1137,1745,2413
5672622,468.02,313.875,463.94,324.9,342,1011,310,1134,1744,2408
5672624,468.1,313.425,464.02,325.575,343,1006,312,1142,1745,2417
5672626,468.74,312.975,464.26,325.35,348,1001,314,1139,1744,2414
5672628,468.74,314.025,464.5,325.8,350,1012,318,1144,1744,2406
5672630,468.5,314.175,464.74,325.575,347,1014,319,1142,1744,2416
5672632,468.66,314.4,464.9,326.325,349,1017,322,1149,1746,2414
5672634,468.9,313.575,465.14,325.35,351,1007,324,1139,1743,2413
5672636,468.9,314.85,465.38,325.95,353,1022,327,1145,1742,2416
5672638,469.06,314.625,465.7,325.5,354,1019,330,1140,1740,2412
5672640,469.22,314.775,465.06,325.125,356,1021,323,1137,1741,2417
5672642,468.98,314.55,465.22,324.825,354,1019,325,1134,1739,2418
5672644,468.74,315,465.46,325.35,352,1025,329,1140,1744,2422
5672646,468.58,314.55,465.3,324.6,350,1020,326,1132,1743,2419
5672648,469.14,315.075,464.98,326.175,357,1026,325,1150,1742,2420
5672650,468.42,315.45,465.3,325.95,350,1030,328,1147,1737,2423
5672652,468.18,315.825,465.46,325.8,349,1036,330,1147,1740,2426
5672654,468.9,315.525,465.46,326.55,356,1032,331,1154,1740,2426
5672656,468.82,315.45,465.46,325.875,355,1032,331,1148,1738,2416
5672658,468.1,316.65,464.98,325.2,349,1045,325,1142,1737,2430
5672660,468.58,315.75,464.82,325.875,354,1036,324,1150,1737,2424
5672662,468.5,315.975,465.38,325.875,353,1039,330,1149,1735,2425
5672664,468.66,315.825,465.7,326.325,355,1038,335,1155,1734,2424
5672666,468.9,316.2,465.38,326.7,358,1042,332,1159,1736,2426
5672668,469.06,315.375,465.46,326.775,359,1033,333,1160,1733,2427
5672670,468.9,316.8,465.7,325.5,359,1049,334,1146,1734,2428
5672672,468.9,316.2,466.02,326.625,360,1044,340,1159,1733,2427
5672674,468.42,316.2,465.78,325.65,355,1044,337,1149,1735,2428
5672676,468.98,315.9,465.46,326.4,361,1041,334,1158,1731,2428
5672678,468.9,316.8,465.38,326.175,361,1050,334,1156,1730,2427
5672680,469.14,316.575,465.22,326.85,365,1048,334,1164,1729,2427
5672682,468.9,316.725,465.22,326.7,362,1050,333,1163,1730,2434
5672684,469.38,316.95,465.22,327.075,368,1053,334,1167,1727,2431
5672686,468.5,317.175,465.3,327,359,1056,335,1166,1729,2430
5672688,469.06,317.1,465.06,327.15,365,1055,333,1168,1731,2435
5672690,468.82,316.65,464.82,326.175,362,1051,330,1158,1731,2430
5672692,468.9,316.65,464.9,325.8,364,1051,331,1154,1728,2435
5672694,469.06,315.975,465.22,325.05,365,1044,333,1146,1729,2435
5672696,468.66,317.325,465.06,325.65,362,1059,333,1153,1728,2434
5672698,468.82,316.5,465.14,324.75,363,1050,333,1143,1732,2431
5672700,469.06,315.6,464.74,323.925,365,1039,329,1134,1731,2433
5672702,468.98,315.15,465.06,324.6,364,1034,332,1141,1735,2435
5672704,469.38,314.55,464.5,323.7,368,1027,326,1131,1730,2432
5672706,469.22,314.85,464.66,323.7,367,1031,328,1132,1734,2433
5672708,469.38,314.325,464.42,324.075,368,1024,326,1135,1735,2433
5672710,469.14,314.325,464.18,323.025,366,1025,323,1124,1733,2436
5672712,469.22,314.1,464.18,322.65,367,1022,323,1120,1732,2432
5672714,469.06,314.625,464.26,323.025,365,1028,324,1123,1733,2431
5672716,469.14,314.625,464.5,323.25,367,1026,327,1125,1730,2433
5672718,468.42,315.075,464.02,322.425,360,1033,321,1116,1732,2437
5672720,468.74,314.475,464.02,322.875,362,1025,321,1121,1737,2433
5672722,468.82,314.175,463.86,322.5,363,1021,319,1117,1734,2431
5672724,468.34,314.1,463.7,323.025,357,1020,318,1122,1734,2433
5672726,468.66,314.175,463.78,322.8,361,1020,319,1118,1732,2434
5672728,468.02,315,463.86,323.55,355,1029,320,1126,1736,2431
5672730,468.02,313.875,463.7,323.325,354,1016,318,1124,1730,2433
5672732,468.82,313.8,463.22,323.175,362,1014,313,1122,1732,2438
5672734,467.94,315,463.7,323.55,354,1028,318,1125,1736,2436
5672736,468.42,315,463.78,323.25,359,1026,319,1120,1735,2439
5672738,468.66,314.175,463.54,323.025,361,1017,316,1118,1728,2439
5672740,468.5,315.675,463.78,323.925,361,1032,319,1126,1733,2438
5672742,468.74,315.6,463.46,323.85,363,1031,316,1126,1730,2440
5672744,468.26,316.425,463.38,323.85,359,1040,315,1125,1730,2437
5672746,468.82,315.075,463.7,323.025,364,1025,317,1116,1733,2438
5672748,468.74,315.3,463.7,323.4,363,1026,318,1119,1733,2440
5672750,468.82,316.05,463.86,323.325,364,1035,319,1118,1732,2440
5672752,469.06,315.375,464.1,323.175,365,1027,321,1116,1730,2438
5672754,469.14,315.375,464.1,323.7,367,1026,322,1121,1732,2440
5672756,469.54,315.975,464.26,324.375,371,1031,325,1128,1733,2438
5672758,469.46,315.525,464.34,323.625,370,1027,324,1120,1733,2440
5672760,469.7,315.6,464.82,324.45,372,1027,330,1128,1733,2441
5672762,469.7,316.125,464.66,324.3,373,1032,329,1126,1729,2442
5672764,470.02,315.375,464.26,323.625,375,1024,324,1119,1728,2440
5672766,470.02,315.225,464.26,323.55,376,1022,324,1118,1729,2439
5672768,470.18,315.9,464.74,324.45,378,1029,329,1128,1726,2441
5672770,469.7,315,464.42,324.075,372,1020,326,1123,1730,2441
5672772,469.78,316.2,464.34,324.075,374,1033,325,1124,1732,2442
5672774,469.94,315.825,464.74,323.925,375,1029,329,1122,1728,2441
5672776,470.58,316.05,464.5,323.85,382,1030,326,1121,1728,2440
5672778,470.58,315.825,464.58,325.2,382,1028,328,1135,1727,2443
5672780,469.94,317.025,464.42,324.975,376,1041,326,1134,1725,2448
5672782,469.86,316.875,464.58,324.675,375,1040,327,1130,1725,2446
5672784,470.02,317.4,464.82,325.95,377,1045,331,1144,1729,2445
5672786,471.06,316.875,465.3,325.35,387,1039,335,1136,1724,2448
5672788,470.42,317.475,465.38,325.35,381,1047,336,1137,1727,2447
5672790,471.94,316.2,465.3,324.375,395,1031,334,1127,1726,2445
5672792,471.14,317.55,464.98,323.25,388,1047,329,1115,1729,2438
5672794,471.78,316.2,465.14,323.025,394,1032,331,1112,1730,2441
5672796,471.14,315.6,464.34,322.95,385,1026,322,1113,1727,2442
5672798,470.34,316.575,463.94,322.725,378,1037,318,1111,1728,2444
5672800,470.18,316.2,463.86,323.025,376,1035,317,1115,1729,2439
5672802,469.94,316.275,463.22,322.875,373,1035,310,1114,1728,2442
5672804,469.94,317.625,462.66,324,374,1050,305,1127,1724,2446
5672806,469.14,317.4,462.98,322.8,366,1049,306,1114,1729,2446
5672808,468.9,317.7,461.78,323.775,363,1053,294,1126,1732,2452
5672810,468.5,317.325,462.5,322.8,358,1049,300,1115,1732,2446
5672812,468.26,317.4,462.5,322.35,355,1051,300,1111,1731,2445
5672814,468.26,316.95,462.02,322.65,354,1046,294,1114,1731,2447
5672816,468.82,317.25,461.78,323.025,359,1049,292,1119,1725,2446
5672818,467.94,317.1,461.78,323.175,350,1048,292,1121,1735,2446
5672820,467.62,317.325,461.7,323.025,346,1051,290,1119,1733,2447
5672822,468.18,317.325,461.46,322.35,352,1051,286,1112,1734,2448
5672824,467.86,318.075,461.38,322.8,348,1059,285,1118,1736,2449
5672826,467.86,317.025,461.38,322.425,348,1048,285,1114,1733,2448
5672828,467.86,316.65,461.62,322.5,346,1044,286,1114,1736,2445
5672830,467.62,316.8,460.34,322.35,344,1046,272,1115,1732,2449
5672832,467.78,316.725,461.3,321.825,344,1045,281,1108,1735,2449
5672834,467.46,316.35,460.9,322.275,340,1042,277,1113,1737,2451
5672836,468.1,316.575,459.7,321.75,346,1044,263,1109,1731,2449
5672838,467.94,316.575,460.5,321.9,345,1043,272,1110,1736,2452
5672840,467.7,315.525,460.18,321.825,339,1032,267,1109,1736,2448
5672842,467.86,316.35,460.26,322.425,342,1041,269,1116,1736,2449
5672844,467.3,317.25,460.66,321.75,336,1051,271,1108,1736,2448
5672846,467.86,316.275,460.58,321.9,341,1040,270,1109,1737,2445
5672848,467.62,315.9,460.1,322.275,336,1036,265,1114,1737,2450
5672850,467.62,315.6,460.26,321.9,336,1033,265,1109,1738,2448
5672852,468.02,316.125,460.02,322.05,340,1038,262,1111,1738,2447
5672854,467.22,316.575,460.18,321.375,332,1044,263,1104,1740,2449
5672856,467.78,316.35,460.66,321.825,337,1041,267,1108,1737,2446
5672858,467.86,317.025,460.02,321.75,338,1048,261,1108,1737,2447
5672860,467.78,317.1,460.9,321.3,336,1048,268,1102,1738,2450
5672862,468.1,316.125,460.66,321.975,339,1037,267,1109,1736,2449
5672864,467.78,316.575,460.66,321.75,335,1042,265,1106,1739,2446
5672866,468.42,316.5,460.9,321.075,341,1040,267,1098,1737,2448
5672868,468.26,316.275,460.5,321.675,339,1038,263,1105,1739,2450
5672870,467.94,316.575,461.46,321.825,335,1041,273,1105,1741,2445
5672872,468.58,316.125,460.82,321.6,341,1035,265,1103,1737,2451
5672874,468.18,316.275,460.5,321.825,337,1037,262,1106,1741,2445
5672876,469.14,316.125,460.9,322.125,346,1034,266,1108,1739,2449
5672878,468.18,317.025,461.86,321.075,337,1045,275,1095,1739,2449
5672880,468.66,315.9,461.86,321.375,341,1031,275,1098,1739,2449
5672882,468.66,316.8,461.62,321.825,342,1041,273,1103,1736,2444
5672884,468.82,316.725,461.94,321.15,343,1039,275,1095,1741,2447
5672886,468.82,316.275,462.42,321.45,343,1035,281,1097,1740,2446
5672888,468.98,317.325,462.58,321.975,346,1045,283,1103,1739,2444
5672890,469.3,316.275,462.42,321.6,347,1034,281,1099,1739,2446
5672892,469.38,316.05,462.82,321.9,348,1030,285,1101,1739,2445
5672894,469.46,316.725,462.5,321.75,350,1037,282,1099,1740,2448
5672896,469.86,315.9,462.66,321.75,353,1027,284,1098,1740,2447
5672898,469.62,315.525,463.06,321.075,350,1023,288,1090,1740,2445
5672900,468.82,316.95,462.98,321.75,344,1038,287,1097,1742,2442
5672902,469.54,316.425,462.98,321.6,351,1033,288,1096,1744,2447
5672904,469.86,315.75,463.38,321.225,354,1024,292,1090,1742,2448
5672906,469.62,316.35,463.14,321.525,352,1031,289,1094,1743,2448
5672908,469.7,316.2,464.1,322.125,354,1029,301,1099,1743,2445
5672910,470.1,315.975,463.54,321.825,358,1025,295,1096,1742,2444
5672912,470.5,316.575,463.7,321.825,363,1031,297,1095,1745,2446
5672914,470.02,316.95,464.58,321.675,359,1035,306,1092,1746,2442
5672916,470.9,316.8,464.26,321.825,369,1032,304,1094,1745,2438
5672918,470.9,315.975,464.42,322.575,368,1023,307,1101,1745,2440
5672920,471.86,316.35,464.42,322.8,380,1026,308,1104,1746,2441
5672922,471.54,316.5,464.66,322.125,376,1028,310,1096,1748,2442
5672924,472.34,316.125,464.5,323.1,385,1023,310,1106,1747,2438
5672926,471.94,317.1,465.06,322.65,381,1033,315,1101,1746,2444
5672928,472.26,316.95,465.62,322.65,386,1031,322,1100,1744,2440
5672930,473.06,315.9,464.66,323.025,393,1019,312,1105,1745,2440
5672932,472.34,317.55,465.46,322.725,388,1037,322,1100,1744,2440
5672934,472.34,316.725,465.54,322.8,388,1028,322,1101,1746,2442
5672936,472.98,316.725,464.9,323.325,395,1027,317,1107,1745,2438
5672938,473.06,316.575,465.54,323.175,396,1025,324,1105,1748,2439
5672940,472.74,317.175,465.86,322.95,394,1031,328,1102,1748,2437
5672942,472.66,316.8,465.7,322.575,392,1028,326,1098,1747,2438
5672944,473.06,316.725,466.18,323.775,398,1026,333,1110,1748,2441
5672946,473.54,316.275,465.54,323.55,402,1021,326,1108,1750,2440
5672948,472.9,317.625,465.7,322.875,398,1036,328,1101,1749,2435
5672950,473.38,317.625,465.78,322.875,403,1035,328,1101,1746,2436
5672952,472.9,317.1,465.7,323.325,399,1030,329,1105,1751,2437
5672954,472.66,316.425,465.62,322.95,395,1023,328,1101,1745,2439
5672956,473.14,316.725,465.54,323.85,401,1026,329,1111,1749,2438
5672958,473.06,316.05,465.54,322.275,400,1019,327,1094,1747,2435
5672960,473.22,316.275,465.3,323.175,402,1020,326,1103,1747,2432
5672962,472.26,316.575,465.3,323.1,393,1024,326,1103,1747,2436
5672964,472.9,315.825,465.14,323.325,399,1016,326,1105,1749,2435
5672966,472.66,316.575,465.7,323.325,397,1024,331,1105,1746,2434
5672968,471.94,315.975,465.38,323.175,390,1018,328,1103,1748,2433
5672970,472.5,316.725,465.22,323.475,396,1026,327,1107,1748,2433
5672972,472.26,316.35,465.46,323.625,393,1022,330,1108,1748,2429
5672974,470.9,316.35,465.22,323.475,380,1023,327,1106,1747,2431
5672976,471.78,316.425,465.06,323.4,389,1023,325,1106,1745,2436
5672978,470.9,315.975,465.06,323.7,379,1019,326,1109,1748,2432
5672980,471.14,317.1,465.14,323.55,383,1031,327,1107,1749,2431
5672982,471.46,315.675,464.66,324,385,1015,322,1113,1748,2428
5672984,471.22,316.275,465.06,324.3,383,1022,326,1116,1745,2427
5672986,470.34,316.05,464.82,322.8,373,1021,322,1099,1748,2426
5672988,470.42,316.275,464.1,324.225,374,1023,316,1116,1747,2430
5672990,470.42,316.425,464.26,323.775,375,1024,317,1110,1747,2426
5672992,470.18,316.2,464.42,324.45,371,1022,319,1118,1747,2428
5672994,470.5,315.75,463.94,323.7,374,1016,314,1110,1743,2425
5672996,469.78,316.575,464.5,324.075,367,1026,319,1114,1746,2427
5672998,469.78,315.675,464.26,323.775,366,1017,316,1110,1745,2428
5673000,470.1,316.275,463.94,324.375,369,1023,313,1117,1748,2426
5673002,470.1,316.725,464.02,324.075,370,1027,314,1113,1744,2424
5673004,469.54,315.6,463.62,322.8,363,1015,307,1100,1745,2421
5673006,470.1,315.225,463.7,323.475,368,1011,309,1107,1745,2423
5673008,469.94,316.425,464.02,323.7,367,1024,312,1109,1746,2426
5673010,469.62,315.675,463.86,322.35,362,1017,309,1095,1747,2420
5673012,469.3,316.8,463.78,323.475,359,1029,309,1107,1742,2425
5673014,469.38,316.575,463.38,323.1,360,1026,304,1104,1743,2418
5673016,469.54,317.025,463.38,323.325,361,1030,304,1106,1742,2423
5673018,468.98,315.825,463.3,323.7,355,1019,303,1109,1741,2420
5673020,469.62,316.275,463.46,323.25,360,1023,303,1105,1746,2424
5673022,469.3,316.875,463.78,323.7,358,1030,307,1110,1741,2422
5673024,469.22,316.5,463.7,324,356,1026,306,1113,1743,2420
5673026,469.38,316.275,463.38,323.4,357,1023,302,1106,1744,2427
5673028,469.3,316.425,463.62,324.15,356,1025,305,1114,1744,2419
5673030,469.7,315.75,463.54,323.4,360,1017,302,1106,1740,2418
5673032,469.22,316.05,463.46,323.85,355,1020,302,1111,1740,2422
5673034,469.46,315.975,463.94,323.55,357,1019,306,1108,1742,2418
5673036,469.46,316.95,464.02,323.925,358,1030,307,1111,1740,2420
5673038,469.62,316.275,463.54,322.95,358,1023,301,1102,1742,2416
5673040,469.78,317.175,464.02,323.7,360,1032,306,1109,1739,2421
5673042,469.14,317.4,464.02,323.4,354,1035,307,1105,1742,2417
5673044,469.38,317.175,463.7,323.4,357,1033,303,1106,1743,2420
5673046,470.26,318.075,463.86,324,366,1041,305,1112,1752,2420
5673048,469.78,317.85,463.86,324.225,361,1040,305,1115,1748,2421
5673050,470.66,318.525,464.26,324.975,371,1046,311,1123,1749,2419
5673052,470.18,317.4,464.66,324.75,365,1035,314,1120,1748,2417
5673054,470.66,316.575,464.42,324.075,369,1025,311,1113,1742,2417
5673056,470.42,316.575,464.5,325.05,366,1026,313,1124,1746,2415
5673058,470.82,316.2,464.66,324.3,371,1021,314,1115,1745,2419
5673060,471.7,317.325,464.98,324.675,381,1032,318,1119,1749,2418
5673062,471.78,317.625,464.74,324.45,382,1036,315,1117,1741,2417
5673064,471.7,317.7,464.66,324,382,1036,314,1112,1740,2415
5673066,472.26,317.925,465.22,325.2,388,1038,322,1125,1743,2418
5673068,472.1,318.45,464.98,325.125,388,1044,319,1124,1740,2417
5673070,472.98,316.8,465.06,324.975,395,1026,320,1122,1739,2418
5673072,472.9,317.625,464.98,325.95,396,1034,321,1133,1742,2420
5673074,472.66,318.075,465.78,325.2,394,1040,329,1124,1741,2409
5673076,472.9,317.775,465.54,324.825,396,1036,326,1120,1741,2415
5673078,473.78,316.2,465.22,324.9,404,1018,323,1121,1734,2419
5673080,473.38,318.3,465.94,326.025,403,1041,332,1133,1736,2415
5673082,473.3,317.1,465.62,324.825,401,1029,328,1120,1738,2415
5673084,473.14,316.8,465.54,325.575,400,1026,329,1129,1740,2415
5673086,473.14,317.625,465.54,325.65,400,1034,329,1129,1738,2412
5673088,473.22,317.25,465.46,324.45,402,1030,327,1117,1738,2412
5673090,473.7,317.1,465.38,324.525,407,1028,327,1118,1741,2413
5673092,473.46,317.25,465.46,325.275,405,1031,329,1126,1734,2414
5673094,473.62,316.65,465.3,324.525,406,1023,327,1118,1736,2411
5673096,473.38,316.2,465.14,324.45,404,1019,326,1117,1739,2411
5673098,474.02,317.1,465.38,325.65,411,1028,329,1130,1738,2411
5673100,473.78,316.35,465.7,324.15,409,1020,332,1113,1740,2410
5673102,474.02,315.675,464.5,324.675,411,1013,320,1120,1739,2415
5673104,474.18,316.575,465.14,324.525,414,1022,327,1117,1744,2408
5673106,473.78,316.05,465.38,323.55,410,1016,329,1106,1736,2408
5673108,473.62,315.75,464.9,324.375,409,1013,326,1116,1737,2404
5673110,473.62,315.75,464.98,324.45,409,1013,327,1117,1736,2410
5673112,473.78,315.9,464.42,324,412,1014,322,1112,1738,2405
5673114,473.86,315.675,464.82,324.6,412,1012,327,1118,1734,2404
5673116,473.78,315.15,465.06,323.325,412,1006,329,1104,1738,2402
5673118,474.34,315.45,464.9,323.775,418,1008,327,1109,1744,2410
5673120,473.78,315.825,464.34,323.4,414,1013,322,1105,1741,2398
5673122,473.86,315,464.58,323.025,414,1003,324,1100,1740,2399
5673124,473.62,315.45,464.66,324.525,413,1009,328,1116,1736,2403
5673126,474.1,315.225,464.26,323.175,418,1006,322,1102,1736,2403
5673128,473.46,316.2,463.94,323.625,413,1016,320,1107,1741,2405
5673130,473.94,315.225,464.5,323.55,417,1005,326,1105,1740,2404
5673132,473.78,315.375,464.34,323.775,416,1007,325,1108,1731,2401
5673134,474.26,314.475,464.34,322.95,420,997,324,1099,1736,2400
5673136,473.54,315.9,464.42,324.075,415,1013,327,1110,1742,2397
5673138,473.62,316.35,464.34,324.45,416,1017,327,1114,1739,2398
5673140,473.54,316.05,463.94,324.15,416,1014,322,1112,1740,2400
5673142,473.38,316.425,464.5,324.825,414,1018,330,1118,1740,2401
5673144,473.3,317.25,463.78,324.975,414,1026,322,1120,1731,2400
5673146,473.7,316.35,464.74,325.05,418,1016,332,1120,1740,2403
5673148,473.54,316.875,464.5,325.05,417,1022,330,1120,1745,2400
5673150,473.86,317.775,464.66,325.2,422,1031,332,1122,1742,2397
5673152,473.94,318.9,464.82,325.275,424,1043,334,1122,1741,2398
5673154,474.58,317.475,465.14,325.65,429,1028,338,1126,1737,2396
5673156,476.42,317.25,465.94,325.35,448,1023,347,1122,1732,2396
5673158,477.14,317.4,466.42,324.675,456,1023,351,1113,1733,2396
5673160,477.86,317.175,466.66,324.3,463,1020,353,1110,1730,2390
5673162,478.18,316.8,466.26,324.225,466,1016,348,1109,1729,2394
5673164,478.02,317.4,466.02,324.375,465,1022,347,1111,1729,2392
5673166,478.26,315.3,466.1,323.4,465,1000,346,1100,1726,2389
5673168,477.46,316.65,465.46,323.55,459,1015,340,1103,1728,2391
5673170,477.78,315.9,465.22,323.625,461,1007,337,1104,1727,2389
5673172,477.22,315.6,464.74,323.55,455,1005,332,1104,1729,2390
5673174,476.42,316.425,464.9,323.325,447,1014,333,1101,1730,2388
5673176,476.9,315,464.66,324.375,451,998,332,1113,1723,2389
5673178,476.42,315.75,464.58,323.1,446,1007,330,1099,1727,2388
5673180,476.1,314.925,464.42,323.475,441,999,328,1104,1732,2389
5673182,476.66,315.3,464.82,324.375,448,1002,333,1113,1729,2387
5673184,476.74,316.425,464.98,323.85,450,1014,334,1108,1725,2387
5673186,477.06,315.6,464.74,323.7,452,1005,331,1106,1725,2387
5673188,476.82,316.725,464.66,324.75,450,1018,331,1118,1727,2389
5673190,477.3,316.5,465.14,324.3,454,1015,335,1112,1724,2386
5673192,476.9,315.6,464.34,323.925,449,1006,326,1109,1730,2385
5673194,476.74,315.375,464.82,324.15,447,1003,331,1112,1726,2385
5673196,477.3,315.3,464.82,323.775,453,1002,330,1107,1726,2387
5673198,476.66,314.475,464.5,323.25,445,994,326,1102,1731,2383
5673200,477.14,315.15,464.66,324.675,450,1001,329,1117,1729,2385
5673202,477.14,314.1,464.82,323.55,449,989,329,1105,1731,2382
5673204,477.06,312.975,464.58,323.475,446,978,326,1104,1729,2380
5673206,476.58,313.5,463.78,323.475,441,984,317,1106,1731,2380
5673208,476.66,312.825,464.5,323.1,441,976,324,1100,1735,2382
5673210,476.9,311.1,464.5,323.025,442,957,324,1099,1729,2381
5673212,476.74,312.375,464.26,323.175,441,971,321,1101,1727,2383
5673214,477.06,311.475,464.18,322.65,444,961,319,1096,1731,2377
5673216,477.14,311.475,464.5,323.25,444,961,323,1102,1730,2376
5673218,476.66,311.625,464.42,321.825,439,963,321,1087,1731,2376
5673220,476.42,312.375,463.94,323.325,437,971,317,1103,1731,2377
5673222,477.22,311.025,464.02,322.8,444,955,317,1097,1727,2380
5673224,477.22,311.775,464.58,323.325,444,964,323,1102,1731,2374
5673226,476.42,312,464.18,323.325,436,967,319,1102,1734,2374
5673228,476.98,311.925,464.42,323.55,442,965,321,1104,1727,2372
5673230,476.9,311.625,464.42,323.7,441,962,321,1106,1731,2372
5673232,476.82,313.2,464.66,324.3,441,978,324,1112,1733,2370
5673234,476.58,312.525,464.42,324.15,438,971,322,1110,1725,2374
5673236,476.66,313.65,464.74,324.75,440,983,326,1116,1732,2374
5673238,476.42,313.875,465.38,324.15,437,986,332,1109,1733,2372
5673240,476.74,313.95,465.3,325.95,441,986,333,1128,1729,2364
5673242,477.3,314.1,465.38,324.9,447,987,333,1116,1731,2366
5673244,477.3,314.1,465.62,325.275,447,986,336,1119,1727,2369
5673246,477.54,312.825,465.7,324.525,448,973,335,1112,1728,2368
5673248,477.7,314.85,465.62,325.425,452,993,336,1121,1727,2366
5673250,477.62,314.475,466.1,324.375,451,989,340,1109,1727,2368
5673252,477.54,314.1,465.7,323.7,450,984,335,1101,1728,2365
5673254,478.1,313.575,466.1,324.75,455,978,340,1112,1731,2365
5673256,477.78,313.575,465.86,324.3,451,978,337,1107,1729,2365
5673258,478.5,313.275,466.5,324.45,458,974,344,1108,1728,2364
5673260,478.02,313.725,466.98,324.975,454,978,349,1112,1730,2362
5673262,478.1,312.825,466.5,324.525,453,969,344,1108,1727,2365
5673264,478.26,312.45,466.66,324.9,455,963,346,1111,1731,2364
5673266,477.86,313.35,467.06,324.675,452,973,350,1108,1734,2360
5673268,478.18,311.7,466.74,324.3,454,954,347,1103,1724,2365
5673270,478.18,312.3,466.58,324.525,454,961,345,1106,1732,2364
5673272,477.94,311.85,467.14,325.125,452,955,352,1110,1732,2356
5673274,478.58,312,466.82,324.975,459,956,349,1109,1728,2361
5673276,477.94,312.375,466.5,325.125,453,960,346,1110,1732,2361
5673278,477.86,312.975,467.22,325.125,453,967,353,1109,1732,2358
5673280,478.1,312.6,466.66,325.05,455,961,348,1108,1734,2360
5673282,477.86,312.15,466.82,325.275,452,957,350,1110,1732,2358
5673284,477.78,313.275,467.3,325.95,453,968,355,1116,1732,2353
5673286,477.78,312.6,466.82,325.725,452,961,351,1115,1731,2354
5673288,477.3,312.375,466.26,325.875,447,958,345,1116,1729,2352
5673290,477.62,312.825,467.54,327.15,451,962,359,1128,1728,2352
5673292,476.74,313.125,466.9,325.575,442,965,352,1111,1728,2354
5673294,477.14,312.375,466.58,326.7,446,957,350,1123,1730,2353
5673296,477.22,313.8,466.66,327.075,448,971,351,1127,1728,2347
5673298,476.98,313.425,466.5,326.925,445,967,349,1124,1724,2349
5673300,477.3,314.55,466.42,327.675,450,978,349,1132,1728,2345
5673302,477.38,314.85,466.66,326.625,450,981,350,1121,1731,2343
5673304,477.14,314.4,466.5,326.775,448,976,349,1121,1725,2346
5673306,477.7,312.525,466.58,327.45,452,955,350,1129,1731,2341
5673308,476.98,314.025,465.94,327.75,446,972,344,1132,1731,2339
5673310,477.06,313.65,466.42,327.3,447,968,349,1127,1724,2342
5673312,477.14,314.55,466.5,327.375,448,976,350,1127,1729,2340
5673314,476.66,314.85,466.42,327.225,443,981,349,1125,1728,2345
5673316,476.42,313.575,466.5,327.9,439,966,350,1132,1731,2342
5673318,477.06,312.6,466.66,327.9,445,956,352,1132,1733,2339
5673320,477.06,313.8,466.66,327.975,446,968,351,1132,1731,2339
5673322,477.22,313.5,466.26,327.9,448,965,347,1132,1731,2339
5673324,476.98,313.5,466.74,328.05,445,965,352,1133,1727,2339
5673326,476.9,313.275,466.5,327.75,444,962,349,1130,1727,2339
5673328,476.42,313.5,466.58,328.425,439,965,350,1137,1731,2341
5673330,476.42,314.625,466.18,328.05,440,977,346,1134,1723,2335
5673332,477.14,313.95,466.18,327.9,446,969,346,1132,1727,2333
5673334,475.86,313.65,465.78,328.35,432,967,342,1137,1730,2331
5673336,476.74,313.8,466.18,329.025,442,968,346,1144,1729,2333
5673338,476.42,312.975,466.02,328.725,437,959,345,1141,1726,2334
5673340,476.26,314.25,465.62,328.425,437,974,340,1138,1726,2333
5673342,476.18,314.1,465.78,328.725,436,972,342,1142,1730,2334
5673344,476.18,313.125,466.18,328.5,435,961,346,1139,1731,2335
5673346,475.62,313.2,465.94,328.35,429,963,343,1138,1728,2331
5673348,476.34,313.95,466.34,328.875,437,971,347,1143,1730,2326
5673350,476.26,314.325,465.78,328.575,436,975,341,1140,1729,2332
5673352,475.86,314.175,465.94,329.175,432,974,343,1147,1724,2328
5673354,476.42,314.625,466.02,328.95,439,979,344,1144,1727,2324
5673356,475.94,315.45,466.02,329.25,434,988,344,1148,1726,2325
5673358,476.26,315.075,465.7,328.5,437,984,340,1141,1729,2327
5673360,476.18,315.15,466.58,329.25,437,985,350,1149,1728,2322
5673362,476.5,315.225,466.66,329.25,440,986,351,1148,1726,2327
5673364,476.58,315.6,466.66,329.175,440,991,351,1149,1723,2326
5673366,476.18,315.225,466.42,329.4,436,988,348,1151,1726,2324
5673368,477.06,316.125,466.34,329.475,446,997,347,1153,1726,2323
5673370,476.66,315.975,466.26,329.55,442,996,346,1153,1725,2322
5673372,476.18,316.125,465.94,329.85,437,999,343,1158,1722,2323
5673374,476.34,316.05,466.66,329.475,438,998,350,1154,1726,2325
5673376,476.34,316.275,466.1,329.55,438,1001,344,1157,1726,2325
5673378,476.58,316.575,466.5,329.775,440,1004,348,1158,1725,2323
5673380,476.18,317.325,466.34,330.15,437,1014,347,1163,1724,2325
5673382,476.5,316.65,466.26,329.925,440,1007,345,1161,1723,2322
5673384,476.1,316.425,465.62,329.1,435,1006,338,1154,1723,2321
5673386,475.86,316.95,466.02,329.7,433,1012,343,1161,1725,2322
5673388,476.02,316.95,465.54,329.7,435,1013,337,1163,1725,2320
5673390,476.18,316.125,466.02,329.775,435,1004,342,1163,1722,2322
5673392,475.78,318.375,466.02,330.3,433,1031,342,1170,1722,2322
5673394,475.14,318.075,465.62,330.675,426,1028,339,1174,1717,2323
5673396,475.38,316.875,465.78,330.375,427,1016,340,1172,1719,2315
5673398,475.38,317.925,465.54,330.375,428,1028,338,1173,1724,2323
5673400,475.38,317.325,465.54,330.375,427,1022,337,1174,1723,2318
5673402,475.7,317.325,465.62,330,430,1023,337,1170,1724,2318
5673404,474.66,317.775,465.38,330.075,420,1030,335,1173,1719,2317
5673406,475.94,317.175,464.82,330.45,432,1022,329,1177,1723,2317
5673408,475.06,317.775,465.06,330.45,424,1031,331,1178,1725,2313
5673410,474.9,318.075,464.82,330.825,422,1034,329,1183,1725,2314
5673412,474.42,318,464.74,330.975,416,1035,328,1186,1723,2318
5673414,475.3,317.625,464.9,330.75,425,1030,330,1183,1721,2315
5673416,474.9,318.375,464.66,330.75,422,1040,327,1185,1722,2314
5673418,474.98,319.05,464.34,330.375,423,1047,323,1181,1719,2312
5673420,474.66,319.35,464.74,330.6,420,1053,327,1184,1721,2313
5673422,474.26,318.525,464.18,331.125,415,1044,322,1190,1727,2311
5673424,473.62,319.2,464.34,330.9,408,1053,323,1189,1724,2310
5673426,472.74,318.6,463.78,331.425,399,1047,317,1195,1722,2313
5673428,471.38,319.05,463.06,330.3,384,1054,309,1185,1723,2311
5673430,470.98,319.2,461.86,330.45,380,1056,296,1188,1719,2313
5673432,470.98,318.75,461.7,330.675,379,1052,293,1191,1722,2315
5673434,469.86,317.55,460.74,329.25,367,1040,282,1177,1720,2312
5673436,470.26,318,460.42,328.8,370,1045,278,1172,1720,2317
5673438,470.1,317.475,460.18,328.95,368,1040,275,1174,1718,2314
5673440,470.18,316.2,460.34,328.65,367,1026,276,1172,1725,2314
5673442,470.74,316.35,460.82,327.975,373,1027,280,1163,1722,2312
5673444,471.78,316.725,460.9,327.375,384,1030,280,1157,1721,2314
5673446,472.82,315.3,460.9,327.45,393,1013,281,1157,1729,2317
5673448,472.66,314.325,461.38,328.05,390,1003,285,1164,1731,2313
5673450,472.98,313.275,461.06,327.45,392,991,282,1157,1728,2313
5673452,473.22,314.175,460.9,327.675,395,1000,279,1159,1728,2316
5673454,471.86,312.525,460.5,328.2,379,984,276,1165,1722,2313
5673456,471.46,312.9,460.82,327.525,375,987,278,1157,1732,2315
5673458,471.94,312.525,460.58,327.75,379,983,275,1160,1726,2313
5673460,471.3,312.675,460.9,327.525,372,984,278,1156,1725,2314
5673462,471.46,312.075,460.74,327.15,373,977,276,1152,1729,2309
5673464,471.46,312.675,460.34,327.825,372,983,271,1159,1732,2313
5673466,471.7,312.6,460.26,327.3,375,982,270,1154,1727,2314
5673468,471.54,311.625,460.58,327.6,371,971,273,1155,1731,2308
5673470,470.66,312.3,459.94,327.675,362,979,266,1157,1729,2312
5673472,471.22,312.225,459.78,328.125,367,977,264,1161,1731,2313
5673474,471.22,312.6,459.86,327.975,368,981,264,1159,1734,2310
5673476,471.22,312.9,460.26,327.975,367,983,268,1157,1732,2314
5673478,471.3,312.6,459.54,328.275,367,979,260,1161,1732,2312
5673480,470.74,312.975,459.78,328.8,361,983,262,1166,1730,2308
5673482,470.98,312.75,459.62,328.65,364,980,261,1164,1734,2314
5673484,470.26,313.275,459.78,329.175,356,986,262,1169,1734,2314
5673486,470.42,313.5,459.7,329.175,357,988,261,1169,1731,2315
5673488,470.82,313.425,459.38,329.4,361,985,257,1170,1736,2319
5673490,470.34,313.575,459.78,329.325,357,988,261,1170,1733,2315
5673492,470.74,314.1,459.62,329.175,360,992,259,1167,1738,2313
5673494,470.34,314.25,459.3,329.1,356,994,255,1167,1732,2318
5673496,470.5,313.8,459.54,329.25,356,988,257,1167,1736,2314
5673498,470.42,313.275,459.62,329.325,355,983,258,1168,1736,2312
5673500,470.26,313.95,459.3,329.925,353,990,254,1174,1736,2317
5673502,470.5,313.95,459.3,329.925,356,989,255,1174,1735,2318
5673504,470.34,313.5,459.06,330,354,984,252,1175,1736,2312
5673506,470.58,315.075,459.46,329.85,357,1001,255,1172,1737,2316
5673508,470.26,314.325,459.3,330.15,352,993,254,1175,1734,2315
5673510,469.62,315.825,458.9,330,347,1009,249,1174,1736,2316
5673512,469.86,315.6,459.3,329.925,349,1006,252,1172,1739,2320
5673514,469.46,315.6,458.9,330,345,1006,249,1174,1737,2314
5673516,469.62,316.05,459.06,330.3,347,1011,250,1176,1739,2316
5673518,469.78,314.55,459.14,330.15,347,995,251,1175,1740,2316
5673520,469.86,315.15,459.62,330.075,347,1001,255,1173,1738,2318
5673522,469.54,315.15,459.06,330.45,344,1001,249,1178,1735,2320
5673524,470.02,315.075,459.54,330.225,347,1000,253,1174,1738,2315
5673526,469.78,315.525,459.3,329.7,346,1004,250,1169,1739,2321
5673528,470.1,314.925,459.38,330,348,997,250,1172,1738,2318
5673530,470.18,312.9,459.3,329.7,347,975,250,1169,1741,2317
5673532,470.18,314.85,459.62,329.625,348,995,252,1167,1742,2319
5673534,469.7,315,459.14,329.7,343,998,247,1169,1739,2318
5673536,470.02,313.8,459.3,329.775,345,984,249,1168,1740,2315
5673538,470.18,313.65,458.9,330.075,346,982,245,1172,1745,2323
5673540,469.86,314.625,459.14,330.075,344,992,247,1171,1744,2322
5673542,470.66,313.05,459.06,329.85,350,974,245,1169,1745,2323
5673544,470.18,314.025,459.54,330.3,346,985,250,1172,1743,2324
5673546,470.34,313.8,459.54,330.075,347,983,251,1170,1747,2319
5673548,470.5,314.025,458.98,330.225,349,984,244,1172,1744,2327
5673550,470.34,313.65,459.14,330.375,347,980,246,1173,1744,2324
5673552,470.34,314.1,459.22,330.3,347,985,246,1171,1746,2325
5673554,470.26,313.875,458.74,330.525,345,983,242,1175,1742,2325
5673556,470.18,314.025,459.3,330.225,344,983,247,1170,1743,2325
5673558,470.26,314.25,459.06,330.225,346,985,244,1170,1746,2325
5673560,470.5,314.325,458.9,330.15,348,985,242,1168,1740,2325
5673562,470.42,313.8,459.54,329.775,346,979,248,1164,1744,2325
5673564,470.42,314.1,459.14,330.15,347,982,244,1168,1745,2323
5673566,470.5,314.325,459.3,330.675,347,984,247,1173,1743,2326
5673568,470.34,313.8,459.14,330.6,345,978,245,1172,1745,2326
5673570,470.9,313.05,458.9,330.375,351,969,242,1169,1747,2327
5673572,470.66,313.8,458.9,330.6,350,976,243,1171,1747,2331
5673574,470.58,313.65,459.14,330.3,348,975,245,1167,1743,2328
5673576,470.66,313.35,458.5,330.6,349,971,239,1170,1743,2330
5673578,470.42,314.175,458.82,330.675,348,980,242,1170,1747,2331
5673580,470.58,314.175,458.9,330.6,350,978,243,1168,1749,2331
5673582,470.5,313.725,459.3,330.225,348,973,247,1164,1747,2333
5673584,471.06,313.2,459.38,330.9,354,966,249,1170,1745,2334
5673586,470.9,312.975,459.22,330.825,351,964,247,1170,1748,2330
5673588,470.98,312.975,459.54,330.375,353,962,250,1163,1746,2334
5673590,471.46,312.225,459.54,330.375,357,954,250,1163,1755,2337
5673592,471.06,312,459.22,330.3,352,950,247,1162,1750,2333
5673594,471.3,311.55,459.7,329.25,355,946,250,1150,1754,2337
5673596,471.38,311.4,458.98,329.925,355,943,244,1157,1755,2336
5673598,471.62,310.8,459.3,329.1,358,936,246,1147,1753,2336
5673600,472.18,310.95,459.22,330,364,935,247,1156,1755,2336
5673602,472.02,311.1,459.78,328.725,362,937,252,1141,1749,2340
5673604,472.74,310.275,459.54,329.325,370,926,250,1146,1753,2343
5673606,472.26,309.825,459.38,328.425,365,922,248,1137,1754,2344
5673608,472.42,309.9,459.3,329.1,367,921,248,1143,1753,2343
5673610,472.58,309.825,459.86,328.875,369,920,254,1140,1754,2345
5673612,472.66,309.225,459.62,328.425,369,912,251,1134,1751,2345
5673614,473.06,310.05,460.18,329.175,374,920,258,1141,1753,2346
5673616,473.3,309.975,459.78,329.1,378,918,254,1139,1752,2347
5673618,473.38,310.275,459.86,329.1,378,921,255,1139,1751,2346
5673620,473.06,310.275,459.86,328.5,375,920,255,1132,1753,2349
5673622,472.98,309.9,460.02,329.175,374,916,258,1139,1754,2348
5673624,473.86,310.35,460.26,328.575,384,919,260,1130,1752,2345
5673626,472.98,309.9,460.34,328.125,374,915,260,1125,1750,2353
5673628,473.78,310.2,460.18,329.025,384,916,259,1134,1753,2349
5673630,473.7,309.975,460.9,329.7,382,914,268,1140,1750,2346
5673632,473.86,310.5,460.74,329.625,385,917,266,1139,1757,2348
5673634,473.94,310.875,460.02,329.175,386,922,259,1134,1759,2353
5673636,473.86,309.525,460.02,328.95,384,906,259,1131,1750,2354
5673638,473.86,310.125,459.78,328.875,385,912,256,1130,1751,2357
5673640,473.78,311.55,460.34,329.625,386,926,264,1136,1759,2355
5673642,474.02,311.025,460.34,330.075,388,920,264,1141,1752,2354
5673644,474.66,310.65,460.26,330.075,395,915,263,1140,1752,2352
5673646,474.26,309.975,460.58,328.875,390,907,265,1127,1751,2358
5673648,474.18,311.25,460.26,330.075,391,920,264,1140,1754,2358
5673650,474.18,311.4,460.02,329.85,391,922,261,1137,1756,2357
5673652,474.26,311.475,459.94,328.95,392,922,259,1127,1759,2356
5673654,474.26,310.95,460.58,329.925,392,916,267,1136,1757,2357
5673656,474.74,311.25,459.54,330.15,397,918,257,1139,1755,2359
5673658,473.7,311.325,459.94,329.175,387,920,259,1128,1754,2363
5673660,474.58,312.375,460.34,330,397,930,265,1135,1758,2363
5673662,474.98,310.8,459.94,330.075,399,912,261,1137,1753,2359
5673664,474.1,310.575,459.94,329.625,390,911,260,1131,1753,2361
5673666,474.42,311.925,459.62,329.025,395,925,256,1126,1754,2367
5673668,474.34,311.4,459.78,329.625,393,918,258,1131,1760,2364
5673670,474.02,310.05,459.14,328.125,389,904,250,1115,1755,2367
5673672,474.02,310.8,458.98,329.025,389,912,249,1125,1755,2370
5673674,474.42,309.675,459.54,328.95,392,899,255,1123,1755,2371
5673676,473.62,309.525,459.06,328.275,383,898,249,1116,1754,2370
5673678,473.94,309.525,458.98,327.45,387,897,248,1107,1756,2375
5673680,473.78,309.9,459.22,328.8,385,902,251,1122,1756,2367
5673682,472.9,309.75,458.9,328.125,376,901,247,1114,1757,2372
5673684,472.82,310.125,458.66,328.05,374,905,244,1113,1759,2373
5673686,473.46,309.15,458.42,327.975,381,894,241,1113,1750,2376
5673688,472.34,310.8,458.1,327.9,370,912,237,1112,1752,2376
5673690,472.98,309,458.1,327.3,374,892,236,1106,1751,2378
5673692,472.82,310.275,458.18,328.05,374,906,238,1114,1751,2379
5673694,472.5,310.35,457.86,327.375,371,906,234,1106,1751,2379
5673696,473.46,309.6,458.18,327.75,379,897,237,1110,1752,2379
5673698,472.66,310.275,457.78,327.525,371,906,233,1108,1753,2381
5673700,472.66,310.2,457.86,327.075,371,904,232,1102,1755,2380
5673702,471.94,309.225,457.94,327.975,362,895,234,1112,1760,2383
5673704,472.58,310.8,457.38,327.975,370,911,227,1113,1758,2383
5673706,473.06,310.35,457.46,327.75,375,905,228,1110,1759,2382
5673708,472.58,309.75,457.78,327.525,368,900,230,1107,1757,2384
5673710,472.26,310.875,457.94,327.9,365,912,232,1111,1760,2388
5673712,472.5,310.2,457.78,327.075,367,905,229,1102,1757,2388
5673714,472.5,310.2,458.02,326.925,367,904,232,1101,1757,2390
5673716,472.66,309.375,457.86,327.15,367,895,229,1103,1753,2388
5673718,472.74,310.425,457.62,327,369,906,227,1102,1754,2389
5673720,473.3,310.35,458.02,327.225,374,905,231,1104,1753,2384
5673722,472.82,309.15,458.34,326.925,368,893,234,1101,1753,2390
5673724,473.3,311.175,458.18,327.6,375,914,232,1108,1753,2391
5673726,473.3,310.575,458.5,327.15,374,908,235,1103,1755,2390
5673728,472.66,311.4,458.5,326.475,368,918,234,1096,1762,2395
5673730,472.9,311.55,458.5,327.825,371,919,235,1110,1761,2393
5673732,472.98,310.95,458.66,327.525,370,913,236,1108,1757,2392
5673734,473.14,311.25,458.42,327.15,372,916,233,1104,1757,2393
5673736,473.14,311.25,459.14,327.825,371,917,241,1111,1760,2395
5673738,472.82,311.25,458.9,327.225,369,917,238,1104,1762,2391
5673740,473.54,311.775,458.98,327.675,376,923,239,1110,1765,2395
5673742,473.22,311.4,458.66,327.225,372,919,235,1106,1760,2396
5673744,473.54,311.775,458.82,327.15,376,923,237,1105,1761,2396
5673746,473.38,312.075,458.66,327.675,375,926,235,1111,1760,2397
5673748,474.02,311.175,458.34,327.75,380,916,232,1112,1758,2399
5673750,472.9,311.55,458.42,327.525,369,922,233,1110,1763,2399
5673752,473.54,312.375,458.18,327.75,376,931,230,1113,1766,2403
5673754,472.98,311.025,458.42,326.775,369,917,232,1103,1760,2400
5673756,472.42,312,458.42,326.85,364,928,232,1104,1763,2401
5673758,472.66,312.525,458.42,327,367,934,232,1105,1765,2403
5673760,472.9,312,458.1,326.55,369,929,228,1102,1760,2402
5673762,472.9,311.25,457.86,327,368,920,225,1106,1765,2404
5673764,472.9,311.625,458.34,326.7,368,925,230,1104,1763,2404
5673766,473.38,311.85,458.34,326.7,374,927,231,1104,1756,2403
5673768,473.06,310.8,458.74,326.1,369,917,234,1097,1755,2407
5673770,473.7,310.425,458.26,326.475,375,912,229,1102,1757,2404
5673772,473.14,310.65,457.94,326.175,370,915,225,1099,1758,2408
5673774,473.3,310.125,458.42,325.65,371,909,230,1093,1758,2408
5673776,473.7,310.8,458.5,326.025,376,917,231,1097,1756,2411
5673778,473.54,310.125,458.58,325.275,374,909,232,1089,1758,2406
5673780,473.62,309.75,458.66,325.725,375,906,233,1094,1763,2406
5673782,474.5,310.2,458.82,325.275,384,909,235,1089,1759,2410
5673784,473.62,309.375,458.74,324.75,374,902,233,1084,1758,2410
5673786,473.7,309.3,459.3,324.75,375,901,239,1083,1756,2408
5673788,473.62,309.45,459.14,324.6,375,903,237,1082,1756,2409
5673790,473.46,309.075,458.82,324.15,372,899,234,1078,1758,2416
5673792,474.34,307.8,459.14,324.225,381,885,238,1078,1759,2408
5673794,474.18,309.075,458.98,324.45,380,898,236,1081,1760,2412
5673796,474.18,309,459.14,324.225,381,898,238,1078,1757,2411
5673798,474.58,308.475,459.06,323.85,385,892,237,1074,1756,2416
5673800,474.5,309.225,458.98,324.075,385,900,237,1077,1759,2418
5673802,474.34,307.875,458.66,323.925,382,886,233,1076,1754,2415
5673804,474.42,309.3,459.38,323.625,385,901,241,1072,1761,2413
5673806,474.42,307.95,458.74,324.225,384,886,235,1079,1758,2416
5673808,474.5,308.025,459.06,323.7,386,888,239,1074,1756,2416
5673810,473.86,308.775,459.78,323.925,380,897,246,1075,1762,2411
5673812,474.98,308.925,458.98,324.075,392,897,239,1078,1758,2413
5673814,474.82,308.325,459.62,324.15,389,890,245,1078,1752,2413
5673816,474.9,307.725,459.22,323.625,390,885,241,1073,1754,2413
5673818,474.42,308.325,459.14,323.475,386,892,241,1072,1758,2412
5673820,474.98,309.825,459.3,323.775,394,907,243,1075,1757,2413
5673822,475.38,308.775,459.78,323.475,397,896,248,1071,1755,2413
5673824,474.34,310.2,459.7,323.775,388,913,248,1076,1763,2412
5673826,475.94,309.45,459.46,323.325,404,904,244,1071,1760,2417
5673828,474.9,310.35,459.62,323.025,395,915,247,1068,1758,2415
5673830,474.66,311.1,459.62,323.625,393,923,248,1075,1766,2417
5673832,475.46,310.35,459.54,323.625,401,915,248,1076,1761,2416
5673834,474.82,310.125,459.7,323.025,394,914,249,1069,1763,2416
5673836,474.98,309.975,459.54,323.85,397,913,248,1079,1764,2411
5673838,475.46,309.675,459.46,323.55,401,908,247,1076,1754,2414
5673840,474.98,309.825,459.78,323.1,397,912,250,1072,1753,2417
5673842,474.98,309.975,459.62,323.1,397,914,249,1072,1755,2414
5673844,475.3,310.575,459.62,322.95,402,921,249,1071,1757,2416
5673846,474.9,310.275,459.7,322.575,398,918,250,1067,1759,2414
5673848,474.58,310.65,459.7,323.325,395,923,251,1077,1755,2416
5673850,473.86,310.2,459.22,322.95,387,920,246,1073,1750,2414
5673852,473.86,311.4,459.14,323.325,388,934,246,1078,1756,2413
5673854,474.02,309.9,458.74,323.4,388,918,241,1080,1752,2414
5673856,473.22,310.05,459.22,322.8,381,921,246,1074,1751,2416
5673858,472.74,310.2,459.38,322.575,375,924,247,1072,1758,2412
5673860,473.3,309.525,458.82,323.175,381,917,243,1080,1757,2417
5673862,473.06,309,458.82,322.5,378,912,242,1073,1752,2417
5673864,472.74,309.525,458.98,322.35,376,920,244,1073,1754,2416
5673866,473.54,309.075,458.66,322.65,383,913,240,1076,1752,2415
5673868,472.5,309.525,458.66,322.725,373,921,241,1079,1752,2416
5673870,472.5,309.675,458.42,322.65,374,923,238,1078,1753,2415
5673872,472.58,310.425,458.66,322.8,375,932,242,1080,1755,2415
5673874,472.74,309.825,457.86,322.5,376,926,233,1078,1754,2417
5673876,472.58,310.425,458.26,322.95,376,934,237,1084,1757,2414
5673878,472.9,311.1,458.42,323.1,379,941,239,1085,1752,2414
5673880,472.42,311.475,458.18,322.725,375,946,236,1084,1754,2416
5673882,472.42,312.975,458.42,322.875,376,963,239,1085,1751,2419
5673884,472.42,312,458.5,323.85,374,954,240,1097,1756,2415
5673886,472.34,312.3,458.5,323.775,374,957,240,1096,1754,2413
5673888,472.5,312.9,458.5,324,377,965,240,1100,1750,2414
5673890,472.82,313.125,458.74,323.85,379,967,242,1098,1748,2414
5673892,471.86,313.8,458.9,323.85,370,977,244,1100,1750,2406
5673894,472.58,313.125,458.82,323.925,377,969,244,1100,1747,2412
5673896,472.1,313.65,458.5,324.225,372,977,240,1106,1749,2411
5673898,472.18,312.375,458.98,323.7,372,962,245,1100,1743,2410
5673900,471.86,312.6,458.66,323.625,368,967,241,1100,1748,2409
5673902,471.86,312.15,458.58,323.1,368,962,240,1095,1749,2410
5673904,471.7,312.675,458.26,322.05,367,969,235,1085,1748,2407
5673906,471.46,311.025,458.26,322.425,363,951,236,1089,1749,2405
5673908,472.34,309.825,458.5,322.275,370,939,237,1088,1752,2410
5673910,471.78,309.75,457.86,321.6,365,938,230,1081,1748,2409
5673912,472.26,308.775,458.58,321.675,368,929,237,1083,1756,2404
5673914,472.02,308.4,458.5,321.3,365,925,237,1079,1750,2410
5673916,471.94,308.925,458.34,321.225,365,931,234,1079,1752,2410
5673918,471.94,307.125,458.26,320.775,363,912,232,1074,1747,2406
5673920,472.1,307.125,458.18,320.4,364,912,231,1070,1754,2404
5673922,472.26,307.275,458.18,320.7,366,914,231,1074,1751,2407
5673924,471.86,306.825,458.18,320.4,361,910,231,1071,1751,2407
5673926,471.86,306.675,458.02,320.325,361,908,229,1070,1751,2408
5673928,472.1,306.075,457.86,320.475,362,901,227,1072,1747,2402
5673930,471.22,307.05,458.5,321.525,354,913,235,1083,1755,2404
5673932,472.1,307.425,458.34,320.85,364,916,232,1076,1758,2405
5673934,472.26,307.725,458.02,321.75,366,920,230,1086,1746,2404
5673936,472.26,308.475,458.18,321.6,366,927,231,1085,1744,2402
5673938,472.18,309.375,458.74,321.825,366,937,237,1086,1745,2400
5673940,471.78,310.875,458.26,322.2,363,954,233,1091,1747,2401
5673942,472.18,310.575,458.58,321.75,367,951,235,1086,1743,2399
5673944,471.7,312.3,458.34,322.5,363,970,233,1094,1746,2399
5673946,471.78,312.225,458.42,322.5,364,969,234,1094,1741,2395
5673948,471.86,312.375,458.42,322.8,365,970,234,1098,1742,2397
5673950,470.98,313.35,458.02,322.275,357,981,229,1092,1741,2399
5673952,471.3,313.275,458.1,322.575,359,980,230,1095,1741,2399
5673954,471.46,312.45,457.94,322.575,361,971,228,1095,1741,2396
5673956,470.5,313.65,457.46,322.65,351,985,223,1097,1742,2396
5673958,470.1,313.5,457.14,322.8,347,985,220,1099,1742,2395
5673960,470.1,312.3,456.9,322.65,345,971,217,1098,1742,2394
5673962,469.94,313.275,456.98,322.5,344,982,218,1096,1742,2394
5673964,470.18,312.3,457.06,322.575,346,971,218,1096,1744,2391
5673966,470.18,312.6,457.22,322.5,346,975,220,1096,1741,2394
5673968,470.18,313.35,457.38,323.025,347,983,222,1102,1741,2394
5673970,470.34,312.375,457.22,322.875,347,972,220,1100,1741,2393
5673972,470.74,311.55,457.38,322.65,351,963,221,1097,1742,2391
5673974,470.5,310.875,457.46,322.5,347,955,222,1096,1739,2392
5673976,470.82,310.8,457.06,322.875,350,954,218,1100,1737,2386
5673978,470.82,310.725,457.46,322.425,350,954,221,1095,1742,2391
5673980,470.74,311.625,457.06,322.95,350,963,218,1101,1740,2393
5673982,470.9,310.875,457.38,322.35,351,955,220,1094,1738,2390
5673984,470.58,310.35,457.7,322.35,347,949,224,1093,1740,2385
5673986,470.82,310.35,457.3,321.825,350,949,219,1088,1735,2388
5673988,471.14,309.375,457.38,322.275,352,937,220,1092,1737,2391
5673990,470.82,309,457.3,321.45,347,934,218,1083,1738,2385
5673992,470.66,308.55,456.82,321.975,346,929,214,1089,1743,2385
5673994,471.06,307.875,456.98,321.75,349,920,215,1086,1737,2388
5673996,470.9,308.475,456.9,321.375,348,927,213,1081,1742,2388
5673998,470.9,307.65,456.9,321.225,347,917,214,1079,1738,2388
5674000,470.82,307.65,456.66,321.6,346,917,211,1083,1737,2385
5674002,470.66,307.5,456.42,320.85,344,916,208,1075,1734,2387
5674004,470.5,306.6,456.66,321.6,341,905,211,1082,1738,2390
5674006,470.34,306,456.5,321.15,338,898,208,1077,1732,2390
5674008,470.26,305.325,456.74,320.25,337,890,209,1066,1730,2385
5674010,470.42,306.3,456.42,321.075,339,900,207,1075,1737,2386
5674012,470.02,306.45,456.18,320.775,335,901,204,1071,1735,2382
5674014,470.18,305.55,456.26,320.1,335,891,204,1063,1734,2382
5674016,469.94,305.25,456.66,319.8,332,886,207,1058,1728,2383
5674018,470.5,305.025,456.74,320.55,338,884,209,1066,1728,2381
5674020,470.02,305.925,456.98,320.55,334,892,211,1064,1732,2381
5674022,470.1,304.95,456.18,320.625,333,882,202,1066,1730,2378
5674024,470.02,306.15,456.74,320.7,333,893,208,1065,1730,2377
5674026,470.26,306.525,456.34,321.3,336,897,204,1072,1729,2382
5674028,470.18,306.075,456.18,321.375,334,891,202,1072,1727,2380
5674030,470.34,306.975,456.58,321.15,337,901,206,1069,1730,2380
5674032,469.94,306.9,456.42,321.375,332,899,204,1070,1730,2384
5674034,469.62,306.75,456.42,320.475,328,898,203,1060,1727,2382
5674036,470.66,307.2,456.66,321.675,338,901,206,1073,1730,2380
5674038,470.26,307.05,456.42,321.3,334,900,204,1069,1731,2382
5674040,469.94,306.9,456.02,321.45,330,898,199,1070,1727,2376
5674042,470.34,307.35,456.58,322.125,335,902,206,1077,1726,2378
5674044,470.02,307.575,456.74,322.05,332,904,206,1075,1727,2382
5674046,470.74,306.825,456.82,322.65,338,895,208,1081,1726,2377
5674048,469.7,306.75,457.22,322.5,327,895,211,1079,1722,2378
5674050,469.78,306.15,456.26,322.35,328,889,201,1078,1720,2376
5674052,470.26,308.325,456.66,322.575,335,912,206,1080,1721,2380
5674054,470.58,308.025,456.58,322.125,337,908,205,1075,1725,2375
5674056,470.18,307.125,456.74,322.725,333,899,207,1082,1722,2373
5674058,471.46,307.65,457.06,323.025,346,903,210,1084,1723,2376
5674060,471.14,308.1,457.3,322.875,343,909,213,1083,1717,2373
5674062,471.7,307.65,457.62,322.875,349,903,216,1083,1721,2376
5674064,471.78,309.45,457.78,322.575,352,922,217,1080,1728,2373
5674066,471.3,309.3,457.78,322.875,346,921,217,1083,1725,2373
5674068,471.46,308.85,457.38,323.1,347,917,214,1086,1722,2374
5674070,472.26,309.9,457.94,323.175,357,928,220,1086,1719,2376
5674072,471.46,310.275,458.02,323.025,349,933,221,1085,1722,2376
5674074,471.86,310.125,457.7,323.4,353,931,217,1090,1720,2381
5674076,472.34,310.275,458.1,323.7,359,933,223,1093,1719,2378
5674078,472.58,309.825,458.34,323.1,361,928,224,1087,1719,2371
5674080,472.5,310.875,458.1,323.025,362,940,222,1087,1721,2377
5674082,472.18,311.475,458.02,322.95,359,947,222,1086,1716,2375
5674084,472.66,310.65,458.66,323.475,363,938,229,1092,1713,2374
5674086,472.9,310.5,458.82,324.075,366,937,231,1098,1716,2376
5674088,472.34,311.55,458.9,324.525,361,949,233,1104,1724,2374
5674090,472.66,311.775,459.62,324.675,365,952,241,1105,1712,2368
5674092,472.74,313.5,459.78,324.6,368,971,243,1105,1720,2369
5674094,473.86,312.525,460.74,325.125,379,959,254,1110,1719,2367
5674096,475.22,312.225,462.26,324.75,394,955,270,1105,1711,2369
5674098,477.86,312.6,462.58,324.6,422,957,273,1103,1712,2368
5674100,479.3,312.45,463.86,325.2,437,955,288,1109,1710,2370
5674102,479.86,312.825,464.66,324.9,443,958,296,1105,1709,2367
5674104,480.42,313.35,464.9,325.275,450,964,300,1110,1714,2369
5674106,479.94,313.2,464.34,324.975,445,963,293,1107,1712,2370
5674108,478.98,312.75,463.38,325.725,435,960,284,1117,1707,2362
5674110,477.78,311.55,462.98,324.45,422,948,279,1104,1713,2363
5674112,477.86,310.875,462.26,324.975,422,942,273,1111,1718,2364
5674114,476.5,311.925,462.1,324.45,409,954,270,1105,1707,2370
5674116,476.42,311.175,462.18,324.3,408,947,271,1105,1709,2361
5674118,476.42,311.175,461.62,323.925,408,947,265,1101,1712,2369
5674120,476.26,310.95,461.78,325.2,406,946,269,1115,1708,2366
5674122,476.5,310.275,461.86,324.525,408,939,269,1108,1706,2365
5674124,477.14,310.65,461.78,324.15,416,943,268,1105,1706,2366
5674126,476.1,312,461.3,324.975,407,958,264,1114,1706,2364
5674128,476.02,311.775,461.62,324.825,406,956,268,1113,1704,2363
5674130,476.34,311.4,461.86,324.45,409,952,270,1109,1708,2369
5674132,476.5,311.1,461.62,325.275,411,948,269,1118,1707,2364
5674134,476.74,311.25,461.94,324.375,413,950,271,1108,1708,2364
5674136,476.66,311.7,461.3,324.15,414,955,265,1106,1701,2364
5674138,476.26,311.7,461.3,324.075,410,955,265,1106,1709,2364
5674140,476.34,312.15,461.62,324.3,411,961,269,1108,1704,2361
5674142,476.02,310.725,461.46,323.475,406,946,266,1099,1702,2363
5674144,476.5,311.025,461.22,324.075,412,948,265,1105,1700,2362
5674146,476.02,310.35,461.46,322.95,407,941,266,1093,1706,2364
5674148,475.7,310.2,461.14,323.775,403,940,264,1102,1705,2359
5674150,475.7,310.725,461.06,322.725,404,946,262,1091,1702,2360
5674152,476.02,310.875,460.9,323.325,408,946,262,1098,1700,2360
5674154,475.86,309.9,460.74,322.875,405,936,259,1092,1706,2359
5674156,475.62,310.275,460.9,322.425,403,940,260,1087,1702,2358
5674158,476.18,309.3,460.9,322.575,408,929,261,1089,1706,2359
5674160,476.1,308.925,460.66,322.725,407,924,258,1090,1705,2360
5674162,476.02,310.275,460.66,321.675,407,939,258,1079,1702,2359
5674164,476.02,309.075,460.82,322.425,406,926,260,1086,1700,2360
5674166,475.38,309.525,460.66,323.025,399,931,258,1093,1701,2362
5674168,476.02,309.15,460.42,322.275,406,926,256,1084,1699,2360
5674170,475.22,308.775,460.66,322.725,397,923,259,1089,1701,2362
5674172,475.3,309.375,459.7,323.025,399,929,249,1093,1705,2367
5674174,475.14,309.75,460.74,322.425,397,933,259,1086,1702,2357
5674176,475.22,308.625,460.42,322.275,397,920,256,1083,1700,2357
5674178,475.14,309.225,460.34,322.875,398,927,255,1090,1700,2358
5674180,475.38,309.9,460.34,322.2,401,933,255,1083,1696,2355
5674182,474.5,309.675,460.74,322.725,391,932,260,1088,1702,2359
5674184,474.98,309.75,460.66,322.875,397,932,260,1089,1700,2357
5674186,475.22,309.525,460.34,322.125,399,929,255,1081,1699,2358
5674188,475.22,309.525,460.42,322.575,399,929,257,1086,1697,2357
5674190,474.5,309.675,460.42,322.425,392,932,256,1085,1698,2358
5674192,475.3,309.975,460.9,322.725,400,934,262,1087,1696,2356
5674194,475.46,309.9,460.58,322.725,402,933,259,1087,1699,2359
5674196,475.7,310.425,460.74,323.1,406,938,261,1091,1694,2359
5674198,475.62,310.8,460.58,322.275,405,942,258,1083,1697,2359
5674200,475.3,310.95,460.66,322.65,402,944,260,1087,1700,2358
5674202,475.54,310.125,461.06,323.625,404,935,265,1096,1695,2358
5674204,475.78,311.325,460.9,323.475,408,948,264,1095,1696,2359
5674206,476.02,310.725,461.06,322.8,410,941,265,1088,1695,2358
5674208,475.62,311.025,460.82,324,407,945,265,1102,1696,2361
5674210,475.62,311.475,461.46,323.55,407,950,271,1096,1695,2357
5674212,475.78,311.25,461.14,323.4,410,948,268,1095,1694,2357
5674214,476.18,312,461.3,323.625,414,956,269,1097,1693,2357
5674216,476.02,312.6,461.22,323.85,414,963,270,1100,1692,2357
5674218,476.02,313.65,461.38,323.475,415,975,271,1096,1689,2357
5674220,476.42,312.15,461.06,322.95,418,958,268,1092,1689,2354
5674222,475.86,313.125,461.3,323.625,413,969,271,1099,1688,2360
5674224,476.5,312.075,461.22,323.475,420,959,271,1098,1686,2357
5674226,475.7,312.525,461.3,323.625,412,964,272,1100,1686,2361
5674228,475.54,312.45,461.54,324.225,411,964,275,1106,1687,2356
5674230,475.7,312.3,461.38,323.475,412,962,273,1099,1686,2358
5674232,475.38,312.525,461.38,323.625,410,966,274,1101,1684,2362
5674234,475.94,312.675,460.9,323.625,416,967,269,1102,1688,2356
5674236,475.54,313.125,461.46,323.475,413,973,276,1101,1681,2355
5674238,475.78,313.425,460.9,323.4,416,976,270,1100,1684,2357
5674240,475.46,313.95,461.22,325.05,414,983,276,1118,1683,2355
5674242,475.22,313.5,461.14,324.3,411,979,274,1111,1679,2354
5674244,475.62,313.875,461.54,324.45,416,983,279,1112,1683,2352
5674246,475.22,314.025,461.06,323.775,412,985,273,1106,1686,2358
5674248,474.98,314.85,461.54,323.7,411,995,279,1105,1685,2356
5674250,474.98,314.025,461.22,324.3,410,986,276,1112,1682,2357
5674252,475.38,315.15,460.74,324.45,416,998,272,1115,1680,2353
5674254,474.9,315,461.62,324.525,411,997,281,1115,1679,2355
5674256,474.98,314.1,461.14,324.75,411,988,277,1118,1678,2355
5674258,475.06,315.075,461.54,324.825,413,999,281,1119,1678,2352
5674260,474.74,314.7,461.78,324.45,411,995,284,1115,1677,2353
5674262,474.9,314.1,461.46,324.675,411,989,281,1117,1676,2354
5674264,474.9,314.175,461.46,324.225,412,990,281,1113,1677,2355
5674266,474.66,314.1,461.54,325.2,410,990,283,1123,1674,2355
5674268,475.06,314.475,460.98,323.925,415,994,277,1111,1675,2356
5674270,473.86,314.4,461.14,323.625,402,994,278,1107,1673,2353
5674272,474.42,312.75,461.46,324.375,406,976,282,1116,1679,2355
5674274,474.74,314.025,461.06,324,411,989,278,1112,1670,2357
5674276,474.34,313.575,460.82,323.25,407,984,274,1104,1672,2354
5674278,474.74,313.125,460.74,322.875,410,979,273,1100,1673,2358
5674280,474.82,313.05,461.38,323.7,411,978,281,1108,1670,2356
5674282,474.58,313.05,460.66,322.575,408,978,272,1097,1671,2356
5674284,474.26,311.625,461.14,323.1,404,964,277,1102,1671,2358
5674286,474.5,312.15,461.06,323.1,407,969,277,1102,1669,2358
5674288,474.02,311.775,460.26,322.575,401,965,268,1096,1665,2359
5674290,474.58,310.95,460.82,322.2,406,955,273,1092,1669,2356
5674292,474.42,311.475,460.82,322.275,406,961,273,1093,1668,2355
5674294,473.54,311.7,460.9,321.675,396,964,274,1086,1667,2353
5674296,474.02,311.775,461.14,322.2,401,964,276,1091,1661,2353
5674298,474.18,311.4,460.66,322.35,403,960,272,1093,1666,2357
5674300,473.3,311.7,460.98,321.825,394,964,274,1087,1660,2355
5674302,473.62,310.875,461.06,321.75,396,954,275,1086,1667,2360
5674304,474.18,311.325,460.66,321.9,402,958,271,1086,1663,2359
5674306,473.78,311.475,460.82,321.975,398,960,272,1088,1659,2354
5674308,474.26,310.65,461.22,321.525,402,949,276,1082,1663,2358
5674310,474.34,311.925,460.66,321.75,404,964,270,1084,1665,2357
5674312,474.18,311.25,460.82,321.9,401,955,272,1085,1657,2355
5674314,473.7,311.55,460.66,321.75,397,959,270,1083,1657,2355
5674316,474.42,310.5,460.9,321.45,404,946,273,1079,1665,2356
5674318,474.26,311.55,460.9,322.275,403,957,273,1088,1663,2356
5674320,473.54,311.925,460.66,322.35,396,961,271,1089,1660,2356
5674322,474.34,311.775,460.9,321.525,404,959,273,1079,1660,2358
5674324,474.26,312.075,461.22,321.75,404,961,276,1080,1662,2358
5674326,474.26,311.7,460.82,322.35,403,957,273,1087,1659,2355
5674328,473.94,311.175,461.22,322.275,399,952,277,1085,1660,2358
5674330,474.42,311.625,461.3,322.35,405,956,278,1086,1660,2358
5674332,474.34,311.925,461.3,322.5,404,958,278,1087,1658,2356
5674334,474.34,311.25,460.98,321.675,404,951,274,1078,1661,2361
5674336,474.66,312.825,461.22,322.275,409,967,278,1084,1657,2355
5674338,475.38,311.775,461.7,322.575,415,955,283,1087,1656,2352
5674340,475.3,311.025,461.7,321.825,414,947,282,1078,1658,2356
5674342,475.62,311.4,461.46,322.275,418,950,280,1083,1658,2356
5674344,475.06,311.25,461.62,321.9,412,949,281,1079,1656,2359
5674346,475.54,312.45,461.54,321.825,419,961,281,1078,1657,2358
5674348,476.02,311.175,461.3,322.35,422,947,278,1083,1658,2356
5674350,475.46,312,461.3,321.675,417,957,278,1076,1653,2358
5674352,475.46,312.9,461.62,321.9,418,966,282,1078,1657,2358
5674354,476.1,311.1,461.78,321.9,424,946,283,1078,1648,2357
5674356,475.62,311.175,461.62,322.425,418,948,282,1083,1654,2359
5674358,476.02,312.675,462.1,322.05,424,963,287,1079,1655,2355
5674360,475.3,312.9,461.38,322.425,416,966,280,1084,1650,2354
5674362,476.1,312.75,461.7,321.975,425,964,283,1079,1650,2357
5674364,476.74,313.5,462.5,322.05,433,971,292,1079,1647,2360
5674366,476.26,312.525,461.62,322.35,426,961,283,1084,1649,2355
5674368,476.18,312.6,461.78,321.975,426,963,285,1079,1646,2355
5674370,476.18,313.5,462.18,322.275,427,972,288,1082,1649,2354
5674372,476.02,312.675,462.02,322.425,424,964,287,1084,1646,2356
5674374,476.18,312.225,462.18,321.975,425,959,289,1080,1649,2358
5674376,476.74,313.8,462.02,322.8,434,976,288,1089,1649,2358
5674378,477.54,312.975,462.1,322.5,441,967,289,1086,1649,2358
5674380,477.06,313.275,462.5,322.275,437,971,293,1084,1651,2361
5674382,477.22,314.025,462.42,322.8,439,978,293,1089,1648,2355
5674384,476.9,313.2,462.58,322.425,434,971,294,1087,1644,2360
5674386,477.7,313.2,462.18,322.125,443,970,289,1083,1645,2355
5674388,477.3,313.875,462.82,321.45,439,978,296,1076,1644,2355
5674390,477.3,313.275,462.74,322.35,439,972,296,1086,1644,2359
5674392,477.14,312.375,462.34,321.9,437,964,291,1083,1644,2362
5674394,476.66,312.3,462.18,322.125,432,963,289,1085,1637,2357
5674396,476.02,312.6,462.02,321.9,426,968,288,1083,1639,2357
5674398,476.74,311.475,462.1,321.375,432,955,288,1078,1639,2360
5674400,477.54,312.225,462.34,321.45,441,963,290,1079,1637,2355
5674402,476.26,311.85,462.18,321.3,427,960,289,1078,1638,2361
5674404,476.98,312.075,462.5,321.375,435,963,292,1079,1634,2358
5674406,476.98,312,462.58,321.675,435,962,294,1082,1640,2357
5674408,476.66,312.075,461.94,321.15,431,965,286,1078,1636,2356
5674410,477.22,311.55,461.86,321.3,437,959,286,1080,1637,2357
5674412,476.18,312.975,461.94,321.75,427,976,287,1086,1637,2353
5674414,475.7,312.525,461.3,321.6,422,972,280,1085,1632,2355
5674416,475.62,313.275,461.94,321.9,422,981,286,1089,1635,2353
5674418,475.62,311.7,461.86,321.3,420,963,285,1082,1640,2351
5674420,475.94,312.675,462.02,321.6,424,974,286,1086,1635,2353
5674422,475.78,312.75,461.78,321.675,422,975,284,1087,1631,2355
5674424,475.78,312.75,461.46,320.85,421,976,279,1079,1631,2357
5674426,475.38,313.35,461.62,321.45,418,983,282,1085,1631,2353
5674428,475.06,313.95,461.78,321.075,415,991,283,1082,1631,2353
5674430,475.22,312.825,461.7,320.475,415,978,281,1075,1632,2356
5674432,475.14,312.975,461.78,320.925,414,980,281,1081,1629,2354
5674434,475.62,312.675,461.7,320.775,419,976,280,1079,1626,2355
5674436,475.22,312.9,461.3,321.15,414,979,276,1084,1630,2349
5674438,475.7,312.525,461.54,320.925,419,975,279,1081,1625,2349
5674440,474.98,312.6,460.82,320.925,410,977,271,1082,1630,2354
5674442,475.06,312.15,460.98,320.175,411,972,271,1074,1631,2348
5674444,475.3,312.975,461.14,319.575,414,981,271,1068,1627,2351
5674446,475.22,311.4,461.62,319.35,411,964,276,1065,1626,2351
5674448,474.82,312.45,461.62,320.7,408,976,277,1079,1622,2345
5674450,475.7,311.85,460.98,319.8,416,969,269,1070,1622,2349
5674452,475.78,311.625,461.3,320.025,416,966,272,1073,1621,2347
5674454,475.7,311.475,461.06,319.5,415,965,269,1067,1623,2347
5674456,475.7,311.625,461.06,319.425,414,967,268,1067,1621,2344
5674458,475.54,311.25,461.06,319.35,412,963,268,1066,1620,2344
5674460,475.62,311.325,461.3,319.35,412,964,269,1066,1619,2344
5674462,475.78,311.55,461.46,319.425,413,966,271,1066,1622,2344
5674464,475.86,311.175,461.46,319.125,413,962,271,1063,1616,2345
5674466,475.86,312.075,461.54,319.575,414,972,272,1068,1617,2344
5674468,476.1,311.4,461.22,319.35,416,964,268,1066,1615,2345
5674470,475.54,311.175,461.14,319.575,410,963,267,1068,1616,2339
5674472,475.54,311.625,461.62,320.025,409,968,272,1073,1616,2341
5674474,476.02,311.475,461.62,319.275,414,965,272,1065,1616,2338
5674476,475.54,311.775,461.7,319.275,410,969,271,1065,1616,2337
5674478,475.94,311.7,461.3,319.575,414,968,268,1068,1614,2337
5674480,476.42,312.3,461.78,319.725,419,974,273,1070,1614,2338
5674482,476.26,311.25,461.86,319.5,417,962,273,1067,1610,2339
5674484,476.02,311.85,462.1,320.4,414,970,276,1077,1610,2336
5674486,476.42,311.55,462.34,319.5,418,966,278,1067,1613,2337
5674488,476.18,310.875,462.42,319.35,415,959,279,1066,1611,2334
5674490,475.86,311.475,462.1,320.1,412,966,276,1074,1609,2337
5674492,475.94,311.625,462.66,319.95,413,968,282,1072,1612,2333
5674494,476.82,312.15,462.82,319.95,422,972,284,1071,1609,2330
5674496,476.18,312,462.82,320.55,416,972,284,1079,1609,2330
5674498,476.82,311.175,463.14,320.25,422,962,287,1075,1606,2328
5674500,476.9,311.325,463.06,319.725,423,964,286,1069,1609,2328
5674502,476.74,311.7,462.82,320.1,422,968,284,1074,1607,2326
5674504,476.82,311.775,463.3,320.7,423,969,290,1080,1608,2320
5674506,476.82,312,462.9,320.7,424,971,286,1081,1605,2322
5674508,476.74,311.925,463.22,320.55,423,971,289,1079,1604,2320
5674510,476.82,312.375,463.22,320.55,424,976,289,1079,1606,2321
5674512,477.06,312.225,463.7,320.4,427,975,294,1077,1602,2318
5674514,476.74,311.775,462.82,320.85,423,970,286,1083,1605,2318
5674516,476.58,312.075,462.98,320.1,422,974,287,1075,1604,2320
5674518,476.98,311.925,463.3,320.775,426,972,291,1082,1594,2315
5674520,476.42,312.225,463.62,320.775,421,976,295,1082,1603,2315
5674522,476.58,311.625,463.38,320.85,422,969,292,1083,1599,2312
5674524,476.66,312.075,463.94,321,423,974,299,1084,1602,2311
5674526,476.82,312.15,463.38,320.025,425,975,292,1074,1601,2312
5674528,476.66,312,463.7,320.625,424,973,297,1081,1599,2306
5674530,476.9,311.4,464.1,320.325,425,967,301,1077,1599,2308
5674532,476.42,312.3,463.46,320.325,422,977,295,1078,1597,2303
5674534,476.9,312.525,463.7,320.325,427,979,297,1078,1597,2302
5674536,476.66,312.15,463.38,320.85,425,975,294,1084,1597,2300
5674538,476.9,311.325,463.46,320.025,427,967,294,1074,1592,2299
5674540,476.58,312.525,463.54,320.775,425,980,296,1083,1594,2299
5674542,476.66,311.625,463.78,320.625,425,970,299,1081,1589,2296
5674544,476.5,312.225,463.22,320.1,425,977,293,1076,1594,2293
5674546,477.06,311.85,463.7,321.075,430,972,299,1086,1591,2291
5674548,476.26,312.15,464.02,319.875,422,977,302,1073,1591,2292
5674550,476.42,312.6,464.1,320.775,425,981,303,1083,1589,2289
5674552,476.98,311.25,463.86,320.7,429,966,301,1083,1591,2289
5674554,476.42,311.475,463.86,320.775,423,969,301,1083,1586,2289
5674556,476.58,312.075,464.5,320.325,426,975,307,1077,1588,2284
5674558,476.74,310.95,463.3,319.35,427,963,294,1068,1588,2282
5674560,476.42,311.55,463.22,319.275,423,970,293,1068,1589,2277
5674562,476.5,311.55,463.94,319.725,425,970,301,1072,1589,2276
5674564,476.34,310.8,462.9,319.725,422,962,290,1072,1586,2271
5674566,475.94,310.5,463.22,319.725,418,959,294,1072,1589,2275
5674568,476.02,312.075,463.3,320.7,420,975,296,1082,1589,2268
5674570,476.1,311.55,463.22,319.95,421,970,294,1074,1587,2269
5674572,476.02,311.475,462.74,319.575,420,969,289,1071,1585,2268
5674574,475.62,311.625,462.34,320.175,415,971,284,1078,1586,2262
5674576,475.86,310.95,462.66,320.625,418,963,288,1082,1583,2268
5674578,474.82,311.85,462.82,319.65,407,974,289,1071,1588,2261
5674580,475.46,312,462.74,320.7,414,975,289,1082,1587,2258
5674582,475.78,312.15,462.9,320.7,417,976,291,1082,1581,2258
5674584,474.82,312.375,462.98,321.675,408,979,292,1092,1582,2254
5674586,474.9,312.375,462.98,322.95,409,979,294,1106,1582,2253
5674588,475.94,313.65,462.58,323.1,420,992,290,1108,1582,2251
5674590,475.3,313.35,463.54,323.475,414,989,301,1111,1580,2245
5674592,475.62,313.425,463.38,323.85,416,989,299,1115,1583,2251
5674594,475.14,313.425,462.98,322.8,412,990,293,1104,1577,2242
5674596,474.66,312.9,463.14,323.625,406,985,295,1113,1580,2244
5674598,475.22,313.95,463.14,323.475,412,996,295,1112,1580,2244
5674600,474.98,313.05,463.38,323.325,409,986,297,1110,1581,2243
5674602,475.14,312.6,462.9,323.4,410,981,292,1111,1582,2237
5674604,474.9,313.275,462.58,322.95,408,989,288,1106,1583,2234
5674606,475.06,313.125,462.9,322.725,409,986,291,1103,1579,2235
5674608,474.5,313.125,463.38,322.65,403,987,296,1103,1581,2235
5674610,474.82,312.975,462.98,322.5,406,985,292,1101,1580,2233
5674612,474.98,312.6,463.06,322.05,407,982,292,1096,1577,2232
5674614,474.66,312.675,462.42,322.05,404,983,285,1097,1578,2230
5674616,474.5,311.7,462.26,321.45,401,972,283,1091,1580,2226
5674618,474.66,312.825,462.26,321.525,404,984,283,1092,1576,2224
5674620,474.58,311.925,462.02,321.225,402,974,280,1089,1577,2228
5674622,474.58,311.625,462.18,321,402,971,281,1086,1571,2219
5674624,474.58,310.575,462.02,321.225,400,960,280,1088,1579,2222
5674626,474.42,310.05,462.18,321.225,398,954,282,1088,1578,2223
5674628,474.5,310.8,462.1,320.85,400,962,280,1085,1576,2222
5674630,474.58,309.9,462.02,320.25,400,953,279,1078,1579,2223
5674632,474.34,310.95,462.42,321,398,964,284,1085,1579,2218
5674634,474.42,310.95,462.5,320.175,399,964,283,1076,1577,2217
5674636,474.66,310.875,462.42,320.325,401,963,282,1078,1575,2215
5674638,475.22,310.8,462.74,320.775,407,961,286,1083,1578,2215
5674640,474.66,312.075,462.26,320.925,402,975,281,1085,1579,2213
5674642,475.06,311.7,462.42,321,406,971,283,1085,1578,2214
5674644,474.9,312,462.9,321.675,405,975,289,1093,1578,2216
5674646,474.9,312.9,462.26,321.375,406,985,282,1089,1579,2215
5674648,475.06,312.675,462.66,321.45,407,982,286,1090,1579,2211
5674650,474.66,312.825,462.34,322.35,404,984,284,1100,1578,2210
5674652,475.06,313.275,463.7,322.8,409,989,299,1104,1583,2208
5674654,475.22,313.35,463.22,322.875,410,989,294,1106,1576,2211
5674656,475.38,314.4,463.14,323.1,413,1001,294,1108,1576,2209
5674658,475.14,314.4,463.62,323.475,411,1002,299,1112,1581,2211
5674660,475.78,315.15,463.78,323.7,418,1009,301,1114,1579,2213
5674662,475.62,315.225,463.78,323.25,417,1010,300,1110,1578,2211
5674664,475.7,315.75,464.18,324.225,418,1016,306,1120,1579,2213
5674666,475.94,315.525,463.94,324.675,421,1014,303,1125,1582,2209
5674668,475.7,315.45,463.62,324.525,418,1014,300,1125,1585,2207
5674670,475.78,316.95,464.26,324.825,421,1030,307,1127,1579,2212
5674672,476.34,315.975,464.18,324.9,425,1019,306,1129,1583,2208
5674674,476.18,315.975,463.78,324.375,424,1020,302,1123,1581,2207
5674676,476.18,315.15,464.18,324.9,422,1011,306,1130,1581,2210
5674678,475.94,315.375,463.94,324.3,420,1014,304,1123,1581,2205
5674680,475.54,315.075,464.02,324,416,1012,304,1121,1584,2206
5674682,475.86,315.75,464.1,324.375,420,1018,306,1125,1579,2213
5674684,476.02,316.275,464.1,324.375,422,1025,306,1125,1586,2211
5674686,476.1,315.3,463.62,325.2,423,1014,301,1135,1585,2209
5674688,475.22,315.225,463.78,324.9,413,1014,302,1131,1587,2212
5674690,475.3,314.25,463.38,324.45,413,1003,298,1127,1584,2206
5674692,475.62,314.7,463.62,324.675,417,1008,301,1129,1585,2208
5674694,475.38,313.65,463.22,323.775,413,997,296,1120,1583,2202
5674696,475.38,314.475,463.78,324.075,413,1007,302,1123,1584,2205
5674698,475.06,314.25,462.82,323.1,410,1005,291,1113,1588,2198
5674700,474.74,313.425,462.98,323.25,406,995,292,1115,1588,2201
5674702,474.42,312.525,462.9,323.325,402,986,292,1115,1584,2197
5674704,474.74,313.65,462.74,323.4,406,998,290,1116,1589,2199
5674706,474.18,312.975,462.9,323.1,399,991,291,1112,1592,2195
5674708,474.1,312.45,463.14,322.725,398,985,293,1108,1586,2195
5674710,473.38,312.525,462.98,322.05,390,986,291,1101,1586,2198
5674712,474.26,313.425,462.98,323.025,400,994,291,1111,1589,2192
5674714,473.94,312,462.58,323.4,395,979,287,1115,1584,2198
5674716,474.1,312.9,462.74,323.175,397,988,289,1112,1587,2202
5674718,473.54,312,462.42,322.8,390,979,284,1108,1585,2198
5674720,474.18,313.125,462.42,323.325,398,990,285,1112,1589,2197
5674722,473.86,312.45,463.22,322.95,393,983,292,1108,1592,2197
5674724,473.3,312.975,462.42,322.65,388,988,283,1105,1589,2198
5674726,473.46,312.375,462.9,322.65,389,981,289,1104,1593,2203
5674728,473.62,313.05,462.58,323.475,391,987,285,1112,1593,2194
5674730,473.14,312.825,462.5,322.5,385,985,283,1102,1588,2198
5674732,473.3,313.425,462.5,323.4,387,991,283,1110,1593,2195
5674734,473.46,312.9,462.5,323.175,388,985,283,1108,1594,2200
5674736,472.9,312.75,462.34,323.55,381,983,281,1112,1592,2195
5674738,472.82,313.425,461.86,323.175,381,990,275,1107,1595,2199
5674740,473.38,313.875,462.66,324.375,386,994,284,1119,1593,2195
5674742,472.58,312.375,462.26,323.625,377,979,280,1111,1594,2199
5674744,472.82,313.425,462.02,324.3,379,989,277,1118,1597,2201
5674746,472.34,313.2,462.34,323.4,374,987,279,1108,1594,2199
5674748,472.5,313.275,462.26,323.925,375,987,278,1113,1598,2198
5674750,472.1,312.825,462.1,324,371,982,277,1114,1595,2203
5674752,472.34,312.3,462.26,324.3,372,976,278,1116,1596,2197
5674754,472.66,313.125,462.02,324.3,376,984,275,1117,1597,2203
5674756,472.74,313.2,462.26,323.7,376,985,276,1109,1596,2204
5674758,473.06,313.8,462.26,323.925,379,991,276,1112,1597,2205
5674760,472.58,314.25,462.1,324.6,374,996,275,1119,1601,2204
5674762,472.82,313.65,462.74,324.225,376,989,281,1114,1603,2204
5674764,472.82,313.5,462.74,324.375,376,987,281,1116,1604,2203
5674766,473.54,313.2,462.82,324,383,983,282,1112,1602,2205
5674768,473.78,312.975,462.82,324,386,981,282,1112,1602,2202
5674770,473.22,313.8,462.9,324.225,380,990,282,1114,1605,2202
5674772,473.7,314.025,462.98,323.925,386,993,283,1111,1604,2209
5674774,473.7,314.475,462.9,323.775,386,997,282,1109,1608,2204
5674776,473.94,314.1,463.7,324.15,388,993,291,1113,1606,2206
5674778,473.86,314.325,463.46,323.925,388,996,289,1110,1604,2206
5674780,473.7,314.85,464.34,324.825,387,1002,299,1120,1606,2212
5674782,473.94,314.325,463.78,324.75,388,996,292,1120,1606,2205
5674784,474.26,314.775,463.94,324.9,393,1001,295,1122,1607,2215
5674786,473.94,315.15,464.58,324.9,390,1005,301,1121,1607,2213
5674788,474.42,315.375,464.58,325.425,396,1008,302,1127,1608,2215
5674790,474.02,315.75,464.02,325.8,392,1012,297,1132,1608,2212
5674792,474.18,315.375,465.06,325.5,394,1009,308,1129,1612,2214
5674794,473.78,315.675,464.9,326.025,390,1012,307,1134,1612,2220
5674796,474.02,315.975,464.66,325.95,393,1016,305,1134,1611,2218
5674798,474.42,316.275,464.42,325.8,397,1019,302,1133,1617,2219
5674800,474.1,315.525,464.98,326.175,394,1012,309,1137,1614,2218
5674802,474.58,315.975,465.38,326.925,400,1016,314,1145,1614,2223
5674804,474.02,316.575,464.98,326.55,395,1024,311,1142,1614,2223
5674806,473.86,315.6,465.22,326.775,393,1015,313,1144,1616,2224
5674808,474.26,316.05,465.3,326.325,398,1020,315,1141,1615,2225
5674810,473.86,315.225,465.06,326.85,393,1011,313,1146,1619,2224
5674812,472.74,315.375,465.22,326.25,382,1015,314,1141,1615,2226
5674814,474.02,316.2,465.3,326.25,396,1023,315,1140,1618,2229
5674816,473.62,316.275,464.82,326.625,393,1025,311,1146,1618,2229
5674818,473.78,315.9,465.38,326.175,395,1021,317,1140,1622,2230
5674820,473.46,314.925,465.38,326.025,391,1012,317,1140,1618,2229
5674822,472.82,315.975,464.9,325.725,386,1023,312,1137,1625,2233
5674824,473.06,315.75,464.74,326.4,389,1021,312,1146,1624,2236
5674826,473.22,314.775,464.74,326.025,389,1011,311,1142,1623,2229
5674828,472.9,315.9,464.5,326.325,388,1025,310,1146,1625,2234
5674830,473.3,316.05,464.82,326.85,392,1025,314,1151,1626,2236
5674832,472.82,314.85,465.22,325.875,387,1014,318,1141,1629,2232
5674834,472.58,316.275,464.74,325.8,386,1029,313,1141,1625,2234
5674836,473.14,315.6,464.42,326.025,391,1022,311,1144,1627,2234
5674838,472.74,315.45,464.74,325.8,387,1021,313,1141,1627,2234
5674840,472.34,316.05,464.18,326.1,384,1028,308,1145,1628,2237
5674842,472.9,315.675,464.18,326.025,390,1023,308,1145,1629,2243
5674844,472.42,314.85,464.26,325.35,384,1015,309,1137,1626,2239
5674846,472.74,314.775,463.78,324.975,387,1014,304,1134,1628,2243
5674848,472.26,315.15,464.26,325.425,383,1018,310,1138,1625,2240
5674850,472.66,314.925,464.02,324.75,387,1016,306,1131,1629,2241
5674852,472.34,314.925,463.7,324.9,384,1016,303,1133,1633,2239
5674854,472.34,313.875,463.38,323.925,383,1004,299,1123,1630,2243
5674856,472.18,314.4,463.3,324.225,382,1010,298,1126,1633,2245
5674858,472.1,314.85,463.14,324.525,382,1015,298,1129,1631,2245
5674860,471.7,314.325,463.06,323.625,377,1009,296,1119,1631,2246
5674862,472.42,314.175,462.82,323.625,385,1007,294,1120,1631,2244
5674864,472.66,313.275,462.34,323.4,386,997,288,1118,1635,2247
5674866,471.86,314.025,462.82,323.625,379,1006,294,1119,1630,2246
5674868,472.1,314.175,462.74,324.15,382,1006,294,1124,1633,2247
5674870,471.94,314.25,462.58,324,380,1007,292,1122,1634,2253
5674872,471.54,313.875,462.98,323.025,376,1003,295,1111,1632,2252
5674874,471.46,313.875,462.82,323.925,375,1003,294,1121,1635,2254
5674876,471.3,313.95,462.18,323.85,373,1004,287,1120,1637,2254
5674878,471.62,313.35,462.74,324.45,376,997,294,1126,1631,2257
5674880,471.3,313.95,462.58,324.45,373,1003,292,1126,1635,2255
5674882,471.38,313.875,462.26,323.775,374,1002,288,1119,1635,2261
5674884,470.98,313.875,462.02,324.75,370,1002,286,1130,1637,2259
5674886,470.9,313.65,462.34,324.675,369,1000,290,1129,1637,2256
5674888,470.58,313.2,461.78,323.625,365,995,283,1117,1641,2264
5674890,470.9,313.575,461.94,323.7,368,999,285,1118,1633,2266
5674892,470.98,313.575,461.78,324.675,369,998,284,1128,1638,2263
5674894,470.66,314.625,461.94,323.55,368,1010,284,1116,1638,2265
5674896,471.14,314.625,462.02,324,372,1009,286,1120,1636,2264
5674898,470.66,314.175,461.86,323.55,367,1005,284,1116,1637,2268
5674900,470.74,314.4,461.62,323.025,368,1007,280,1110,1642,2270
5674902,471.06,314.025,461.78,323.475,370,1002,283,1115,1634,2265
5674904,470.42,313.575,462.02,324.075,363,998,286,1121,1642,2264
5674906,470.74,314.325,461.78,322.95,367,1006,282,1109,1641,2268
5674908,470.5,314.55,461.94,323.55,365,1009,284,1115,1638,2267
5674910,471.54,314.025,462.1,323.625,375,1002,286,1115,1639,2272
5674912,471.3,315.675,461.46,323.775,374,1020,279,1118,1640,2276
5674914,471.3,315.15,461.78,323.775,374,1014,282,1118,1639,2273
5674916,471.06,315.15,462.02,324.225,372,1015,285,1122,1642,2271
5674918,471.14,314.775,461.94,323.325,372,1010,284,1113,1640,2275
5674920,470.42,315.675,462.1,324.675,366,1021,287,1127,1644,2271
5674922,471.06,315.225,461.46,322.875,372,1016,279,1108,1645,2276
5674924,470.82,314.85,462.02,324.3,369,1012,286,1124,1643,2277
5674926,470.58,315.15,461.94,323.325,367,1015,284,1113,1640,2280
5674928,470.5,315.975,461.86,323.775,367,1025,284,1118,1648,2279
5674930,470.66,314.85,461.62,323.7,367,1012,281,1118,1645,2280
5674932,470.82,315.225,461.38,323.775,369,1017,279,1119,1644,2282
5674934,470.18,315.45,461.38,324.15,363,1019,280,1123,1645,2285
5674936,470.66,316.35,461.78,323.625,369,1029,283,1117,1645,2278
5674938,470.9,315.15,461.7,324.075,370,1016,282,1122,1643,2284
5674940,470.5,315.3,460.82,323.1,367,1019,272,1113,1645,2291
5674942,470.42,315.75,461.22,322.95,366,1023,277,1111,1643,2284
5674944,470.82,315.375,461.22,323.4,370,1020,277,1116,1645,2285
5674946,470.1,315.975,461.22,323.025,363,1027,276,1113,1647,2287
5674948,470.02,315.225,461.38,323.025,361,1019,279,1112,1646,2287
5674950,470.42,315.525,460.82,323.25,366,1022,273,1115,1645,2289
5674952,470.5,315.75,461.06,323.625,368,1024,276,1120,1644,2290
5674954,470.5,315.525,460.82,322.875,367,1022,273,1112,1645,2295
5674956,470.26,316.2,461.14,323.1,366,1029,277,1114,1645,2294
5674958,469.46,315.45,460.42,323.325,357,1022,270,1117,1643,2292
5674960,470.18,315.15,460.74,322.95,364,1019,272,1113,1648,2297
5674962,470.58,315.375,460.74,322.725,368,1021,273,1111,1646,2297
5674964,470.26,315.45,460.18,323.325,365,1022,267,1119,1645,2293
5674966,469.94,315.225,461.06,323.25,362,1020,276,1116,1645,2300
5674968,469.78,315.15,460.66,322.05,359,1019,271,1104,1647,2300
5674970,470.26,315.225,460.26,322.875,365,1020,268,1114,1644,2299
5674972,470.18,314.925,460.26,323.1,363,1017,267,1116,1645,2300
5674974,469.86,314.7,460.42,321.675,359,1015,268,1100,1647,2301
5674976,469.78,315.225,460.18,322.575,359,1020,266,1111,1645,2299
5674978,469.86,314.85,460.26,321.75,360,1016,266,1102,1646,2304
5674980,469.86,315.15,460.02,321.975,360,1019,263,1104,1648,2301
5674982,469.7,314.925,460.18,322.35,358,1017,265,1108,1645,2305
5674984,470.34,314.25,460.18,321.75,363,1010,265,1101,1646,2307
5674986,469.94,314.325,460.42,321.15,359,1011,267,1095,1646,2308
5674988,469.78,314.475,459.94,321.15,358,1012,261,1095,1646,2311
5674990,469.46,314.025,459.62,320.85,354,1008,258,1092,1648,2308
5674992,469.3,314.175,460.1,321.075,352,1009,263,1093,1648,2305
5674994,468.82,314.475,459.78,320.775,347,1013,259,1091,1645,2313
5674996,469.62,314.175,459.38,320.85,355,1009,254,1091,1646,2311
5674998,469.46,313.575,459.7,320.55,353,1002,258,1088,1651,2307
5675000,469.3,313.725,459.7,319.95,351,1004,257,1081,1647,2312
5675002,469.3,312.9,459.78,320.325,350,995,258,1085,1647,2312
5675004,469.14,313.725,460.02,320.175,349,1003,260,1083,1650,2315
5675006,469.54,313.65,460.02,319.8,353,1002,260,1079,1650,2314
5675008,469.14,313.275,459.38,319.8,349,998,253,1079,1651,2314
5675010,468.98,314.1,459.7,319.65,347,1007,255,1077,1649,2317
5675012,469.86,313.575,459.94,319.725,356,1000,258,1077,1647,2318
5675014,470.02,313.725,459.78,319.275,357,1001,256,1073,1650,2319
5675016,469.94,314.025,459.62,320.475,357,1004,255,1085,1643,2321
5675018,469.62,314.1,460.18,319.575,354,1005,260,1075,1649,2322
5675020,469.22,313.725,460.02,319.95,349,1001,258,1078,1649,2318
5675022,469.54,314.025,459.7,320.175,352,1004,255,1081,1647,2326
5675024,469.86,313.575,459.78,319.8,354,998,255,1077,1650,2319
5675026,469.3,313.425,460.34,319.8,349,997,261,1076,1650,2328
5675028,469.62,314.475,460.26,320.025,352,1008,260,1077,1649,2327
5675030,469.54,314.025,459.86,320.1,351,1003,255,1079,1648,2321
5675032,469.7,314.25,460.42,320.775,353,1004,262,1085,1648,2324
5675034,469.14,314.325,459.62,320.625,347,1006,253,1084,1653,2326
5675036,469.62,314.025,460.34,319.575,352,1001,260,1072,1646,2324
5675038,469.78,314.1,460.66,320.325,353,1002,264,1080,1650,2330
5675040,469.78,314.025,460.26,320.325,353,1002,260,1080,1648,2327
5675042,469.7,314.25,460.18,319.65,353,1004,258,1072,1652,2325
5675044,469.62,314.4,459.62,320.4,352,1005,253,1081,1650,2328
5675046,469.78,314.925,460.34,319.875,354,1011,260,1074,1649,2323
5675048,470.02,314.775,460.26,320.625,357,1009,260,1082,1652,2330
5675050,470.1,314.1,460.34,319.95,357,1001,260,1075,1648,2330
5675052,470.5,315.45,459.94,319.275,362,1015,255,1068,1647,2329
5675054,469.86,315,460.42,320.25,355,1011,261,1079,1652,2332
5675056,470.1,314.625,460.02,320.625,357,1007,257,1083,1651,2332
5675058,469.86,314.775,460.42,320.325,355,1009,261,1079,1649,2330
5675060,470.02,314.625,460.42,320.4,356,1007,261,1080,1648,2330
5675062,470.34,313.95,460.02,320.1,359,1000,257,1077,1652,2331
5675064,469.54,315.9,460.34,320.25,352,1022,260,1079,1656,2333
5675066,469.62,314.7,460.66,320.1,352,1008,263,1077,1651,2337
5675068,469.78,315.525,460.18,320.55,355,1018,259,1082,1651,2331
5675070,470.34,314.85,460.58,319.725,360,1010,262,1073,1648,2335
5675072,469.7,314.775,460.58,319.875,353,1010,262,1075,1655,2335
5675074,469.94,314.625,460.1,320.325,356,1008,258,1080,1651,2334
5675076,469.62,315.075,460.1,320.175,353,1014,258,1079,1653,2333
5675078,469.7,315.3,460.66,320.175,354,1016,264,1079,1655,2335
5675080,470.26,314.4,460.26,320.625,359,1006,260,1085,1651,2336
5675082,469.78,314.1,460.34,320.175,354,1003,261,1080,1651,2337
5675084,469.62,314.85,460.42,320.25,353,1012,262,1081,1652,2337
5675086,469.54,313.95,459.78,319.95,351,1003,255,1078,1654,2340
5675088,469.06,314.775,460.5,319.8,346,1012,262,1076,1656,2332
5675090,469.22,315.6,460.26,320.55,349,1021,260,1084,1657,2334
5675092,469.14,314.775,459.54,320.925,347,1012,253,1089,1656,2338
5675094,468.98,315.225,460.02,320.1,346,1018,257,1081,1660,2336
5675096,469.3,314.7,460.26,320.25,348,1012,259,1082,1655,2337
5675098,469.3,314.025,460.18,320.325,348,1004,258,1083,1653,2344
5675100,468.82,315.15,460.26,320.475,344,1018,259,1085,1658,2335
5675102,468.98,315.225,460.1,320.325,346,1019,258,1083,1661,2342
5675104,468.66,314.325,459.86,319.875,341,1010,254,1079,1657,2340
5675106,468.58,315.525,460.34,321,342,1022,261,1091,1662,2342
5675108,468.42,315.75,460.42,320.7,339,1025,261,1088,1661,2344
5675110,468.82,314.925,459.94,319.725,343,1016,254,1078,1661,2343
5675112,468.82,314.4,460.18,320.4,342,1011,257,1085,1659,2337
5675114,468.82,314.775,460.26,320.025,342,1015,258,1081,1662,2340
5675116,468.58,315.15,460.34,320.1,340,1019,259,1082,1660,2341
5675118,468.42,314.1,459.46,319.8,337,1008,249,1079,1662,2341
5675120,468.42,314.475,459.3,319.65,337,1012,247,1078,1660,2341
5675122,468.26,315.15,459.86,320.475,336,1020,253,1086,1664,2341
5675124,468.74,313.95,459.94,320.325,339,1007,253,1085,1658,2345
5675126,467.62,313.575,459.62,319.875,327,1004,249,1080,1664,2342
5675128,468.02,314.625,460.42,319.725,332,1015,257,1079,1666,2342
5675130,468.02,314.775,459.62,319.725,332,1017,248,1079,1665,2344
5675132,468.18,314.325,459.78,319.575,332,1012,249,1078,1662,2340
5675134,467.86,314.475,460.02,319.8,329,1013,253,1080,1666,2341
5675136,468.02,314.1,460.02,320.1,330,1010,252,1083,1664,2343
5675138,467.46,314.7,459.54,319.5,325,1017,247,1077,1669,2341
5675140,468.18,313.95,460.1,319.8,331,1008,252,1080,1665,2340
5675142,467.06,314.925,459.46,319.8,320,1019,246,1081,1672,2340
5675144,467.78,314.475,459.06,319.5,327,1014,240,1077,1669,2339
5675146,467.62,314.475,459.06,319.8,326,1014,241,1081,1668,2338
5675148,467.62,314.55,459.62,319.65,325,1015,247,1079,1671,2344
5675150,467.38,314.625,459.86,319.725,323,1016,249,1079,1669,2343
5675152,467.3,314.325,459.22,319.875,321,1013,242,1081,1673,2344
5675154,466.74,315.075,459.46,319.5,316,1022,245,1077,1676,2343
5675156,467.22,315.45,459.78,319.575,322,1025,248,1078,1673,2340
5675158,467.54,313.35,459.14,320.4,323,1002,242,1087,1668,2341
5675160,467.46,313.8,459.78,320.475,322,1007,249,1087,1669,2341
5675162,467.38,314.7,459.94,319.875,322,1017,249,1080,1674,2342
5675164,467.06,315.375,458.82,320.4,320,1024,238,1087,1679,2339
5675166,466.98,314.55,459.22,319.2,319,1016,241,1074,1673,2339
5675168,466.82,314.55,459.7,320.1,316,1016,247,1084,1674,2341
5675170,466.98,314.4,459.22,319.725,318,1014,242,1079,1675,2343
5675172,467.06,314.775,459.3,319.875,319,1018,243,1081,1674,2338
5675174,466.82,314.4,459.46,319.725,316,1013,244,1079,1677,2341
5675176,466.9,315.075,459.54,319.575,318,1021,245,1077,1678,2345
5675178,466.9,313.875,459.06,319.425,316,1008,240,1076,1679,2341
5675180,467.22,314.1,460.18,319.65,320,1010,251,1077,1677,2340
5675182,467.22,313.425,459.78,319.425,319,1002,247,1075,1675,2342
5675184,467.46,314.325,458.98,319.8,323,1012,240,1080,1675,2343
5675186,467.3,314.175,459.14,320.325,321,1011,242,1086,1677,2345
5675188,467.46,314.325,459.62,319.65,323,1011,246,1078,1676,2343
5675190,467.06,314.325,459.7,319.2,319,1012,246,1072,1682,2342
5675192,467.54,314.325,459.62,319.8,324,1012,247,1079,1677,2340
5675194,467.46,314.175,459.3,319.35,323,1010,242,1075,1676,2344
5675196,467.22,313.95,459.46,319.275,320,1008,244,1074,1677,2341
5675198,467.38,313.65,459.94,319.95,322,1004,250,1081,1676,2342
5675200,466.82,315.075,459.7,320.25,317,1020,248,1084,1681,2345
5675202,467.14,314.925,460.02,319.425,320,1018,250,1075,1680,2340
5675204,467.54,314.775,460.18,319.875,325,1016,253,1079,1682,2343
5675206,467.38,315.075,459.78,320.325,324,1020,249,1085,1683,2342
5675208,467.14,314.85,459.38,320.85,321,1017,245,1091,1680,2345
5675210,467.3,314.4,459.86,320.1,322,1012,250,1082,1677,2344
5675212,467.62,314.4,459.62,320.325,326,1012,248,1085,1682,2346
5675214,467.3,314.4,459.86,319.8,322,1012,250,1079,1683,2344
5675216,467.22,315.3,460.18,319.95,323,1022,253,1080,1683,2345
5675218,467.46,315.3,460.26,320.325,325,1022,255,1084,1684,2345
5675220,467.3,315.375,459.62,320.55,324,1023,249,1087,1685,2342
5675222,467.14,313.2,459.7,321.075,321,1000,250,1093,1684,2345
5675224,467.7,314.925,460.02,320.175,328,1018,253,1083,1684,2344
5675226,467.14,314.7,459.54,320.925,323,1016,249,1091,1686,2347
5675228,466.98,314.475,459.38,319.95,321,1014,247,1081,1689,2339
5675230,467.54,314.175,459.7,321,327,1010,252,1092,1690,2345
5675232,467.3,314.625,459.62,320.475,325,1015,251,1087,1685,2344
5675234,467.06,313.125,459.14,320.025,321,999,245,1083,1687,2340
5675236,467.3,314.325,459.54,320.925,325,1012,250,1092,1691,2340
5675238,466.98,314.025,459.3,321.075,322,1009,248,1094,1687,2342
5675240,466.74,313.275,459.3,320.325,319,1002,248,1086,1689,2343
5675242,466.9,313.35,459.3,320.4,321,1002,247,1087,1686,2341
5675244,466.58,313.5,459.06,320.175,318,1004,246,1085,1683,2340
5675246,466.98,313.65,459.14,320.775,322,1006,247,1091,1687,2342
5675248,466.58,312.45,458.74,321,317,993,244,1094,1687,2341
5675250,465.22,314.55,457.86,321.075,305,1018,235,1096,1692,2341
5675252,464.02,315.6,457.14,321.6,294,1030,228,1103,1694,2338
5675254,462.98,314.325,455.7,320.85,282,1018,212,1096,1692,2341
5675256,460.98,314.55,453.14,321.45,262,1022,186,1105,1688,2343
5675258,458.26,315.525,451.54,321.75,234,1036,169,1111,1688,2340
5675260,457.62,315,449.06,322.05,227,1031,144,1117,1688,2340
5675262,456.26,315.75,447.86,321.9,213,1041,131,1117,1690,2342
5675264,455.46,317.025,446.98,322.725,207,1056,123,1126,1684,2340
5675266,456.02,317.4,446.98,322.425,213,1059,123,1123,1688,2343
5675268,456.34,317.55,447.7,321.825,216,1060,130,1116,1685,2342
5675270,457.22,317.325,448.02,321.75,226,1057,134,1115,1687,2345
5675272,457.94,316.65,449.38,321.6,233,1050,148,1112,1693,2341
5675274,458.9,316.275,450.02,321,243,1044,153,1105,1689,2344
5675276,459.06,316.2,450.26,321.15,244,1043,156,1106,1693,2341
5675278,459.62,315.9,450.82,321.225,250,1040,162,1107,1693,2345
5675280,459.86,315.9,450.82,321.6,252,1040,163,1112,1695,2340
5675282,459.7,316.05,450.66,321.375,251,1041,161,1109,1692,2338
5675284,459.7,315.975,451.22,321.45,251,1041,167,1110,1694,2340
5675286,459.14,315.075,450.74,321.45,244,1032,162,1110,1692,2342
5675288,459.86,314.7,450.5,321.375,251,1027,160,1109,1698,2340
5675290,459.14,315.225,450.1,320.925,244,1034,155,1105,1697,2342
5675292,459.3,314.175,450.02,321.675,245,1023,155,1114,1694,2344
5675294,458.9,314.25,449.86,320.7,240,1024,152,1104,1699,2343
5675296,459.3,314.25,449.86,321.075,245,1023,153,1108,1700,2343
5675298,458.74,314.1,449.94,321,239,1023,153,1107,1698,2341
5675300,459.22,314.175,449.3,321.225,244,1023,147,1111,1696,2343
5675302,458.58,313.95,449.94,320.85,237,1022,153,1106,1701,2344
5675304,458.5,314.175,449.54,321.3,236,1025,149,1111,1699,2342
5675306,459.22,313.875,449.3,321.6,243,1021,148,1115,1695,2346
5675308,458.82,315.15,450.1,321.9,241,1035,156,1118,1697,2347
5675310,458.82,314.175,449.62,321,239,1025,150,1108,1699,2344
5675312,458.9,314.55,449.78,321.825,241,1029,153,1118,1700,2345
5675314,459.22,314.175,450.18,320.85,244,1025,156,1107,1703,2343
5675316,458.9,314.175,449.94,321.45,240,1026,154,1114,1700,2340
5675318,458.74,314.1,449.78,321.525,239,1025,152,1115,1700,2346
5675320,459.3,315.075,449.38,321.45,246,1035,148,1115,1699,2342
5675322,459.06,315.15,449.94,321.375,243,1036,154,1113,1699,2342
5675324,458.66,314.85,449.62,321.75,239,1034,151,1118,1700,2338
5675326,458.82,315.375,449.54,321,241,1040,149,1111,1700,2344
5675328,458.98,314.7,449.78,321.825,242,1032,152,1119,1703,2341
5675330,458.9,314.625,450.18,321.75,241,1032,157,1118,1704,2346
5675332,459.06,314.85,449.7,321.6,243,1034,151,1118,1699,2341
5675334,459.14,314.25,450.26,321.45,243,1028,157,1115,1705,2343
5675336,459.3,314.1,449.86,321.375,245,1026,152,1115,1705,2347
5675338,458.9,314.325,449.7,321.15,241,1028,151,1113,1701,2343
5675340,458.82,314.55,449.7,321.45,240,1032,151,1116,1707,2344
5675342,458.98,313.575,449.86,320.775,241,1021,152,1109,1706,2346
5675344,459.06,314.55,449.38,320.55,243,1031,147,1107,1708,2346
5675346,458.98,313.2,449.7,320.325,241,1017,150,1105,1706,2347
5675348,459.3,313.35,449.54,320.625,244,1018,149,1108,1707,2345
5675350,459.62,313.05,449.86,320.175,247,1015,152,1103,1709,2345
5675352,459.54,311.55,449.38,320.025,245,999,147,1102,1710,2347
5675354,459.78,312.45,449.06,320.025,249,1008,143,1102,1706,2353
5675356,459.38,311.85,449.14,319.875,243,1003,144,1100,1707,2354
5675358,459.62,311.025,449.54,319.725,246,993,148,1098,1712,2355
5675360,459.7,311.625,449.62,320.025,248,999,150,1102,1712,2351
5675362,459.54,311.475,449.86,319.35,245,998,152,1094,1715,2355
5675364,459.78,311.475,450.02,319.725,248,998,155,1098,1712,2349
5675366,459.7,312.075,449.3,319.95,248,1004,147,1101,1716,2351
5675368,459.86,312.3,449.54,320.625,251,1007,150,1108,1716,2349
5675370,459.78,311.625,449.22,319.425,250,1000,146,1096,1714,2353
5675372,460.1,313.425,450.26,320.25,255,1019,158,1104,1715,2347
5675374,459.7,313.5,449.86,320.4,251,1021,155,1106,1717,2346
5675376,460.26,313.125,450.26,320.175,256,1016,159,1103,1716,2351
5675378,459.62,314.325,450.18,321.375,251,1030,159,1116,1714,2355
5675380,459.14,313.5,450.02,321.075,246,1021,158,1113,1718,2348
5675382,460.18,313.95,450.42,320.85,257,1025,162,1110,1716,2354
5675384,459.7,315.075,450.26,321.6,254,1038,162,1119,1718,2353
5675386,459.54,314.4,450.34,321.525,252,1031,163,1118,1721,2354
5675388,460.1,314.4,450.34,321.675,258,1031,163,1120,1721,2350
5675390,459.78,315.6,451.06,321.675,256,1044,171,1120,1719,2350
5675392,459.3,315.45,450.9,321.45,252,1044,169,1118,1722,2353
5675394,459.78,315.075,450.34,321.3,257,1040,164,1117,1719,2354
5675396,459.54,315.825,450.82,321.525,256,1048,170,1119,1719,2354
5675398,460.02,315.45,451.14,321.75,260,1044,173,1122,1717,2352
5675400,459.7,315.375,450.74,321.525,258,1045,170,1121,1719,2354
5675402,460.18,315.6,451.06,322.05,263,1046,173,1126,1720,2354
5675404,459.78,315.3,451.06,321.375,259,1044,174,1120,1722,2355
5675406,459.62,315.15,450.9,321.525,258,1043,172,1121,1721,2356
5675408,459.38,315.375,451.14,321.6,256,1046,175,1123,1722,2356
5675410,459.22,315.45,450.82,321.075,254,1047,171,1118,1724,2357
5675412,459.46,314.7,450.98,321.3,256,1040,174,1120,1724,2354
5675414,459.46,315.075,450.74,321.45,257,1044,172,1122,1721,2356
5675416,459.38,314.85,450.74,321.375,256,1042,172,1122,1722,2358
5675418,459.14,314.4,450.58,321.075,253,1037,170,1119,1725,2356
5675420,459.22,314.85,449.94,320.7,255,1042,163,1116,1725,2355
5675422,459.14,314.4,450.18,320.85,253,1038,165,1117,1722,2357
5675424,458.82,314.475,449.94,321.075,251,1039,164,1120,1723,2354
5675426,459.3,313.35,450.26,320.55,254,1026,167,1114,1726,2361
5675428,459.38,313.5,450.26,321.15,256,1028,168,1121,1722,2357
5675430,459.06,313.8,450.26,320.85,252,1031,167,1118,1726,2359
5675432,459.54,313.275,450.1,320.7,257,1025,166,1116,1727,2356
5675434,458.9,313.5,450.42,320.475,251,1029,169,1114,1727,2359
5675436,458.66,313.725,450.34,320.1,248,1031,167,1110,1728,2355
5675438,458.9,312.9,449.7,320.1,250,1022,160,1110,1729,2362
5675440,459.14,313.65,450.02,320.325,253,1030,164,1111,1727,2359
5675442,458.66,313.125,449.94,320.175,248,1024,163,1110,1724,2361
5675444,458.74,313.05,449.86,320.25,248,1023,163,1111,1726,2360
5675446,458.26,313.8,449.46,319.65,244,1032,158,1105,1731,2364
5675448,458.42,313.05,449.38,320.4,245,1023,157,1113,1731,2364
5675450,457.86,314.1,449.78,320.775,239,1035,162,1116,1728,2365
5675452,458.66,314.025,449.06,320.1,247,1034,153,1109,1730,2366
5675454,458.98,312.975,449.54,319.8,250,1022,158,1106,1726,2362
5675456,457.86,314.25,449.78,320.25,239,1036,161,1110,1730,2364
5675458,458.26,313.65,449.54,319.65,243,1029,157,1104,1734,2369
5675460,457.94,314.775,448.98,320.175,240,1042,151,1110,1733,2365
5675462,458.9,313.65,449.22,320.625,249,1029,154,1114,1730,2366
5675464,458.18,314.7,449.38,320.1,242,1040,155,1108,1730,2371
5675466,458.18,313.5,448.82,321,241,1027,150,1119,1731,2373
5675468,457.38,314.4,448.9,320.7,233,1037,150,1115,1732,2373
5675470,457.54,313.8,448.5,320.775,234,1031,146,1116,1733,2370
5675472,458.1,313.875,448.66,320.55,239,1030,147,1113,1733,2373
5675474,457.38,313.725,448.34,321.075,231,1030,144,1119,1732,2376
5675476,457.3,315.45,448.74,321,232,1049,148,1118,1737,2372
5675478,457.94,314.25,448.42,320.775,238,1035,144,1116,1732,2370
5675480,457.54,314.7,448.34,321.225,233,1040,143,1121,1736,2371
5675482,458.26,315.075,448.66,320.7,242,1043,146,1115,1736,2373
5675484,458.5,314.475,449.7,321.225,243,1036,157,1119,1739,2375
5675486,460.26,314.325,451.22,321,261,1034,173,1115,1730,2377
5675488,461.78,313.8,453.14,320.85,276,1026,193,1111,1734,2372
5675490,464.5,313.95,455.86,320.175,305,1025,220,1102,1737,2379
5675492,468.18,314.55,457.86,320.1,344,1028,241,1099,1745,2376
5675494,470.18,313.5,459.94,319.2,364,1014,262,1087,1741,2374
5675496,471.62,313.05,461.3,319.2,378,1008,276,1085,1744,2379
5675498,471.14,312.525,460.66,319.05,373,1003,269,1085,1747,2380
5675500,471.06,312,460.42,319.2,371,998,266,1087,1742,2375
5675502,470.1,312.075,459.14,319.425,361,999,254,1091,1751,2373
5675504,468.9,311.7,457.3,319.5,348,997,235,1094,1752,2375
5675506,467.46,312.9,456.18,319.425,334,1012,222,1095,1747,2378
5675508,467.14,310.575,455.46,319.425,328,987,215,1096,1753,2377
5675510,464.1,311.325,454.66,318.75,298,999,205,1089,1745,2387
5675512,463.22,312.45,453.22,319.35,289,1013,191,1098,1743,2385
5675514,462.1,311.925,452.02,319.125,277,1009,179,1097,1742,2383
5675516,460.42,313.125,451.46,319.65,261,1024,173,1104,1743,2385
5675518,459.86,313.875,450.18,319.95,255,1032,160,1109,1744,2386
5675520,458.9,314.7,449.46,320.4,247,1043,153,1116,1744,2387
5675522,459.22,313.05,449.06,319.725,248,1025,149,1108,1743,2385
5675524,459.54,313.875,448.66,319.425,252,1035,144,1107,1742,2389
5675526,459.22,314.475,448.98,320.1,250,1042,148,1113,1740,2392
5675528,459.78,313.65,448.9,319.575,255,1033,147,1109,1743,2392
5675530,459.62,314.175,449.7,319.35,255,1039,155,1106,1743,2395
5675532,459.38,314.475,449.62,320.325,252,1044,156,1118,1743,2390
5675534,460.26,313.2,450.5,319.8,261,1029,164,1111,1744,2393
5675536,460.02,314.25,449.86,320.4,260,1042,159,1119,1744,2393
5675538,459.86,314.025,450.1,319.875,258,1039,161,1114,1741,2391
5675540,460.02,314.4,450.74,319.65,261,1044,168,1111,1747,2388
5675542,460.18,312.975,450.42,319.95,261,1029,165,1115,1740,2398
5675544,459.62,313.725,450.1,319.05,256,1039,162,1106,1743,2395
5675546,460.18,312.9,449.86,319.425,261,1029,159,1111,1748,2399
5675548,460.18,313.725,450.1,319.5,263,1039,162,1112,1743,2392
5675550,460.66,313.35,450.18,319.95,267,1034,164,1117,1746,2397
5675552,460.34,314.1,450.34,319.65,265,1044,166,1114,1743,2397
5675554,460.02,313.35,450.42,319.5,261,1036,166,1113,1749,2397
5675556,460.1,313.35,450.58,319.65,263,1037,169,1115,1745,2395
5675558,460.18,314.625,450.34,318.825,265,1051,165,1107,1745,2397
5675560,460.02,313.575,450.1,320.175,263,1041,166,1122,1744,2393
5675562,460.66,314.1,450.5,320.1,270,1045,169,1121,1749,2399
5675564,459.54,314.475,450.5,320.025,260,1052,170,1122,1745,2399
5675566,459.86,314.475,450.42,319.725,262,1051,169,1119,1745,2393
5675568,460.42,313.425,450.1,319.425,268,1040,166,1116,1746,2395
5675570,460.74,314.175,450.5,319.2,272,1048,170,1113,1741,2402
5675572,460.1,314.025,450.5,319.05,266,1047,170,1112,1742,2399
5675574,460.58,313.35,450.82,319.2,271,1040,174,1114,1748,2396
5675576,460.74,314.025,450.74,319.425,273,1048,174,1117,1744,2403
5675578,460.66,313.35,450.66,319.125,272,1040,172,1114,1743,2397
5675580,460.66,312.6,450.82,320.1,271,1033,176,1124,1747,2404
5675582,460.18,313.8,450.74,319.725,267,1046,175,1120,1741,2406
5675584,460.9,312.45,450.18,319.2,274,1031,168,1115,1747,2399
5675586,460.5,312.525,450.66,317.4,270,1032,172,1096,1749,2400
5675588,460.9,312.075,450.26,318.975,275,1027,170,1113,1744,2405
5675590,460.66,311.85,450.18,318.075,272,1025,168,1103,1743,2403
5675592,460.9,311.55,450.42,318.825,275,1022,171,1111,1748,2397
5675594,460.5,312.825,450.42,318.375,271,1036,171,1107,1741,2401
5675596,460.26,312.3,450.58,317.925,269,1031,173,1102,1751,2395
5675598,460.5,311.775,450.66,318.15,271,1025,174,1104,1748,2397
5675600,460.74,312.975,450.34,318.975,274,1037,171,1114,1744,2405
5675602,460.26,312.375,450.42,318.525,269,1031,172,1109,1743,2398
5675604,459.62,312.825,450.34,318.825,263,1037,171,1112,1742,2394
5675606,460.26,312.525,450.66,319.425,269,1033,175,1118,1739,2406
5675608,460.02,311.925,450.42,318.45,265,1027,172,1108,1744,2397
5675610,460.26,312.075,450.18,318.75,269,1028,170,1111,1745,2392
5675612,460.1,312.9,450.02,319.95,268,1038,169,1125,1737,2402
5675614,459.86,311.85,450.1,319.05,264,1026,169,1115,1739,2394
5675616,459.78,313.425,449.78,318.75,265,1043,165,1111,1740,2392
5675618,460.42,311.7,449.7,319.2,269,1024,165,1116,1737,2393
5675620,459.86,313.425,449.94,319.125,265,1043,167,1115,1740,2393
5675622,459.7,312.825,449.86,318.6,263,1037,166,1110,1735,2393
5675624,459.54,312,450.1,319.2,260,1029,168,1116,1742,2392
5675626,459.86,312.75,449.86,319.05,264,1036,166,1115,1733,2394
5675628,459.86,313.125,450.1,319.275,264,1040,168,1117,1736,2388
5675630,459.7,312.3,450.5,318.9,262,1032,172,1112,1734,2387
5675632,460.34,312,449.86,319.5,269,1028,166,1120,1732,2390
5675634,460.02,312.375,450.1,319.275,265,1032,168,1117,1732,2388
5675636,460.42,311.25,450.42,318.9,268,1020,171,1113,1732,2386
5675638,460.9,311.7,450.58,318.825,273,1024,172,1112,1733,2388
5675640,460.66,311.25,450.74,319.05,270,1019,174,1114,1728,2379
5675642,460.26,311.925,450.74,318.975,267,1027,174,1114,1731,2385
5675644,460.74,311.925,450.5,319.8,271,1027,172,1123,1726,2381
5675646,460.74,311.25,450.5,318.9,271,1020,171,1113,1725,2381
5675648,460.42,313.05,450.74,319.95,269,1039,175,1124,1724,2375
5675650,460.74,312.6,450.74,319.35,273,1034,174,1118,1725,2378
5675652,461.06,311.55,450.82,319.35,275,1023,175,1119,1729,2377
5675654,460.74,312.225,451.14,319.575,272,1030,178,1120,1723,2372
5675656,460.9,312.6,450.9,319.275,273,1035,175,1118,1723,2374
5675658,461.62,311.85,451.14,318.375,280,1026,177,1108,1717,2371
5675660,460.58,312.45,450.98,319.8,270,1034,177,1124,1718,2368
5675662,460.74,312.6,451.14,318.975,272,1035,177,1114,1721,2366
5675664,460.66,311.925,450.82,318.75,270,1029,173,1113,1718,2362
5675666,460.34,312.9,450.66,318.975,267,1039,173,1115,1714,2361
5675668,460.58,313.65,450.98,319.2,271,1047,176,1118,1719,2361
5675670,460.26,312.675,450.74,318.9,267,1038,173,1115,1716,2358
5675672,460.42,312.975,450.74,319.65,268,1041,174,1123,1713,2358
5675674,460.34,313.275,451.06,319.35,268,1044,177,1120,1715,2355
5675676,461.06,312.825,451.14,319.05,274,1039,177,1117,1713,2354
5675678,460.34,313.35,451.38,320.025,268,1045,180,1127,1713,2354
5675680,460.26,313.125,451.62,320.175,266,1044,183,1129,1713,2352
5675682,460.82,312.825,451.06,319.575,272,1040,176,1123,1707,2348
5675684,460.5,313.425,451.62,320.775,270,1047,183,1136,1708,2345
5675686,460.42,313.425,451.46,319.8,269,1047,181,1126,1711,2348
5675688,460.66,313.275,451.62,320.4,271,1046,183,1133,1705,2344
5675690,460.82,312.975,451.78,320.85,272,1043,185,1137,1703,2345
5675692,460.9,314.025,451.86,320.7,274,1054,186,1137,1705,2339
5675694,461.22,313.575,451.7,321.225,277,1049,184,1142,1704,2337
5675696,460.98,313.95,452.1,322.425,275,1054,190,1156,1706,2336
5675698,460.74,314.325,451.94,321.9,273,1059,187,1150,1706,2338
5675700,461.22,314.025,451.62,321.825,277,1055,184,1151,1704,2333
5675702,461.54,313.725,451.62,322.05,280,1052,185,1153,1698,2333
5675704,461.54,313.275,451.46,321.6,280,1047,182,1149,1696,2329
5675706,461.3,312.9,451.7,322.05,277,1044,186,1153,1696,2325
5675708,461.94,313.875,452.02,322.275,285,1054,189,1156,1691,2330
5675710,461.7,313.95,451.54,322.05,283,1055,184,1154,1695,2323
5675712,461.7,313.275,452.26,322.575,281,1049,192,1160,1690,2319
5675714,461.78,313.65,451.94,324,283,1053,191,1175,1688,2314
5675716,462.02,313.875,452.26,323.175,285,1055,192,1167,1692,2315
5675718,461.94,313.275,452.34,323.325,284,1049,194,1168,1685,2313
5675720,461.38,313.2,452.18,322.65,278,1049,191,1162,1682,2316
5675722,462.1,313.35,452.02,322.875,286,1050,190,1164,1684,2309
5675724,461.7,312.75,452.42,323.55,280,1044,194,1172,1683,2305
5675726,461.46,312.975,452.82,323.475,279,1047,199,1170,1684,2303
5675728,461.94,312.9,452.9,323.85,283,1046,199,1174,1680,2301
5675730,461.62,312.45,452.74,323.775,280,1041,198,1173,1679,2297
5675732,461.54,312.975,452.58,323.475,279,1047,195,1171,1676,2295
5675734,462.1,312.6,452.26,322.95,284,1043,192,1166,1679,2298
5675736,461.46,313.2,452.34,323.55,278,1051,193,1172,1677,2293
5675738,461.78,312.6,452.66,321.45,281,1044,195,1149,1673,2297
5675740,461.54,312.675,452.66,323.175,279,1044,196,1168,1673,2293
5675742,461.54,313.125,452.98,323.475,279,1050,199,1170,1670,2287
5675744,461.46,313.05,452.82,323.1,278,1049,197,1167,1664,2285
5675746,462.66,312.9,453.3,323.925,290,1045,203,1175,1668,2288
5675748,462.9,313.05,453.7,323.4,293,1047,206,1169,1665,2279
5675750,465.22,313.95,454.66,324.525,317,1055,218,1180,1672,2287
5675752,467.78,315.075,456.82,324.15,346,1064,239,1174,1661,2287
5675754,470.66,315.975,460.42,324,377,1070,278,1168,1656,2277
5675756,474.74,317.625,463.78,324.9,421,1084,313,1174,1670,2279
5675758,477.78,316.575,466.1,325.425,452,1069,339,1177,1660,2278
5675760,480.02,318.375,468.26,325.35,477,1086,361,1174,1658,2272
5675762,481.94,318.825,469.14,325.575,498,1089,370,1176,1666,2276
5675764,481.86,319.35,468.5,326.475,497,1095,365,1185,1670,2271
5675766,479.78,319.575,468.18,326.55,476,1099,361,1187,1664,2271
5675768,478.42,319.725,466.26,325.8,462,1102,340,1181,1657,2277
5675770,477.3,318.375,464.02,325.575,448,1088,316,1181,1657,2269
5675772,475.46,317.7,462.74,325.65,428,1084,303,1184,1661,2270
5675774,474.34,316.95,462.1,325.875,416,1076,296,1186,1657,2268
5675776,472.42,316.65,461.38,326.025,395,1075,289,1189,1653,2264
5675778,472.34,316.65,460.9,324.525,394,1076,282,1173,1655,2264
5675780,472.18,316.875,461.54,325.275,393,1078,290,1180,1654,2266
5675782,471.46,315.525,460.74,324.75,384,1064,281,1176,1649,2264
5675784,471.14,316.875,460.42,325.125,381,1079,278,1180,1655,2261
5675786,471.22,316.65,460.02,324.825,383,1077,273,1177,1646,2257
5675788,470.5,316.35,459.38,325.8,375,1074,267,1189,1647,2258
5675790,470.34,315.9,459.14,325.05,373,1070,264,1180,1647,2254
5675792,470.42,315.375,458.34,325.65,373,1064,257,1188,1648,2258
5675794,469.86,315.45,457.86,326.025,367,1065,252,1193,1648,2257
5675796,469.38,315.375,458.42,325.875,362,1064,258,1190,1648,2253
5675798,470.02,315.825,457.54,326.175,369,1069,248,1195,1647,2254
5675800,469.94,314.775,457.94,325.725,367,1057,253,1189,1643,2256
5675802,469.78,314.7,458.42,325.575,365,1057,257,1187,1643,2254
5675804,469.94,315,457.38,325.425,367,1060,246,1187,1644,2255
5675806,470.34,314.85,458.58,325.275,371,1058,258,1183,1644,2258
5675808,469.86,314.25,458.34,324.9,365,1052,255,1180,1643,2252
5675810,470.66,315.3,457.78,325.125,375,1062,250,1182,1640,2250
5675812,470.5,315.225,457.94,325.425,374,1062,252,1185,1643,2249
5675814,470.58,315.15,458.66,324.9,374,1061,258,1179,1640,2251
5675816,470.34,315.9,458.42,325.5,372,1069,257,1186,1642,2249
5675818,470.18,315.3,458.18,325.65,370,1063,254,1188,1639,2246
5675820,470.9,314.325,458.18,326.175,376,1052,255,1194,1639,2247
5675822,470.18,314.25,458.42,324.975,369,1051,256,1181,1642,2250
5675824,470.42,315.9,458.18,325.425,373,1069,254,1185,1638,2247
5675826,470.82,315.225,458.42,325.5,377,1061,257,1186,1640,2251
5675828,469.94,314.925,457.94,325.5,368,1059,252,1186,1639,2243
5675830,470.74,314.55,457.78,324.9,375,1054,250,1180,1639,2248
5675832,471.62,314.85,458.26,325.875,385,1056,256,1190,1637,2246
5675834,470.42,314.175,458.1,325.35,372,1050,254,1184,1638,2246
5675836,470.82,314.775,457.94,324.975,376,1056,252,1180,1638,2246
5675838,470.74,314.625,458.26,325.2,375,1055,255,1182,1639,2249
5675840,470.5,313.875,457.94,324.9,372,1047,251,1179,1637,2241
5675842,471.38,314.025,457.86,324.525,381,1047,250,1176,1635,2240
5675844,470.98,314.625,457.94,325.35,378,1054,251,1185,1635,2243
5675846,470.58,314.55,458.02,324.375,374,1054,251,1174,1637,2245
5675848,470.9,314.55,457.94,324.975,377,1053,251,1180,1638,2245
5675850,470.5,313.8,457.46,324.825,371,1046,246,1179,1635,2242
5675852,470.02,314.55,457.86,324.975,367,1054,250,1180,1635,2240
5675854,470.66,314.25,457.54,324.675,374,1050,247,1177,1635,2245
5675856,469.86,315,457.7,324.75,365,1060,247,1179,1634,2239
5675858,469.94,314.55,457.38,324.675,366,1055,244,1177,1633,2240
5675860,470.5,314.25,457.54,324.675,371,1050,245,1177,1637,2245
5675862,470.18,313.725,457.62,324.975,367,1046,247,1181,1635,2239
5675864,470.02,315.75,457.54,324.45,368,1068,245,1175,1637,2245
5675866,470.34,314.925,457.38,324.825,370,1058,244,1180,1638,2242
5675868,469.86,314.1,457.3,324.9,364,1050,243,1180,1634,2240
5675870,470.5,315.375,457.22,324.825,372,1063,242,1179,1630,2242
5675872,470.5,314.775,457.62,324.375,370,1056,245,1174,1637,2240
5675874,470.02,314.7,457.3,324.825,365,1056,242,1179,1634,2238
5675876,470.42,315.75,457.38,325.05,370,1067,243,1182,1633,2238
5675878,470.9,313.95,456.98,324.45,374,1047,239,1176,1635,2239
5675880,470.5,314.175,457.94,324.9,369,1051,248,1180,1636,2234
5675882,469.78,314.775,457.22,324.6,362,1057,241,1177,1633,2239
5675884,470.34,314.25,457.14,324.525,367,1051,239,1177,1633,2238
5675886,469.54,314.55,457.54,324.45,359,1055,243,1176,1633,2237
5675888,470.1,315,457.46,324.6,365,1060,242,1177,1631,2237
5675890,469.46,314.85,457.38,324.3,359,1059,241,1174,1639,2240
5675892,470.18,314.625,457.78,324.45,366,1056,245,1175,1640,2238
5675894,469.94,315,457.38,324.525,363,1060,241,1177,1636,2240
5675896,469.7,313.8,458.02,324.675,360,1047,248,1178,1633,2242
5675898,470.02,314.4,457.14,324.6,364,1054,239,1178,1633,2236
5675900,470.02,315.3,457.62,324.15,364,1063,243,1173,1634,2235
5675902,469.86,314.25,457.06,324.3,361,1053,237,1175,1635,2236
5675904,470.34,314.25,457.86,324.825,366,1052,246,1180,1632,2236
5675906,470.1,314.4,457.62,324.225,364,1054,243,1174,1631,2242
5675908,470.26,314.4,457.38,324.45,366,1054,240,1177,1635,2238
5675910,469.46,313.875,457.7,323.775,356,1049,243,1169,1632,2240
5675912,470.82,314.25,458.26,323.7,370,1052,248,1168,1632,2240
5675914,470.66,313.875,457.86,323.7,369,1048,244,1169,1635,2237
5675916,470.66,314.025,458.34,324.225,369,1049,250,1174,1631,2238
5675918,470.66,313.2,458.34,323.775,368,1041,250,1169,1632,2239
5675920,470.66,314.7,458.26,323.7,369,1058,248,1168,1627,2242
5675922,470.74,314.25,458.42,322.95,370,1053,249,1160,1634,2237
5675924,469.94,314.1,457.78,322.725,361,1052,243,1158,1634,2237
5675926,470.66,313.95,458.1,323.1,369,1049,246,1162,1632,2237
5675928,470.42,313.725,458.58,322.95,366,1047,251,1160,1629,2238
5675930,470.26,313.8,458.5,323.475,364,1048,251,1166,1633,2239
5675932,470.26,313.8,458.18,322.875,365,1048,247,1160,1633,2235
5675934,471.14,314.55,458.18,323.55,374,1055,247,1166,1637,2238
5675936,470.18,313.5,458.5,323.025,364,1045,250,1161,1633,2239
5675938,470.34,314.175,459.14,323.25,366,1052,258,1162,1633,2240
5675940,470.58,314.175,458.82,322.95,368,1052,254,1160,1635,2239
5675942,470.58,313.35,458.66,322.5,367,1043,252,1155,1636,2244
5675944,470.98,314.775,459.14,322.65,374,1058,257,1156,1638,2239
5675946,470.5,313.875,458.74,322.95,368,1049,254,1160,1634,2244
5675948,471.3,314.325,458.74,323.175,377,1053,254,1162,1632,2243
5675950,470.98,314.325,459.06,322.875,374,1054,258,1159,1637,2245
5675952,470.74,313.8,458.66,322.425,371,1048,253,1154,1636,2243
5675954,471.14,314.1,458.98,323.025,376,1051,257,1161,1634,2240
5675956,470.74,314.1,458.98,322.875,371,1051,257,1159,1634,2244
5675958,470.5,314.325,459.14,322.725,370,1054,259,1157,1638,2246
5675960,471.14,314.4,458.98,322.95,376,1054,257,1160,1637,2241
5675962,471.14,314.4,459.06,322.8,376,1054,258,1158,1637,2245
5675964,471.3,314.1,459.22,322.275,378,1051,259,1152,1633,2246
5675966,471.3,314.475,458.74,322.5,378,1055,255,1155,1632,2242
5675968,470.5,314.1,459.06,322.875,370,1052,259,1159,1640,2243
5675970,470.98,313.95,459.14,322.125,375,1049,259,1151,1637,2243
5675972,471.14,313.8,459.14,322.125,377,1048,260,1151,1633,2245
5675974,471.3,313.5,458.98,322.125,378,1044,258,1150,1635,2245
5675976,470.82,313.875,459.14,321.75,374,1049,259,1147,1637,2243
5675978,471.38,313.875,459.22,321.6,380,1048,260,1145,1634,2246
5675980,471.22,314.025,458.98,321.825,379,1050,259,1148,1636,2244
5675982,470.9,314.025,458.98,321.75,376,1051,259,1146,1636,2248
5675984,471.22,314.175,458.82,322.2,379,1052,258,1152,1637,2245
5675986,470.9,314.325,459.06,322.425,377,1054,260,1154,1636,2248
5675988,470.74,314.025,458.9,322.5,375,1051,259,1155,1635,2244
5675990,471.7,314.175,459.3,321.6,385,1051,262,1145,1634,2248
5675992,471.14,314.625,458.98,321.525,381,1056,259,1144,1636,2246
5675994,470.58,314.475,459.7,322.125,374,1056,268,1150,1638,2248
5675996,471.06,315.15,459.22,322.05,381,1062,263,1150,1636,2250
5675998,470.66,314.55,458.98,321.9,376,1056,260,1148,1637,2249
5676000,470.98,314.4,458.66,321.9,379,1054,258,1148,1634,2249
5676002,471.06,313.875,459.14,322.2,380,1048,263,1151,1640,2250
5676004,470.5,314.775,459.14,322.8,375,1059,264,1157,1639,2251
5676006,470.58,314.775,458.82,322.275,376,1058,260,1153,1635,2246
5676008,470.9,315.225,459.3,322.275,379,1062,265,1152,1639,2254
5676010,470.74,315,459.06,322.95,378,1061,264,1159,1640,2255
5676012,470.74,315.225,458.66,322.425,378,1062,259,1154,1638,2253
5676014,470.5,315.675,459.3,322.125,376,1068,265,1150,1637,2260
5676016,470.66,315.375,458.82,322.5,378,1064,261,1154,1635,2255
5676018,470.82,314.1,459.38,322.5,378,1050,267,1153,1635,2255
5676020,470.9,315.3,458.26,321.9,380,1063,255,1148,1636,2254
5676022,471.06,315.075,459.14,322.125,382,1061,264,1150,1639,2259
5676024,470.82,315,459.46,322.2,379,1060,267,1150,1639,2256
5676026,470.34,315.6,458.9,322.425,374,1067,261,1153,1640,2259
5676028,470.74,315.45,459.06,321.825,378,1064,263,1146,1637,2263
5676030,470.74,315.45,459.7,322.125,379,1065,270,1148,1640,2260
5676032,470.58,315.3,458.02,322.425,377,1062,252,1154,1639,2257
5676034,471.06,314.775,459.06,321.225,381,1056,262,1139,1640,2258
5676036,471.06,315,458.5,321.675,381,1058,257,1144,1636,2260
5676038,470.58,314.85,457.94,321.375,376,1057,250,1142,1636,2261
5676040,471.06,315.975,458.74,321.675,382,1069,259,1144,1637,2262
5676042,471.06,314.1,458.18,321.975,380,1049,253,1148,1640,2266
5676044,470.66,314.325,457.7,321.3,376,1052,247,1141,1634,2265
5676046,470.74,314.025,458.1,320.85,376,1048,251,1136,1637,2273
5676048,470.34,314.775,457.86,321.6,373,1056,249,1144,1639,2269
5676050,470.34,315.975,457.62,320.475,374,1070,245,1132,1643,2276
5676052,470.9,314.4,457.94,321.15,378,1052,249,1139,1634,2278
5676054,470.5,314.775,457.78,321.3,374,1056,248,1141,1640,2271
5676056,469.78,316.5,458.02,321.225,368,1075,249,1140,1641,2276
5676058,470.26,315.675,457.78,321.525,372,1067,248,1143,1639,2272
5676060,470.18,315.675,457.86,321.375,372,1066,248,1141,1640,2275
5676062,470.18,316.275,457.94,321.975,372,1073,249,1147,1638,2279
5676064,470.5,316.5,458.58,322.125,376,1075,256,1148,1640,2276
5676066,470.1,316.725,457.94,322.425,371,1078,250,1152,1643,2273
5676068,470.74,317.025,458.18,322.05,379,1080,252,1148,1646,2278
5676070,470.5,315.825,458.02,321.9,375,1067,250,1147,1641,2277
5676072,470.1,317.7,458.9,321.75,372,1088,258,1144,1645,2276
5676074,470.34,317.175,457.86,322.35,374,1082,248,1152,1643,2281
5676076,470.82,317.325,457.94,321.15,379,1083,248,1138,1644,2282
5676078,470.5,316.8,458.34,320.625,375,1078,252,1132,1645,2282
5676080,470.9,317.775,457.94,320.775,380,1088,247,1135,1644,2288
5676082,471.06,316.125,458.58,320.025,380,1070,253,1125,1640,2288
5676084,470.98,317.85,458.42,319.65,381,1089,251,1122,1646,2287
5676086,470.9,316.35,457.78,319.575,379,1073,244,1122,1644,2293
5676088,470.74,314.85,458.34,319.875,376,1057,250,1124,1642,2291
5676090,470.42,316.575,458.18,318.9,374,1076,247,1114,1649,2291
5676092,470.9,315.525,457.86,318.75,378,1064,244,1113,1643,2297
5676094,471.06,315.225,458.18,318,379,1061,247,1104,1648,2298
5676096,470.9,315.075,457.78,318.375,378,1059,243,1109,1649,2297
5676098,471.3,315,457.94,318.15,382,1058,244,1106,1647,2302
5676100,471.86,314.325,458.42,318.3,387,1050,251,1108,1645,2301
5676102,471.7,314.025,457.94,317.625,385,1047,245,1100,1647,2300
5676104,471.14,314.85,457.94,318.45,380,1056,246,1110,1645,2301
5676106,471.94,313.875,458.5,317.775,387,1045,251,1102,1649,2300
5676108,471.46,314.85,458.26,317.775,384,1056,248,1102,1652,2301
5676110,471.7,314.625,458.02,318,386,1053,246,1104,1643,2308
5676112,471.22,316.125,458.18,318.225,383,1069,248,1107,1656,2303
5676114,471.46,315,458.9,318.3,384,1057,256,1106,1651,2307
5676116,471.06,316.725,458.66,318.225,382,1076,254,1106,1657,2310
5676118,471.38,316.875,458.18,319.125,386,1077,249,1116,1659,2307
5676120,471.22,317.475,458.34,319.275,385,1084,252,1118,1656,2307
5676122,471.3,317.625,459.3,319.05,386,1086,262,1114,1661,2308
5676124,471.06,317.85,458.82,319.875,384,1088,258,1124,1655,2309
5676126,471.94,318.075,458.9,320.1,394,1089,259,1126,1657,2314
5676128,471.86,318.225,459.06,320.025,394,1092,260,1125,1658,2314
5676130,471.86,319.35,459.06,320.1,395,1104,261,1126,1660,2314
5676132,471.7,318.225,459.06,320.625,392,1092,262,1132,1660,2311
5676134,471.14,319.2,458.58,320.4,387,1103,257,1130,1663,2313
5676136,470.5,320.325,458.82,320.625,382,1116,259,1132,1664,2314
5676138,470.42,320.025,457.46,321.675,381,1113,246,1145,1661,2321
5676140,469.22,320.85,456.58,321.45,369,1123,237,1144,1662,2320
5676142,468.1,321.225,455.62,322.425,358,1129,228,1155,1661,2321
5676144,466.98,321.6,454.42,321.9,346,1134,215,1152,1666,2320
5676146,465.86,321.15,453.14,321.45,334,1130,201,1148,1666,2322
5676148,465.22,320.7,453.06,321.525,327,1127,201,1149,1660,2322
5676150,466.98,321.15,453.38,321.075,346,1130,203,1144,1671,2325
5676152,466.82,321.975,454.42,321.075,346,1139,215,1143,1668,2325
5676154,467.94,320.925,455.3,321.15,356,1127,224,1143,1662,2331
5676156,467.62,321.75,455.06,320.625,354,1136,221,1138,1667,2331
5676158,467.78,321.375,454.42,320.475,356,1131,214,1136,1668,2332
5676160,467.94,320.55,454.74,320.775,357,1123,218,1139,1669,2334
5676162,467.14,319.95,454.82,319.725,347,1117,218,1128,1667,2338
5676164,467.46,321.075,453.78,320.25,352,1129,207,1135,1666,2338
5676166,467.38,319.8,454.18,319.65,349,1115,211,1128,1666,2331
5676168,467.22,319.425,454.1,319.35,347,1111,210,1125,1669,2334
5676170,467.22,319.95,453.94,319.725,348,1117,208,1130,1668,2338
5676172,467.46,318.525,454.18,319.575,348,1102,210,1128,1668,2340
5676174,466.18,319.125,454.1,319.425,336,1109,209,1126,1673,2339
5676176,466.5,318.975,453.7,319.8,339,1108,205,1130,1675,2340
5676178,466.66,318.825,453.38,319.275,340,1105,202,1125,1672,2342
5676180,466.26,318.6,453.14,318.75,336,1103,198,1119,1672,2344
5676182,465.94,318.675,453.3,318.975,332,1105,200,1121,1675,2340
5676184,466.18,318.9,453.54,318.9,334,1106,201,1120,1673,2343
5676186,465.86,318.225,452.82,318.225,330,1099,193,1113,1673,2343
5676188,466.1,318.225,453.06,318.6,333,1098,195,1117,1673,2345
5676190,465.86,317.475,452.74,318.375,329,1091,192,1114,1675,2345
5676192,466.26,317.775,452.98,318.675,333,1093,195,1117,1674,2344
5676194,466.18,317.85,453.22,318.3,332,1093,197,1112,1673,2348
5676196,465.78,318,452.82,318.075,327,1095,191,1110,1678,2344
5676198,465.78,317.85,452.82,318,327,1093,192,1109,1676,2345
5676200,466.1,318.6,452.58,318.525,331,1101,189,1114,1678,2347
5676202,465.62,317.7,452.34,318.675,325,1092,187,1116,1679,2349
5676204,465.94,317.475,452.5,318.45,327,1088,187,1113,1676,2352
5676206,465.86,317.925,452.34,318.675,327,1093,186,1116,1674,2351
5676208,465.7,317.7,452.42,319.05,324,1090,186,1119,1678,2351
5676210,465.62,318.15,452.5,319.875,324,1095,188,1128,1679,2349
5676212,465.62,318.45,452.66,319.425,323,1097,188,1122,1682,2354
5676214,465.78,317.925,452.1,319.125,324,1092,182,1119,1680,2348
5676216,465.7,318.525,452.5,319.275,323,1098,185,1120,1680,2353
5676218,465.62,317.925,452.26,318.975,322,1091,182,1116,1678,2349
5676220,465.62,319.275,452.58,319.35,322,1105,186,1120,1682,2351
5676222,465.86,317.625,452.34,319.05,323,1086,182,1117,1676,2351
5676224,466.1,318.15,452.26,318.75,326,1091,181,1113,1682,2351
5676226,466.18,317.85,452.9,319.05,326,1088,188,1115,1674,2355
5676228,465.86,318.825,452.98,318.9,323,1098,188,1113,1682,2355
5676230,466.1,317.925,452.42,319.35,324,1088,183,1119,1680,2353
5676232,466.18,318.15,452.18,318.675,325,1090,179,1111,1678,2354
5676234,466.02,318,452.58,319.275,323,1089,183,1117,1676,2354
5676236,466.34,318,452.42,317.85,326,1088,180,1102,1680,2354
5676238,466.98,317.55,452.98,318.525,333,1082,186,1108,1678,2356
5676240,466.1,318.075,452.98,318.9,323,1089,186,1112,1680,2353
5676242,466.26,317.7,453.14,318.675,324,1084,188,1109,1678,2358
5676244,467.54,318.075,453.78,318.75,338,1086,194,1109,1678,2357
5676246,466.98,317.625,453.14,318.75,331,1082,187,1109,1679,2359
5676248,466.82,318.225,453.94,319.2,330,1089,196,1113,1679,2356
5676250,467.3,317.55,453.54,318.9,334,1081,191,1110,1677,2359
5676252,466.74,318.525,453.22,319.275,329,1092,188,1114,1679,2358
5676254,467.46,317.85,454.18,318.975,336,1084,197,1110,1679,2361
5676256,467.3,318.3,454.5,319.35,334,1088,201,1114,1677,2358
5676258,466.98,318.3,454.42,319.35,331,1089,200,1114,1678,2360
5676260,467.46,318.825,454.26,318.9,337,1094,198,1109,1681,2356
5676262,467.46,318.975,454.18,319.35,337,1095,198,1114,1678,2359
5676264,467.38,318.75,454.5,319.35,336,1093,201,1114,1680,2357
5676266,467.78,318.825,454.34,319.275,340,1094,199,1113,1683,2356
5676268,467.94,318,454.58,319.35,342,1084,203,1114,1681,2358
5676270,467.46,319.05,454.74,319.5,338,1096,205,1115,1680,2361
5676272,467.86,318.825,454.66,319.95,342,1094,205,1121,1679,2354
5676274,468.18,319.35,454.82,319.725,346,1099,207,1117,1677,2361
5676276,467.7,319.35,454.58,319.65,342,1100,204,1117,1680,2357
5676278,468.02,318.9,455.06,319.8,344,1095,210,1119,1677,2355
5676280,468.42,319.35,454.98,319.425,350,1100,209,1115,1674,2356
5676282,468.18,320.175,454.98,319.425,348,1109,209,1115,1682,2358
5676284,468.18,319.8,455.3,319.95,349,1105,214,1121,1683,2359
5676286,468.1,319.65,455.14,319.725,348,1104,212,1118,1675,2356
5676288,468.18,319.05,455.14,319.8,349,1098,213,1120,1673,2360
5676290,468.5,319.65,455.62,319.65,353,1104,218,1118,1674,2357
5676292,469.14,319.575,455.62,319.575,361,1103,219,1118,1674,2355
5676294,469.38,319.725,456.58,318.675,364,1105,228,1107,1669,2354
5676296,469.14,319.8,456.02,319.425,362,1106,224,1116,1674,2356
5676298,469.62,319.725,455.86,319.275,367,1105,222,1115,1674,2353
5676300,469.14,320.475,455.94,319.05,364,1114,223,1113,1674,2352
5676302,469.3,318.9,455.62,319.8,364,1097,221,1121,1667,2353
5676304,469.38,319.2,456.26,319.575,366,1100,229,1119,1669,2347
5676306,469.14,320.7,455.7,319.5,365,1117,223,1119,1673,2352
5676308,469.46,320.625,455.7,320.025,369,1116,224,1125,1668,2351
5676310,469.22,319.575,455.46,319.05,366,1105,221,1115,1672,2351
5676312,469.62,320.1,456.18,319.5,371,1111,229,1119,1667,2348
5676314,469.3,319.425,455.62,319.35,367,1104,223,1118,1667,2352
5676316,469.3,320.55,455.86,319.425,369,1117,226,1119,1667,2350
5676318,469.62,318.675,455.94,319.65,370,1096,228,1122,1667,2344
5676320,468.98,319.8,455.86,319.05,365,1109,226,1116,1669,2347
5676322,468.82,319.125,455.14,319.35,363,1102,219,1119,1663,2349
5676324,469.06,319.05,455.62,320.175,366,1102,226,1128,1663,2345
5676326,468.42,318.825,455.22,318.9,358,1100,220,1115,1662,2351
5676328,468.74,318.375,454.98,318.975,362,1095,218,1116,1665,2350
5676330,468.74,317.925,455.38,318.525,361,1090,222,1111,1661,2356
5676332,468.42,318.525,455.3,318.3,359,1096,221,1109,1668,2350
5676334,468.5,317.55,455.3,318.6,359,1086,221,1111,1661,2356
5676336,468.74,317.25,455.3,318.975,361,1082,222,1116,1660,2346
5676338,468.74,317.55,455.14,317.775,362,1085,219,1103,1662,2349
5676340,468.58,317.7,454.82,318.375,360,1087,216,1110,1660,2348
5676342,468.82,316.725,454.66,318.375,362,1076,214,1110,1654,2347
5676344,468.66,316.2,454.74,317.7,359,1071,215,1102,1654,2345
5676346,468.98,315.825,455.06,317.625,362,1066,218,1101,1654,2346
5676348,467.78,317.475,454.66,318.075,352,1085,214,1105,1657,2343
5676350,468.42,317.925,454.58,318.375,359,1090,214,1109,1654,2347
5676352,468.26,317.325,455.22,319.35,356,1083,221,1118,1656,2341
5676354,468.1,317.1,454.42,318.375,355,1080,212,1109,1656,2343
5676356,468.26,317.175,454.34,318.225,356,1081,211,1107,1649,2345
5676358,468.18,315.9,454.82,318.075,355,1067,216,1105,1648,2342
5676360,468.18,316.725,454.42,318.75,355,1075,212,1112,1652,2342
5676362,467.78,318.675,454.02,318.675,352,1097,208,1112,1649,2342
5676364,468.42,316.275,454.18,318.9,356,1070,210,1114,1650,2339
5676366,467.62,316.95,454.02,318.3,349,1078,207,1107,1649,2337
5676368,468.02,317.325,454.18,318.9,353,1081,209,1114,1647,2339
5676370,468.26,316.35,454.58,318.075,355,1071,213,1104,1646,2334
5676372,468.34,317.4,453.78,318,356,1082,204,1104,1650,2335
5676374,468.18,317.025,454.34,318.975,354,1078,211,1114,1641,2335
5676376,468.42,316.65,455.06,318.375,356,1073,217,1107,1645,2334
5676378,468.34,316.8,454.18,318.75,356,1075,209,1112,1644,2338
5676380,467.94,317.625,454.26,319.725,352,1085,211,1122,1642,2332
5676382,468.26,316.8,454.98,319.275,354,1076,217,1116,1638,2332
5676384,467.22,317.925,454.5,319.575,344,1089,212,1120,1637,2334
5676386,467.62,318.375,454.82,319.725,349,1093,216,1122,1639,2330
5676388,467.14,318.9,454.9,319.5,344,1100,216,1119,1637,2331
5676390,467.7,317.925,454.1,319.35,349,1088,208,1118,1636,2333
5676392,467.78,318.9,454.66,319.8,351,1098,214,1123,1639,2329
5676394,467.7,318.225,455.62,320.25,349,1092,224,1127,1639,2328
5676396,467.38,318.825,455.06,319.575,346,1099,218,1120,1640,2331
5676398,467.7,318.15,454.74,319.65,349,1091,214,1121,1634,2326
5676400,467.54,317.25,455.46,319.65,346,1082,221,1120,1631,2327
5676402,468.02,317.4,454.74,319.275,351,1083,214,1117,1635,2330
5676404,467.3,318.675,455.06,319.875,345,1098,217,1124,1636,2324
5676406,467.86,317.175,455.22,319.35,349,1081,219,1118,1632,2329
5676408,467.54,316.875,454.74,319.575,346,1078,214,1121,1626,2329
5676410,467.38,317.4,455.3,320.475,344,1084,220,1130,1628,2325
5676412,467.46,317.4,455.38,319.65,345,1084,221,1121,1630,2327
5676414,467.62,317.775,455.3,319.65,348,1088,220,1121,1630,2321
5676416,467.38,317.55,454.9,319.05,345,1086,215,1116,1631,2326
5676418,467.7,317.325,455.22,319.8,348,1083,219,1123,1625,2322
5676420,467.94,317.55,455.14,319.875,351,1085,219,1125,1629,2321
5676422,467.7,316.875,455.14,319.35,348,1079,219,1119,1627,2318
5676424,467.94,316.95,455.3,319.8,350,1079,220,1124,1623,2319
5676426,468.18,316.95,455.46,320.325,353,1079,223,1129,1626,2316
5676428,467.7,317.325,455.22,319.275,348,1084,219,1118,1627,2317
5676430,467.62,317.775,455.62,319.575,348,1089,224,1121,1627,2320
5676432,468.1,317.775,455.46,320.7,353,1089,223,1133,1630,2319
5676434,468.18,316.8,455.78,320.1,352,1078,226,1127,1625,2314
5676436,468.5,317.775,455.22,320.25,358,1088,221,1130,1627,2313
5676438,468.58,318.15,455.54,319.425,358,1092,223,1120,1626,2315
5676440,467.54,317.25,455.7,319.8,347,1084,225,1124,1620,2317
5676442,468.02,318,455.54,320.1,352,1091,224,1128,1625,2314
5676444,468.58,317.7,455.62,320.55,359,1088,226,1133,1626,2315
5676446,468.34,317.925,456.02,320.175,356,1090,229,1128,1625,2317
5676448,468.42,316.575,455.7,319.8,356,1076,226,1124,1620,2313
5676450,467.7,317.325,455.62,320.175,349,1084,225,1128,1622,2314
5676452,467.78,317.025,455.54,320.325,350,1081,224,1130,1617,2314
5676454,467.78,317.025,455.3,319.875,350,1081,222,1126,1620,2315
5676456,467.54,316.425,455.22,320.1,347,1075,221,1128,1619,2314
5676458,468.1,316.8,455.62,320.4,352,1078,226,1131,1615,2311
5676460,467.14,316.275,454.74,319.8,342,1073,215,1125,1614,2307
5676462,467.62,316.275,454.66,320.1,347,1073,215,1129,1613,2308
5676464,467.54,316.425,454.98,319.725,346,1074,218,1124,1612,2312
5676466,467.14,315.825,454.74,319.875,342,1068,215,1126,1613,2307
5676468,467.46,315.15,454.5,318.9,344,1060,212,1115,1612,2308
5676470,467.7,315.75,454.9,318.9,347,1067,216,1115,1612,2303
5676472,468.1,315,454.98,318.975,351,1058,216,1115,1613,2307
5676474,467.86,314.25,454.98,318,347,1050,216,1105,1612,2304
5676476,467.86,315.375,455.22,318.75,348,1062,219,1113,1607,2304
5676478,468.58,314.85,454.9,318.75,355,1056,215,1112,1613,2307
5676480,467.86,314.4,454.5,318.675,347,1051,211,1111,1611,2305
5676482,467.94,315.75,455.06,318.45,350,1066,217,1109,1610,2302
5676484,468.18,314.85,454.98,318.225,351,1055,216,1106,1610,2299
5676486,468.42,314.175,454.9,318.075,352,1047,214,1104,1610,2301
5676488,468.18,315.15,455.22,318.75,351,1058,218,1110,1608,2300
5676490,468.42,314.475,454.9,318.375,353,1050,215,1107,1608,2301
5676492,468.66,313.875,455.22,318.375,355,1043,218,1106,1610,2302
5676494,468.42,315.3,455.78,318.525,354,1058,224,1107,1611,2303
5676496,468.82,314.1,455.94,317.775,356,1045,225,1097,1612,2304
5676498,468.66,314.475,455.38,318.375,355,1048,220,1105,1606,2296
5676500,468.66,315.6,456.18,318.825,357,1059,228,1108,1608,2298
5676502,469.3,313.875,455.86,318.375,361,1041,225,1104,1608,2299
5676504,468.74,314.7,456.02,318.525,356,1050,226,1105,1610,2295
5676506,468.34,314.925,455.86,318.6,352,1052,225,1106,1608,2296
5676508,468.74,313.8,456.26,318.375,355,1039,229,1102,1610,2297
5676510,468.74,314.775,456.02,318.525,356,1050,227,1104,1608,2292
5676512,468.5,315.375,455.78,318.975,354,1055,224,1108,1607,2292
5676514,469.06,313.8,456.34,318.6,359,1038,230,1104,1610,2290
5676516,468.58,315.15,456.18,318.825,355,1052,229,1106,1604,2296
5676518,468.66,314.85,456.1,319.2,356,1049,228,1110,1605,2284
5676520,468.58,314.25,456.5,319.575,354,1042,233,1113,1607,2287
5676522,468.58,314.475,456.5,318.975,354,1045,232,1106,1608,2288
5676524,468.82,314.1,456.42,319.5,356,1040,232,1112,1607,2285
5676526,468.42,314.925,456.18,319.125,353,1050,229,1108,1603,2285
5676528,468.5,315.525,456.74,319.8,355,1056,235,1115,1609,2287
5676530,468.66,314.85,456.5,319.65,356,1049,232,1114,1606,2282
5676532,468.42,315.075,456.9,319.5,353,1051,237,1112,1607,2283
5676534,468.34,314.4,457.14,319.8,351,1044,239,1114,1606,2287
5676536,469.06,314.325,456.74,319.5,359,1043,235,1112,1604,2280
5676538,468.58,315,457.54,320.55,354,1050,244,1122,1603,2281
5676540,469.22,314.4,457.38,320.55,361,1043,243,1122,1607,2285
5676542,468.82,314.325,456.74,319.8,357,1043,235,1115,1612,2282
5676544,469.14,314.925,457.14,320.025,361,1049,240,1117,1602,2280
5676546,469.22,314.625,457.22,320.625,362,1045,241,1123,1599,2276
5676548,468.74,315.75,457.3,321.225,357,1059,243,1130,1603,2276
5676550,469.22,314.475,457.86,320.175,361,1044,248,1118,1605,2275
5676552,469.06,314.625,457.86,320.475,359,1047,248,1122,1608,2276
5676554,468.82,315.6,457.78,321.45,358,1057,249,1133,1599,2272
5676556,469.14,314.925,457.94,320.55,361,1050,249,1123,1606,2274
5676558,468.82,315.075,458.34,321,358,1052,253,1128,1606,2269
5676560,468.82,315.15,458.42,321.75,358,1053,255,1136,1600,2275
5676562,469.54,315.3,458.42,320.925,365,1054,254,1127,1603,2273
5676564,469.46,315.45,458.1,321.45,364,1057,251,1133,1599,2263
5676566,469.54,315.825,458.1,321.6,366,1060,251,1135,1601,2263
5676568,469.38,315.15,457.94,321.225,363,1054,249,1132,1603,2265
5676570,469.22,315.525,457.7,322.425,362,1058,248,1144,1601,2261
5676572,469.14,315.75,458.26,322.2,362,1061,254,1142,1599,2259
5676574,469.46,315.825,458.26,322.575,365,1062,254,1146,1601,2262
5676576,469.78,316.35,458.1,322.35,369,1067,252,1145,1601,2258
5676578,469.54,316.275,458.66,322.725,367,1066,259,1148,1598,2259
5676580,471.06,316.725,459.06,323.325,383,1071,264,1154,1598,2255
5676582,471.38,316.875,460.26,322.95,387,1072,276,1149,1595,2263
5676584,472.34,317.325,460.42,322.95,397,1076,278,1149,1597,2260
5676586,472.58,316.95,459.38,322.8,400,1072,266,1149,1596,2256
5676588,470.5,317.325,458.18,322.35,378,1079,253,1146,1594,2256
5676590,469.06,316.95,457.3,321.9,362,1076,244,1142,1600,2257
5676592,468.58,316.5,456.66,322.275,356,1073,238,1147,1597,2252
5676594,467.46,315.525,455.14,321.45,344,1063,221,1140,1601,2252
5676596,467.46,315.75,454.66,321.45,344,1066,215,1141,1597,2249
5676598,466.82,315.3,454.26,320.925,337,1062,211,1136,1596,2250
5676600,466.58,315.675,454.5,321.6,335,1066,214,1144,1599,2249
5676602,466.5,316.65,454.66,321.975,335,1077,216,1148,1597,2249
5676604,467.22,315.675,455.46,321.675,341,1066,224,1144,1593,2249
5676606,467.06,315.525,454.82,322.125,339,1065,217,1149,1599,2245
5676608,466.74,315.675,455.06,321.6,336,1067,219,1144,1595,2243
5676610,467.62,315.675,454.9,321.225,345,1066,217,1140,1596,2241
5676612,467.38,315.3,454.74,321,342,1063,215,1138,1602,2243
5676614,466.82,315.825,455.06,321.15,337,1069,218,1140,1597,2243
5676616,466.9,315.6,455.14,322.275,336,1067,220,1152,1596,2243
5676618,468.26,314.775,455.46,321.525,350,1057,222,1143,1597,2242
5676620,467.62,314.85,455.38,321.15,343,1058,220,1139,1597,2233
5676622,466.98,314.475,455.46,321.15,335,1055,222,1140,1595,2238
5676624,467.78,314.85,454.9,321.675,344,1058,216,1146,1595,2239
5676626,467.78,314.25,455.38,321.075,344,1052,220,1139,1594,2234
5676628,467.22,314.475,455.22,321.675,338,1055,219,1145,1597,2236
5676630,467.7,315.15,454.66,321.225,343,1061,212,1141,1597,2236
5676632,467.78,314.55,454.82,321.45,342,1055,214,1143,1594,2230
5676634,467.22,314.7,454.82,321.225,337,1057,214,1141,1594,2232
5676636,467.54,314.7,454.82,321.075,340,1057,213,1139,1595,2229
5676638,467.22,314.55,455.14,321,337,1055,217,1138,1595,2228
5676640,467.14,315.225,455.06,321,336,1062,214,1138,1594,2232
5676642,467.7,314.625,454.98,320.55,341,1055,213,1133,1594,2231
5676644,467.62,314.55,454.58,321.225,339,1055,209,1140,1593,2229
5676646,467.86,314.475,454.82,320.025,342,1053,211,1127,1593,2228
5676648,467.7,315.15,455.38,320.175,340,1061,216,1128,1593,2230
5676650,467.3,315.225,454.74,320.25,337,1062,210,1130,1594,2226
5676652,467.54,314.1,454.9,320.475,338,1049,211,1132,1594,2224
5676654,467.38,313.95,455.06,320.55,336,1048,213,1133,1594,2226
5676656,467.7,314.55,455.14,320.25,340,1054,213,1129,1594,2228
5676658,467.06,314.85,454.98,319.95,333,1058,212,1126,1593,2224
5676660,468.02,314.025,455.3,320.925,342,1048,215,1136,1592,2222
5676662,467.22,315,454.82,320.325,334,1059,210,1130,1595,2218
5676664,467.46,313.725,455.62,320.85,336,1044,219,1135,1591,2217
5676666,467.7,314.775,455.3,319.575,339,1056,214,1121,1592,2216
5676668,467.86,314.925,455.46,320.925,341,1057,216,1136,1593,2215
5676670,467.94,314.625,455.38,320.7,341,1053,216,1133,1591,2220
5676672,468.02,314.85,455.14,321,342,1056,213,1137,1597,2210
5676674,467.46,315.225,455.3,320.625,336,1061,214,1132,1595,2216
5676676,468.02,314.475,455.94,321.3,342,1052,221,1138,1597,2211
5676678,467.38,314.475,455.7,320.4,335,1052,218,1129,1595,2212
5676680,467.54,314.625,455.78,320.025,337,1054,218,1125,1593,2216
5676682,468.02,314.7,456.02,320.925,342,1054,221,1135,1593,2211
5676684,468.1,314.475,455.78,320.25,342,1051,219,1127,1597,2209
5676686,467.46,314.625,455.62,320.625,336,1053,218,1131,1595,2211
5676688,468.5,314.55,456.5,320.625,346,1051,226,1130,1596,2213
5676690,468.02,313.65,456.34,320.4,340,1042,225,1128,1591,2210
5676692,467.78,314.7,455.7,320.625,340,1054,218,1131,1592,2210
5676694,467.94,313.575,455.86,319.35,340,1041,219,1117,1589,2207
5676696,468.26,314.1,456.26,319.575,344,1047,223,1119,1590,2205
5676698,466.98,314.175,455.54,320.85,331,1049,218,1134,1590,2208
5676700,467.62,314.175,456.26,319.8,338,1048,225,1121,1591,2205
5676702,467.62,314.475,455.94,320.475,339,1052,222,1129,1592,2203
5676704,467.46,314.625,455.86,320.625,337,1053,221,1131,1594,2205
5676706,467.78,314.4,456.26,320.625,340,1050,226,1130,1592,2205
5676708,467.7,314.025,456.18,321.225,339,1046,226,1137,1593,2204
5676710,467.54,314.475,456.02,320.7,338,1052,224,1131,1591,2204
5676712,467.78,314.325,456.18,320.4,341,1050,225,1127,1594,2203
5676714,467.94,314.4,456.1,319.425,342,1050,223,1118,1592,2198
5676716,467.86,314.7,456.18,320.925,343,1054,227,1133,1594,2203
5676718,467.46,314.475,456.02,320.4,338,1052,224,1128,1591,2204
5676720,467.86,314.1,455.86,320.925,343,1047,224,1134,1594,2199
5676722,467.38,314.55,456.18,320.325,339,1052,227,1127,1593,2198
5676724,467.46,314.7,456.1,321.075,340,1054,227,1135,1594,2198
5676726,467.78,314.775,456.18,320.1,343,1054,227,1125,1595,2196
5676728,467.46,314.325,456.18,320.25,340,1050,228,1126,1594,2194
5676730,467.3,314.7,456.02,319.875,339,1054,225,1122,1594,2198
5676732,467.62,313.575,456.1,319.875,342,1042,227,1122,1594,2194
5676734,467.22,313.65,456.5,320.55,337,1043,231,1129,1591,2197
5676736,467.14,314.7,456.1,321.15,338,1054,229,1136,1591,2199
5676738,467.14,314.775,456.26,321,338,1055,230,1135,1589,2197
5676740,467.3,314.025,456.34,320.4,339,1047,230,1128,1593,2192
5676742,467.06,315,456.18,320.7,338,1058,229,1131,1596,2197
5676744,467.14,314.475,455.86,320.775,338,1052,226,1132,1599,2197
5676746,467.06,314.7,456.1,320.325,337,1054,228,1127,1594,2194
5676748,467.14,314.475,456.1,319.875,338,1052,228,1122,1592,2199
5676750,467.46,313.875,456.34,319.875,341,1045,230,1122,1594,2195
5676752,467.3,314.7,456.42,319.875,341,1054,231,1121,1592,2195
5676754,467.06,314.4,456.18,320.175,337,1051,229,1126,1595,2196
5676756,466.58,314.55,456.1,319.425,333,1053,227,1117,1597,2192
5676758,466.5,314.55,455.86,319.875,332,1053,226,1122,1596,2194
5676760,466.9,313.8,455.46,319.95,336,1044,222,1124,1588,2194
5676762,466.26,313.425,455.86,318.975,329,1041,225,1113,1590,2193
5676764,466.34,313.725,455.78,319.575,330,1044,225,1119,1593,2189
5676766,466.34,312.975,455.62,319.2,329,1036,223,1115,1593,2196
5676768,466.58,312.6,456.02,319.8,331,1032,227,1121,1593,2187
5676770,465.94,313.2,455.86,319.725,325,1039,226,1120,1597,2194
5676772,466.82,312.45,455.46,320.1,334,1030,222,1124,1599,2191
5676774,465.7,312.6,455.54,319.35,322,1033,222,1117,1599,2190
5676776,466.34,313.65,455.94,319.05,330,1043,226,1112,1595,2191
5676778,466.02,313.35,455.7,319.125,326,1040,224,1114,1599,2195
5676780,465.86,312.975,455.62,319.65,325,1036,224,1119,1600,2191
5676782,465.94,313.275,455.46,319.275,326,1039,221,1116,1597,2193
5676784,465.94,313.05,455.46,320.025,325,1036,222,1123,1596,2196
5676786,466.18,313.275,455.22,319.05,328,1038,219,1113,1597,2186
5676788,465.62,313.65,455.38,319.425,323,1043,221,1117,1595,2196
5676790,465.94,312.975,454.9,319.65,325,1035,216,1120,1594,2195
5676792,465.86,312.975,455.94,319.425,325,1036,227,1116,1594,2190
5676794,465.54,313.8,455.22,319.725,322,1045,220,1120,1593,2197
5676796,465.54,313.575,455.54,319.275,322,1041,222,1114,1595,2193
5676798,465.62,313.275,455.46,319.35,322,1039,222,1115,1596,2194
5676800,465.7,313.5,455.3,318.825,323,1041,219,1110,1592,2195
5676802,466.18,312.3,455.3,319.95,326,1028,220,1121,1593,2193
5676804,465.78,312.6,455.54,319.875,323,1030,223,1121,1594,2192
5676806,465.78,313.275,455.38,319.2,324,1038,220,1113,1597,2195
5676808,465.7,312.975,455.38,319.5,323,1035,221,1117,1596,2193
5676810,466.02,312.525,455.54,319.125,325,1030,222,1113,1595,2194
5676812,466.02,312.975,455.3,320.025,326,1034,220,1122,1595,2198
5676814,465.94,313.275,455.22,319.35,325,1037,219,1115,1595,2196
5676816,466.26,312.525,455.06,318.75,327,1029,216,1108,1595,2195
5676818,466.02,313.35,455.7,319.575,326,1038,224,1117,1597,2191
5676820,465.94,313.2,455.22,319.35,325,1037,218,1115,1598,2199
5676822,465.46,313.125,455.22,319.65,320,1036,219,1118,1595,2200
5676824,465.78,312.675,455.78,319.275,323,1031,224,1113,1598,2193
5676826,466.1,313.575,455.38,319.05,326,1040,220,1111,1595,2192
5676828,465.3,313.5,454.58,319.8,318,1040,212,1120,1597,2192
5676830,465.86,313.125,455.06,319.425,324,1036,217,1115,1600,2193
5676832,465.62,314.1,455.06,319.875,322,1046,217,1120,1597,2197
5676834,465.22,314.1,455.22,319.95,318,1046,219,1121,1599,2197
5676836,465.54,313.5,455.06,319.95,321,1039,217,1121,1596,2197
5676838,465.54,314.175,455.06,319.8,321,1047,217,1119,1601,2197
5676840,465.3,313.95,455.14,320.85,318,1045,219,1131,1599,2205
5676842,465.38,314.25,455.06,320.1,320,1048,217,1122,1602,2194
5676844,465.7,314.325,454.98,321.15,323,1048,217,1134,1600,2197
5676846,465.38,314.175,454.9,320.475,319,1047,216,1127,1606,2198
5676848,464.98,314.7,455.7,321.6,315,1053,225,1138,1601,2207
5676850,464.9,314.175,455.06,321.525,315,1048,219,1137,1599,2198
5676852,465.62,314.175,455.54,320.7,322,1047,222,1128,1603,2201
5676854,465.3,314.175,455.3,320.4,318,1047,220,1126,1603,2203
5676856,465.46,314.25,455.38,321,320,1048,221,1132,1604,2203
5676858,465.46,313.275,455.46,319.125,319,1037,220,1112,1602,2196
5676860,465.62,314.175,455.46,319.8,321,1047,220,1119,1605,2203
5676862,465.3,313.65,454.82,318.825,317,1042,213,1109,1602,2194
5676864,465.3,313.8,455.38,318.6,318,1043,219,1106,1603,2197
5676866,465.22,313.725,455.46,318.675,317,1043,219,1107,1603,2200
5676868,466.66,312.675,455.06,318.675,331,1030,215,1107,1602,2205
5676870,465.62,313.2,455.38,318.375,320,1037,219,1104,1604,2203
5676872,465.7,313.425,455.54,318.825,322,1039,220,1108,1608,2204
5676874,466.58,311.625,455.22,317.925,329,1019,216,1099,1606,2202
5676876,466.02,312.525,455.86,318.075,324,1029,223,1100,1604,2201
5676878,466.02,312.3,455.62,319.125,324,1027,222,1111,1607,2207
5676880,466.74,312.45,455.78,318.6,331,1027,223,1106,1608,2202
5676882,466.66,312.075,455.7,317.925,330,1023,221,1098,1605,2203
5676884,466.58,312.6,455.94,318.225,330,1029,224,1102,1605,2199
5676886,466.26,311.55,456.18,318.75,326,1018,227,1106,1605,2206
5676888,466.58,312.375,456.5,319.425,330,1026,231,1113,1606,2207
5676890,466.58,312.675,456.1,319.575,331,1030,228,1115,1606,2210
5676892,466.5,312.45,456.66,320.1,330,1027,234,1120,1609,2209
5676894,466.5,312.15,456.58,319.725,330,1024,233,1117,1606,2209
5676896,466.02,313.125,456.18,320.25,326,1035,230,1123,1605,2215
5676898,465.7,313.2,456.26,319.8,322,1036,230,1118,1610,2214
5676900,465.86,313.425,455.7,319.2,325,1038,224,1112,1609,2214
5676902,465.38,313.5,456.1,320.025,320,1040,229,1120,1608,2212
5676904,466.42,312.9,456.42,319.875,331,1032,233,1118,1613,2212
5676906,466.42,312.75,456.58,320.1,331,1030,235,1121,1613,2215
5676908,465.7,314.175,456.26,320.925,325,1047,233,1130,1612,2215
5676910,465.86,313.05,456.58,320.55,325,1035,235,1125,1608,2218
5676912,466.1,312.9,456.1,320.325,328,1033,231,1124,1611,2218
5676914,465.86,313.8,456.82,320.775,326,1043,239,1128,1610,2220
5676916,466.02,314.025,456.66,321.15,328,1045,238,1132,1612,2222
5676918,466.26,313.425,456.58,321,331,1038,237,1131,1612,2221
5676920,466.1,314.1,456.98,320.85,330,1046,241,1129,1611,2218
5676922,466.42,313.725,457.06,320.85,332,1042,242,1129,1610,2223
5676924,466.42,313.875,456.58,321.3,333,1043,237,1135,1612,2225
5676926,466.02,313.95,457.06,321.225,329,1045,242,1133,1615,2225
5676928,466.26,313.95,456.66,322.125,332,1045,239,1143,1613,2231
5676930,466.18,313.95,456.98,321.525,331,1045,242,1136,1615,2228
5676932,466.26,314.1,456.9,320.925,332,1047,241,1130,1614,2226
5676934,466.1,314.55,457.38,321.3,331,1051,247,1134,1615,2229
5676936,465.7,314.775,456.9,321.825,328,1054,242,1140,1620,2231
5676938,466.02,313.725,457.14,321.3,330,1043,244,1134,1618,2230
5676940,465.86,314.475,456.74,321.975,329,1051,241,1143,1624,2238
5676942,465.86,314.325,456.5,321.825,329,1050,238,1141,1620,2231
5676944,465.54,313.95,456.34,321.675,325,1046,236,1139,1619,2229
5676946,465.62,314.25,456.74,320.775,326,1049,239,1129,1618,2230
5676948,465.54,313.725,455.7,321.825,325,1043,229,1142,1620,2238
5676950,465.38,314.775,455.94,321.975,324,1055,232,1143,1620,2241
5676952,465.46,314.25,456.02,321.6,323,1049,232,1139,1622,2237
5676954,465.3,313.8,455.14,321.3,322,1045,222,1137,1617,2235
5676956,465.06,314.475,455.86,321.45,320,1051,230,1138,1618,2237
5676958,464.98,313.575,455.46,321.45,318,1042,225,1137,1619,2241
5676960,464.74,313.65,454.66,321.375,314,1043,216,1138,1619,2242
5676962,464.58,312.75,454.82,321.225,312,1034,218,1136,1621,2243
5676964,464.34,312.9,454.98,321.225,309,1034,219,1135,1627,2237
5676966,464.74,313.05,454.74,321.525,313,1036,217,1139,1622,2241
5676968,464.02,313.125,454.42,321.15,305,1037,212,1134,1622,2244
5676970,464.34,313.35,454.82,320.325,309,1039,216,1125,1624,2249
5676972,464.18,313.275,454.58,321.525,306,1038,214,1138,1627,2245
5676974,464.42,312.6,455.14,321.975,308,1030,220,1142,1623,2249
5676976,463.78,313.65,454.9,321.675,301,1042,216,1138,1625,2243
5676978,463.86,312.675,454.66,321.225,301,1032,213,1134,1630,2246
5676980,464.34,313.275,454.82,321.45,305,1037,214,1135,1623,2250
5676982,464.26,313.5,454.66,321,306,1040,212,1131,1630,2252
5676984,463.78,313.275,455.06,321.15,298,1036,215,1131,1628,2250
5676986,464.1,314.55,454.98,321.375,304,1050,215,1134,1627,2247
5676988,463.78,313.35,454.82,322.275,298,1036,213,1143,1632,2251
5676990,463.7,313.425,454.98,321.525,297,1038,214,1135,1630,2254
5676992,463.86,314.025,455.38,321.75,299,1043,218,1136,1632,2253
5676994,463.54,312.675,454.9,321.675,294,1029,212,1135,1632,2249
5676996,463.22,313.35,454.5,321.3,290,1036,207,1131,1636,2253
5676998,463.7,313.725,455.22,322.05,296,1039,215,1138,1629,2258
5677000,463.94,313.65,454.74,321.675,297,1037,210,1134,1634,2257
5677002,463.14,313.5,454.66,320.925,289,1036,208,1126,1635,2254
5677004,463.78,314.175,454.66,321.825,296,1042,208,1135,1635,2262
5677006,464.1,313.575,454.42,321.075,299,1036,205,1127,1634,2257
5677008,463.3,313.5,454.74,321.9,290,1035,208,1135,1635,2258
5677010,463.3,313.35,454.82,321.975,290,1033,209,1136,1633,2259
5677012,464.1,313.275,454.26,321,298,1031,202,1125,1629,2267
5677014,463.94,314.25,454.9,320.55,297,1041,209,1119,1632,2265
5677016,464.02,313.125,455.22,320.925,296,1028,212,1122,1631,2263
5677018,463.86,313.425,455.62,321.45,295,1032,216,1127,1632,2266
5677020,464.66,313.05,455.06,320.625,303,1026,210,1119,1632,2269
5677022,464.66,311.925,455.54,318.375,302,1014,213,1093,1634,2269
5677024,464.34,313.65,455.86,320.175,300,1032,218,1112,1630,2268
5677026,464.66,312.825,455.38,319.65,303,1022,213,1107,1631,2263
5677028,464.82,313.2,455.86,319.05,306,1026,217,1099,1634,2263
5677030,464.26,313.05,456.18,320.475,300,1025,222,1114,1642,2267
5677032,464.34,313.95,456.02,319.35,302,1034,220,1101,1634,2271
5677034,465.22,312.75,456.42,320.175,310,1020,225,1109,1639,2270
5677036,464.74,313.575,456.1,320.175,306,1029,222,1110,1636,2270
5677038,465.3,313.275,456.5,319.725,312,1025,226,1104,1639,2269
5677040,465.22,313.35,457.22,320.25,311,1025,234,1109,1636,2272
5677042,465.94,314.325,456.74,319.575,320,1035,228,1102,1635,2276
5677044,465.38,313.8,456.82,321.45,314,1030,232,1122,1639,2275
5677046,465.38,314.25,456.74,320.475,315,1034,230,1111,1635,2278
5677048,465.94,313.65,457.3,321.45,320,1027,237,1120,1640,2274
5677050,465.46,313.95,457.14,321.75,316,1030,236,1124,1641,2272
5677052,466.1,314.1,457.22,321.975,324,1031,238,1126,1638,2274
5677054,466.26,314.4,457.14,321.45,325,1034,237,1120,1643,2277
5677056,466.74,314.025,456.98,321.225,331,1029,235,1118,1636,2280
5677058,466.42,314.625,457.46,321.675,328,1036,241,1122,1640,2276
5677060,466.34,315.075,457.06,320.85,329,1041,238,1113,1639,2276
5677062,466.5,315.075,457.14,321.075,331,1040,238,1115,1637,2273
5677064,466.26,315.15,456.98,322.125,329,1041,239,1127,1643,2275
5677066,465.78,315.15,457.22,321.3,324,1042,241,1117,1647,2278
5677068,466.26,315,457.06,321,330,1039,239,1115,1648,2272
5677070,466.98,315.675,457.14,321.525,339,1046,241,1120,1648,2275
5677072,466.74,315.525,457.14,321,337,1045,242,1114,1643,2276
5677074,466.58,314.775,457.14,321.675,334,1037,242,1121,1641,2277
5677076,466.74,315.45,457.3,322.2,338,1044,245,1127,1650,2272
5677078,466.98,315.375,457.14,321.15,340,1043,243,1116,1647,2278
5677080,466.58,314.625,457.14,322.05,336,1035,245,1126,1648,2276
5677082,466.58,315.75,457.7,321.6,338,1047,249,1120,1644,2280
5677084,466.42,315.825,457.06,321.225,337,1049,244,1117,1646,2279
5677086,466.58,314.85,457.06,321.15,338,1038,244,1116,1641,2275
5677088,466.9,315.6,456.98,320.7,343,1046,244,1112,1646,2281
5677090,466.58,314.775,456.98,320.775,339,1037,244,1112,1649,2280
5677092,466.42,314.7,456.98,320.55,338,1037,245,1110,1641,2277
5677094,466.98,314.85,456.58,320.775,344,1038,241,1113,1644,2281
5677096,466.66,314.1,456.82,320.775,342,1030,245,1113,1644,2279
5677098,466.5,314.55,456.74,320.025,340,1035,243,1105,1644,2279
5677100,466.74,315.45,456.26,320.4,344,1044,239,1110,1648,2279
5677102,466.26,313.8,456.26,319.8,338,1027,238,1103,1647,2281
5677104,464.98,314.475,456.34,319.575,326,1036,240,1100,1647,2281
5677106,465.7,314.925,456.5,319.575,334,1040,242,1101,1647,2280
5677108,465.3,313.35,456.34,319.5,329,1023,241,1100,1653,2282
5677110,464.82,313.5,456.34,318.3,323,1026,240,1087,1649,2281
5677112,465.3,313.575,455.94,319.5,329,1026,237,1100,1651,2278
5677114,465.06,312.975,455.46,318.15,326,1019,231,1086,1653,2284
5677116,465.54,312.9,455.62,318.675,332,1018,233,1091,1653,2277
5677118,464.1,312.6,455.62,318.15,316,1016,233,1085,1651,2283
5677120,464.98,312.75,454.98,317.925,326,1016,227,1083,1651,2281
5677122,464.82,312.15,455.06,318.075,324,1010,228,1084,1654,2274
5677124,463.94,312.525,455.22,317.55,315,1014,229,1078,1652,2286
5677126,464.74,313.35,455.06,317.7,324,1022,227,1080,1650,2277
5677128,464.66,313.2,455.3,318.6,324,1020,231,1089,1650,2281
5677130,464.26,312.975,455.3,318.15,319,1018,231,1084,1650,2276
5677132,464.26,313.575,455.06,319.65,320,1025,229,1100,1653,2273
5677134,463.54,313.575,455.22,319.5,312,1025,231,1099,1651,2278
5677136,463.06,313.5,454.82,319.575,307,1024,227,1099,1652,2277
5677138,463.78,314.325,455.22,319.875,315,1032,231,1102,1652,2278
5677140,463.38,313.875,454.66,320.475,311,1028,226,1108,1651,2275
5677142,462.98,314.85,454.9,320.55,308,1039,229,1109,1652,2281
5677144,463.22,315.9,454.98,320.55,311,1050,229,1109,1650,2278
5677146,463.06,314.925,455.22,320.25,308,1039,231,1106,1652,2280
5677148,462.5,315.75,454.82,320.55,302,1049,227,1109,1648,2274
5677150,462.9,314.85,455.14,319.8,306,1038,229,1100,1652,2275
5677152,462.18,314.775,455.06,321.15,297,1038,230,1115,1650,2273
5677154,462.26,315.525,454.18,321,300,1046,220,1114,1655,2270
5677156,462.18,315.825,454.58,319.875,298,1049,222,1102,1652,2277
5677158,463.22,314.25,454.42,320.325,308,1032,222,1106,1648,2278
5677160,462.02,314.925,454.98,320.325,296,1040,226,1106,1645,2275
5677162,462.42,315.6,454.5,319.05,300,1047,220,1093,1650,2284
5677164,462.1,314.85,454.58,319.8,295,1040,222,1101,1646,2280
5677166,462.18,315.6,453.94,320.4,297,1048,215,1109,1646,2276
5677168,462.18,314.55,454.98,320.025,295,1037,225,1104,1646,2285
5677170,462.02,315.15,454.66,319.2,294,1043,222,1095,1648,2278
5677172,462.34,314.625,454.58,320.25,297,1037,221,1106,1646,2277
5677174,462.1,314.475,454.26,319.35,294,1036,217,1097,1644,2280
5677176,461.94,315.225,454.26,319.725,293,1044,217,1101,1648,2271
5677178,462.34,314.625,454.26,320.4,296,1038,218,1109,1646,2270
5677180,462.26,314.475,454.02,319.8,295,1037,214,1103,1643,2275
5677182,462.34,314.55,454.18,319.2,296,1037,215,1096,1644,2272
5677184,461.94,314.475,454.26,320.925,291,1037,217,1115,1644,2270
5677186,462.42,314.325,454.34,319.65,296,1035,217,1101,1647,2271
5677188,462.1,315.225,454.66,320.325,294,1045,221,1108,1643,2274
5677190,462.26,315.675,454.74,320.4,296,1050,221,1109,1643,2272
5677192,462.1,314.475,454.18,319.875,293,1037,215,1104,1645,2267
5677194,462.66,314.85,454.74,320.325,299,1041,221,1108,1638,2270
5677196,461.94,314.625,454.1,321.15,291,1039,215,1118,1641,2267
5677198,462.58,314.4,454.34,319.8,298,1036,216,1103,1638,2264
5677200,462.1,313.65,454.18,320.1,291,1029,215,1107,1642,2261
5677202,462.34,314.7,454.02,320.625,295,1040,213,1112,1639,2263
5677204,462.02,314.7,454.42,319.2,292,1040,217,1097,1642,2270
5677206,462.26,314.475,455.06,319.35,294,1037,223,1097,1641,2265
5677208,462.1,314.325,454.5,321,292,1036,219,1116,1638,2261
5677210,461.86,314.175,454.42,320.475,290,1034,217,1110,1642,2265
5677212,462.34,314.55,454.42,320.025,294,1038,217,1105,1644,2260
5677214,462.58,314.25,454.9,320.625,297,1034,223,1112,1641,2261
5677216,462.02,313.875,454.98,320.85,291,1031,224,1114,1638,2261
5677218,461.78,314.55,454.18,320.325,289,1038,214,1109,1641,2264
5677220,462.26,314.775,454.34,320.55,293,1040,216,1111,1639,2258
5677222,462.42,314.85,454.82,320.4,296,1041,221,1109,1636,2259
5677224,462.1,314.85,454.74,321.675,292,1041,221,1123,1639,2259
5677226,461.94,314.55,455.14,320.925,290,1038,225,1114,1637,2260
5677228,462.58,315,454.9,321.9,297,1042,223,1125,1639,2254
5677230,462.82,314.325,455.06,321.675,299,1034,225,1122,1635,2256
5677232,462.74,314.7,454.82,321.225,298,1038,221,1117,1636,2257
5677234,462.1,315.375,454.82,321.675,293,1046,222,1123,1634,2255
5677236,462.02,315,455.06,321,291,1042,224,1115,1639,2259
5677238,462.26,314.7,455.14,321.75,293,1038,226,1122,1638,2256
5677240,463.06,314.625,455.06,320.7,302,1037,224,1111,1636,2263
5677242,463.14,314.925,455.14,321.525,302,1040,225,1120,1633,2259
5677244,463.46,315.225,455.3,320.85,306,1042,227,1112,1633,2255
5677246,462.66,314.475,455.38,321.225,297,1035,228,1116,1637,2251
5677248,462.74,314.7,455.22,320.775,298,1037,225,1111,1636,2253
5677250,463.06,314.85,454.9,321.75,302,1038,223,1121,1635,2252
5677252,463.3,314.7,455.38,320.325,304,1036,226,1105,1636,2251
5677254,463.14,314.55,455.14,320.775,302,1035,224,1111,1630,2249
5677256,463.54,314.775,455.06,320.25,307,1036,223,1104,1629,2252
5677258,463.38,313.875,454.82,320.25,304,1026,220,1104,1634,2250
5677260,463.38,314.25,454.9,320.025,305,1030,221,1102,1631,2248
5677262,462.98,314.7,455.3,320.025,300,1035,225,1101,1634,2251
5677264,462.82,313.875,455.06,319.275,298,1026,222,1092,1640,2254
5677266,463.78,313.05,455.38,319.95,307,1016,226,1099,1628,2247
5677268,463.78,313.65,454.74,319.35,308,1021,219,1093,1630,2246
5677270,464.02,313.05,455.62,319.65,310,1015,228,1095,1630,2246
5677272,463.86,313.05,455.22,319.5,308,1014,224,1093,1628,2241
5677274,463.86,313.65,455.06,319.875,309,1021,223,1097,1626,2242
5677276,464.18,313.425,455.22,319.2,312,1017,224,1089,1630,2242
5677278,464.02,313.2,455.54,319.425,311,1015,227,1092,1631,2239
5677280,463.22,313.35,455.22,319.05,302,1016,224,1087,1630,2241
5677282,463.7,312.6,455.54,319.05,307,1008,227,1087,1630,2242
5677284,463.22,312.975,455.7,320.7,302,1012,231,1104,1631,2240
5677286,463.78,314.175,455.94,320.1,309,1024,232,1097,1630,2237
5677288,464.02,313.425,456.18,319.575,311,1015,235,1090,1632,2235
5677290,464.42,313.2,455.94,318.975,315,1012,232,1084,1625,2240
5677292,464.26,313.35,456.1,319.8,313,1013,233,1092,1628,2232
5677294,464.5,313.425,456.1,319.2,316,1014,233,1085,1628,2231
5677296,464.18,313.125,455.78,319.05,312,1010,229,1084,1633,2232
5677298,463.78,313.2,455.86,319.875,308,1012,232,1092,1624,2231
5677300,463.86,313.05,456.18,318.675,309,1009,234,1078,1631,2225
5677302,464.02,312.75,455.78,319.2,310,1006,230,1084,1629,2230
5677304,464.74,313.2,456.34,319.95,318,1009,236,1092,1621,2228
5677306,464.74,312.975,456.18,318.9,318,1007,234,1081,1629,2229
5677308,464.26,313.2,456.1,319.275,313,1010,233,1084,1627,2233
5677310,464.34,313.275,456.02,319.65,313,1010,233,1088,1628,2230
5677312,464.42,312.9,455.94,318.15,314,1006,230,1071,1629,2227
5677314,464.02,313.575,455.94,319.575,310,1013,232,1087,1627,2219
5677316,464.26,313.575,456.34,320.1,313,1012,236,1091,1628,2225
5677318,464.18,313.5,456.5,320.925,312,1012,239,1100,1626,2226
5677320,464.02,314.25,456.66,320.55,311,1020,240,1096,1629,2228
5677322,464.34,313.65,456.34,319.875,314,1013,236,1088,1627,2216
5677324,463.94,313.875,456.5,320.25,310,1016,239,1093,1627,2226
5677326,464.26,313.8,456.18,320.925,313,1014,236,1100,1629,2212
5677328,464.18,313.5,455.94,321.375,312,1011,233,1105,1623,2222
5677330,464.02,313.575,456.42,320.025,310,1012,237,1090,1623,2223
5677332,463.78,314.25,456.74,321.3,308,1019,242,1103,1627,2218
5677334,464.02,314.4,456.1,321.45,311,1020,235,1105,1625,2220
5677336,464.34,313.95,456.58,320.55,314,1015,239,1095,1625,2219
5677338,464.58,313.575,456.58,320.925,316,1011,239,1099,1625,2215
5677340,464.18,313.8,456.02,320.325,313,1014,233,1093,1622,2215
5677342,464.5,314.25,456.26,320.475,316,1018,236,1094,1625,2214
5677344,464.42,314.175,456.18,321.45,315,1017,235,1105,1625,2216
5677346,463.94,314.475,456.66,321.675,311,1021,241,1107,1619,2218
5677348,465.06,314.85,456.34,321.9,323,1024,238,1110,1621,2215
5677350,464.5,313.425,456.5,320.55,315,1009,238,1095,1624,2211
5677352,464.18,314.325,456.5,320.85,313,1019,239,1098,1622,2217
5677354,464.26,313.65,456.18,321.525,313,1012,236,1106,1625,2218
5677356,464.26,314.1,456.42,321,313,1017,237,1100,1622,2213
5677358,464.26,314.7,456.98,320.475,313,1024,243,1093,1622,2208
5677360,464.74,314.4,456.66,320.925,318,1020,240,1099,1625,2218
5677362,464.34,313.35,456.9,320.25,313,1009,242,1092,1625,2210
5677364,464.66,314.775,456.66,321.075,318,1024,240,1100,1622,2214
5677366,464.9,313.8,456.66,321.15,320,1013,240,1102,1620,2210
5677368,464.5,314.175,456.5,321.525,315,1018,239,1106,1619,2209
5677370,464.34,314.85,456.74,320.625,314,1025,241,1096,1618,2208
5677372,464.5,314.025,456.58,320.775,315,1016,238,1098,1619,2213
5677374,465.06,314.325,456.34,320.25,321,1019,236,1092,1621,2207
5677376,464.34,315.6,457.06,321.075,315,1034,244,1101,1620,2211
5677378,464.74,313.65,456.26,321.225,318,1012,236,1103,1621,2208
5677380,464.82,314.175,456.42,320.85,319,1018,237,1099,1619,2211
5677382,464.34,315.075,456.82,320.475,314,1028,241,1094,1621,2206
5677384,464.74,314.4,456.42,321.375,318,1020,238,1105,1618,2213
5677386,464.98,314.85,456.74,320.25,321,1025,240,1092,1620,2205
5677388,464.9,313.5,457.38,320.4,318,1010,246,1093,1620,2206
5677390,464.98,313.725,456.26,321.225,320,1012,236,1103,1621,2209
5677392,464.9,314.475,456.5,319.725,320,1021,237,1087,1623,2207
5677394,464.9,314.1,457.22,320.7,319,1017,245,1096,1621,2205
5677396,464.98,314.025,456.58,320.625,320,1016,238,1097,1622,2205
5677398,464.5,313.425,457.06,320.1,314,1010,243,1090,1624,2203
5677400,464.42,314.25,456.98,320.625,314,1019,242,1096,1618,2205
5677402,464.82,313.425,456.74,319.8,317,1010,238,1087,1618,2209
5677404,464.74,312.9,456.42,319.95,316,1004,236,1089,1621,2201
5677406,464.34,313.95,456.98,319.2,312,1016,240,1080,1616,2204
5677408,465.22,313.65,456.58,320.7,321,1011,238,1097,1618,2205
5677410,464.74,314.025,456.34,320.25,317,1016,235,1092,1620,2200
5677412,464.74,314.4,457.06,320.625,317,1020,243,1096,1616,2202
5677414,465.22,313.425,456.58,320.4,322,1009,238,1094,1622,2205
5677416,464.98,315.3,456.9,320.625,320,1029,242,1096,1618,2205
5677418,464.58,314.7,456.74,321.075,316,1024,240,1101,1614,2205
5677420,464.58,314.925,457.14,320.7,316,1026,244,1096,1616,2205
5677422,464.5,314.775,456.98,320.85,315,1024,242,1098,1615,2204
5677424,464.66,314.85,457.14,321,316,1024,244,1099,1618,2202
5677426,464.26,314.55,456.82,321.525,312,1022,241,1105,1619,2208
5677428,464.82,314.775,456.98,320.775,318,1024,241,1097,1615,2204
5677430,464.66,314.625,456.98,320.925,316,1022,242,1098,1616,2204
5677432,464.74,315.15,456.98,320.925,318,1027,242,1099,1619,2204
5677434,464.1,314.25,457.14,320.925,310,1018,243,1098,1614,2205
5677436,464.34,315.375,457.38,321.075,313,1030,246,1099,1610,2206
5677438,464.42,314.775,456.74,320.55,314,1024,239,1095,1614,2201
5677440,464.66,315.6,457.14,321,316,1032,243,1099,1617,2205
5677442,464.98,314.25,456.66,320.1,318,1017,237,1089,1613,2199
5677444,464.66,315.375,457.22,320.55,317,1030,243,1094,1613,2203
5677446,464.5,314.85,456.98,320.475,314,1024,241,1093,1614,2202
5677448,464.66,315.675,456.82,321.45,317,1033,240,1104,1615,2206
5677450,464.66,314.475,456.98,320.4,315,1020,240,1093,1613,2207
5677452,464.5,314.4,457.14,321.675,313,1019,243,1106,1616,2205
5677454,464.34,315.45,456.58,320.85,313,1031,237,1097,1614,2203
5677456,465.14,314.175,456.9,321.3,319,1016,240,1102,1610,2205
5677458,464.66,315.225,457.14,321.15,315,1028,242,1100,1615,2207
5677460,464.66,315.9,457.06,321.45,316,1036,241,1104,1613,2210
5677462,464.98,315.75,456.5,321.15,319,1033,236,1101,1611,2216
5677464,464.58,315.825,457.14,321.3,315,1035,242,1103,1613,2207
5677466,464.5,316.125,457.54,320.625,314,1038,246,1095,1613,2204
5677468,464.9,316.05,456.9,321.6,318,1037,240,1106,1613,2206
5677470,464.74,315.375,457.62,321,316,1030,247,1099,1610,2203
5677472,464.66,316.125,457.54,321.225,316,1039,246,1101,1611,2208
5677474,464.82,315.75,457.46,322.275,317,1034,247,1113,1612,2211
5677476,464.82,315.15,457.46,320.55,316,1028,245,1095,1609,2199
5677478,464.34,316.575,458.02,321.225,313,1044,251,1101,1611,2206
5677480,464.66,315.75,457.22,322.125,316,1035,244,1112,1608,2210
5677482,464.82,315.45,457.22,321.225,317,1031,243,1103,1611,2206
5677484,464.5,316.425,457.62,321.225,315,1043,247,1103,1613,2210
5677486,465.14,316.125,457.62,322.2,321,1039,248,1113,1611,2211
5677488,464.74,315.75,457.54,321.675,316,1036,247,1107,1608,2207
5677490,464.66,316.575,457.86,321.6,316,1044,250,1106,1610,2208
5677492,464.66,315.675,456.82,322.275,316,1035,240,1115,1611,2213
5677494,464.34,315.3,457.54,321,312,1032,247,1101,1611,2207
5677496,464.5,316.425,457.38,322.05,315,1044,246,1113,1611,2212
5677498,464.9,315.225,457.06,321.45,318,1031,242,1107,1606,2213
5677500,464.58,315.525,457.78,321.45,315,1035,250,1106,1610,2208
5677502,464.34,315.675,457.86,321.825,313,1037,251,1110,1609,2208
5677504,464.98,315.3,457.22,321.9,320,1032,245,1112,1609,2211
5677506,464.5,315.075,457.78,321.45,315,1030,251,1106,1612,2208
5677508,464.66,316.05,457.78,321.9,318,1041,251,1112,1609,2211
5677510,464.74,315.9,457.46,322.125,318,1039,248,1114,1612,2213
5677512,464.5,315.975,457.78,321.675,316,1040,251,1109,1610,2211
5677514,464.58,315.975,457.94,321.15,317,1040,253,1104,1609,2214
5677516,465.06,315.825,457.46,322.125,322,1039,249,1115,1608,2211
5677518,464.9,315.6,457.22,321.9,320,1037,246,1113,1613,2217
5677520,464.42,315.45,457.14,322.725,315,1036,246,1123,1611,2216
5677522,464.74,316.35,457.54,322.125,320,1045,250,1115,1609,2213
5677524,464.74,316.05,457.06,321.6,319,1042,244,1111,1609,2216
5677526,464.58,316.125,457.62,321.9,318,1043,251,1113,1615,2216
5677528,464.66,316.275,457.46,322.2,319,1045,250,1117,1614,2217
5677530,464.66,315.825,457.78,321.975,318,1040,253,1114,1612,2218
5677532,464.74,316.2,457.94,322.2,320,1044,255,1117,1612,2218
5677534,464.74,315.975,457.7,322.275,320,1042,252,1118,1611,2223
5677536,464.66,316.575,457.46,322.725,320,1049,250,1123,1614,2220
5677538,464.66,315.9,458.74,322.125,319,1042,263,1116,1611,2220
5677540,465.3,317.325,458.9,321.75,327,1057,264,1111,1614,2220
5677542,465.62,317.175,459.3,322.65,330,1055,270,1121,1616,2221
5677544,468.02,317.1,461.14,322.575,356,1052,289,1119,1614,2222
5677546,469.94,317.325,463.06,323.1,376,1052,310,1122,1614,2225
5677548,472.66,317.625,464.58,323.25,406,1052,326,1122,1614,2230
5677550,474.18,318.15,466.1,323.325,422,1057,342,1122,1612,2232
5677552,475.14,318.525,467.86,322.275,432,1060,360,1108,1613,2228
5677554,475.3,318.525,467.46,322.8,434,1059,356,1115,1613,2224
5677556,474.34,318.6,466.42,322.425,425,1062,345,1112,1611,2231
5677558,474.02,317.4,466.18,322.95,420,1049,344,1118,1614,2227
5677560,473.14,317.4,465.22,323.85,410,1051,334,1128,1613,2226
5677562,471.3,318.45,463.86,323.925,392,1064,320,1131,1623,2228
5677564,471.14,316.575,463.06,323.625,389,1044,311,1129,1619,2231
5677566,470.1,317.325,461.86,323.925,379,1053,299,1133,1622,2235
5677568,469.54,317.1,461.22,323.625,373,1052,292,1131,1616,2229
5677570,469.14,317.25,461.38,322.875,368,1054,293,1123,1619,2234
5677572,468.82,316.725,461.06,323.175,365,1049,290,1126,1621,2225
5677574,468.98,317.775,461.06,322.8,367,1060,289,1123,1620,2238
5677576,469.3,317.325,461.94,322.8,370,1055,299,1122,1618,2233
5677578,469.38,316.725,461.54,322.65,371,1048,294,1121,1617,2235
5677580,469.94,317.175,460.74,322.8,377,1053,286,1124,1618,2232
5677582,470.26,316.425,461.78,323.1,379,1044,297,1126,1622,2237
5677584,469.46,317.4,461.62,322.2,372,1056,295,1117,1619,2236
5677586,469.86,317.175,461.3,323.025,376,1053,292,1125,1627,2240
5677588,469.3,316.575,461.7,323.55,370,1047,296,1131,1621,2241
5677590,469.06,316.875,461.38,323.475,367,1051,293,1131,1622,2239
5677592,469.38,317.55,461.78,323.7,371,1059,298,1134,1620,2241
5677594,469.38,317.325,461.38,323.475,371,1056,293,1131,1624,2243
5677596,469.46,316.95,461.54,323.25,371,1052,295,1129,1626,2243
5677598,469.62,317.175,461.06,322.575,373,1055,289,1122,1621,2243
5677600,469.38,316.65,461.62,323.55,370,1050,295,1133,1621,2246
5677602,469.14,316.8,461.78,323.625,368,1051,297,1133,1622,2243
5677604,470.1,317.7,461.7,322.425,378,1060,295,1121,1623,2250
5677606,469.54,317.025,461.7,322.425,371,1054,295,1121,1622,2254
5677608,469.94,316.275,461.54,322.575,375,1046,292,1123,1624,2245
5677610,469.62,317.175,461.7,322.95,372,1056,295,1127,1622,2250
5677612,469.46,316.95,461.54,322.95,370,1054,293,1128,1626,2248
5677614,469.86,316.8,461.54,322.8,374,1052,292,1126,1623,2253
5677616,469.3,316.575,461.7,322.65,368,1051,294,1125,1627,2248
5677618,469.46,316.65,461.3,322.95,369,1052,290,1128,1625,2252
5677620,469.78,316.65,461.3,322.575,373,1052,289,1125,1636,2255
5677622,469.86,315.75,461.38,322.05,372,1042,290,1119,1630,2258
5677624,470.1,316.5,461.7,322.5,375,1051,293,1124,1627,2260
5677626,470.18,315.525,460.82,323.325,375,1039,285,1134,1629,2259
5677628,468.98,316.5,460.98,323.175,363,1052,286,1133,1626,2258
5677630,469.54,316.275,461.14,323.325,369,1049,287,1134,1629,2260
5677632,469.22,316.125,460.74,322.95,364,1048,283,1132,1636,2263
5677634,468.26,316.725,461.14,322.8,356,1056,287,1129,1634,2261
5677636,469.3,316.875,460.9,322.2,366,1057,283,1124,1633,2262
5677638,469.22,315.225,461.06,323.4,363,1039,286,1136,1631,2261
5677640,468.5,316.5,461.46,322.2,356,1054,288,1124,1631,2264
5677642,469.14,317.025,460.98,323.325,363,1059,285,1136,1631,2263
5677644,469.06,316.575,460.82,323.175,361,1055,282,1135,1631,2266
5677646,469.14,316.725,461.14,323.175,362,1056,285,1135,1635,2263
5677648,468.34,316.2,461.06,323.4,354,1052,284,1138,1634,2265
5677650,468.74,316.8,461.78,323.325,358,1058,291,1136,1631,2267
5677652,468.9,317.1,462.02,323.325,360,1062,294,1136,1632,2267
5677654,468.34,318.675,461.7,323.775,356,1079,291,1142,1632,2271
5677656,468.42,317.85,462.18,323.4,355,1071,295,1137,1635,2269
5677658,468.9,317.775,461.94,324.075,360,1069,293,1145,1633,2271
5677660,469.14,317.4,462.18,323.175,362,1066,295,1136,1632,2275
5677662,468.82,316.35,462.1,323.775,357,1055,294,1142,1634,2275
5677664,469.3,316.95,461.94,323.85,363,1062,292,1144,1636,2273
5677666,469.38,316.875,462.18,323.175,363,1060,294,1136,1637,2273
5677668,468.82,317.4,462.26,322.425,357,1067,293,1129,1637,2278
5677670,469.14,317.25,462.18,322.65,360,1065,292,1131,1638,2277
5677672,468.98,316.575,461.94,322.275,358,1059,289,1128,1638,2276
5677674,468.98,315.825,462.18,321.225,357,1050,291,1116,1636,2278
5677676,469.38,315.675,462.02,321.525,361,1048,289,1120,1636,2278
5677678,469.86,314.55,461.7,320.925,364,1036,285,1114,1642,2282
5677680,469.46,314.775,461.62,320.175,360,1039,283,1106,1638,2283
5677682,469.86,314.85,462.18,319.5,364,1039,288,1098,1636,2288
5677684,469.86,314.625,462.1,320.25,363,1038,288,1107,1639,2288
5677686,469.62,314.625,461.7,320.1,361,1038,283,1105,1638,2287
5677688,469.86,314.55,461.54,319.8,363,1037,281,1103,1637,2287
5677690,470.1,314.7,462.02,319.5,366,1038,286,1098,1644,2286
5677692,469.7,314.55,462.1,319.5,361,1037,287,1099,1638,2287
5677694,469.7,314.85,462.18,319.95,362,1040,288,1103,1642,2292
5677696,470.34,314.55,462.34,321.15,368,1036,291,1117,1643,2288
5677698,470.1,314.55,462.26,320.025,365,1037,289,1104,1640,2294
5677700,470.1,315.3,463.06,320.775,366,1045,297,1111,1640,2293
5677702,470.5,314.925,462.1,320.175,369,1041,287,1106,1643,2293
5677704,469.78,315.6,462.98,321.375,362,1048,297,1118,1644,2291
5677706,469.86,316.125,463.06,321.225,364,1054,298,1116,1644,2296
5677708,470.1,315.075,462.98,321.45,365,1042,297,1119,1646,2295
5677710,470.18,315.675,463.22,321.225,366,1049,300,1116,1642,2294
5677712,469.7,316.275,463.06,321.6,362,1056,298,1121,1641,2295
5677714,469.78,316.125,463.3,322.05,363,1054,301,1125,1643,2295
5677716,469.86,316.2,462.74,322.05,364,1055,295,1126,1645,2294
5677718,469.62,316.575,463.22,321.15,362,1059,299,1116,1644,2300
5677720,469.14,317.85,463.54,322.2,358,1074,304,1127,1648,2303
5677722,469.86,316.8,464.1,322.425,364,1061,310,1128,1647,2303
5677724,469.54,316.95,464.02,321.9,361,1064,308,1123,1648,2301
5677726,469.54,317.625,463.38,322.725,361,1071,302,1132,1647,2302
5677728,469.7,317.175,464.42,322.275,363,1066,312,1127,1647,2303
5677730,469.78,316.275,463.54,322.575,363,1056,303,1131,1646,2302
5677732,469.62,317.775,464.1,321.825,362,1072,309,1122,1645,2310
5677734,469.46,317.775,464.26,321.75,360,1072,310,1121,1652,2312
5677736,469.94,318.075,463.94,321.45,366,1075,306,1117,1652,2308
5677738,469.78,316.725,464.26,322.125,362,1060,310,1125,1649,2308
5677740,470.5,316.575,464.26,321.975,370,1057,310,1122,1645,2313
5677742,469.86,315.75,463.3,320.475,362,1050,298,1107,1645,2312
5677744,469.62,317.55,464.1,321.225,361,1068,307,1114,1650,2315
5677746,469.94,316.35,463.38,321,364,1055,300,1113,1648,2314
5677748,469.62,316.95,464.26,321.6,361,1061,309,1118,1651,2313
5677750,469.54,316.05,463.86,321.3,359,1052,305,1115,1650,2315
5677752,470.18,316.35,463.54,320.325,366,1054,300,1104,1652,2315
5677754,469.86,316.575,463.3,320.475,363,1057,298,1106,1651,2322
5677756,469.38,316.275,462.98,321,357,1054,295,1112,1651,2323
5677758,469.54,317.1,462.9,320.175,359,1062,293,1102,1651,2317
5677760,469.54,317.625,462.9,321.375,359,1066,293,1114,1651,2321
5677762,469.38,315.45,463.22,320.025,356,1044,296,1099,1652,2318
5677764,469.14,315.525,462.58,319.725,353,1043,288,1096,1652,2322
5677766,469.46,316.875,462.18,320.4,357,1057,285,1104,1650,2325
5677768,469.46,316.425,462.26,319.95,356,1052,285,1098,1654,2325
5677770,468.26,316.125,461.78,320.25,344,1050,280,1102,1651,2326
5677772,466.66,315.45,460.82,321.075,326,1043,270,1110,1655,2326
5677774,464.98,315.075,459.14,320.4,308,1041,252,1105,1655,2325
5677776,463.14,316.65,457.46,320.55,290,1059,234,1107,1657,2329
5677778,461.94,315.525,456.1,319.725,276,1048,219,1100,1652,2330
5677780,461.14,314.85,454.98,318.825,266,1040,205,1090,1658,2333
5677782,460.74,315.075,454.66,318.45,262,1043,202,1086,1658,2336
5677784,460.9,315.3,455.22,318.6,263,1044,207,1086,1660,2335
5677786,462.26,314.175,455.22,318,276,1031,206,1080,1655,2334
5677788,462.5,314.925,455.38,318.825,280,1038,208,1087,1655,2334
5677790,462.34,315.375,455.7,318.3,278,1042,211,1081,1655,2335
5677792,463.38,314.1,455.78,318,287,1026,211,1076,1650,2336
5677794,462.82,314.85,455.94,318.6,282,1035,214,1083,1657,2338
5677796,462.66,316.2,455.7,318.525,281,1048,211,1081,1657,2337
5677798,463.06,315.45,456.18,318.525,284,1040,215,1080,1653,2337
5677800,462.5,315.525,455.62,319.8,278,1040,211,1094,1657,2339
5677802,462.02,316.2,456.18,319.425,274,1048,216,1090,1655,2341
5677804,462.66,315.375,456.18,319.35,279,1038,215,1087,1656,2339
5677806,462.5,316.125,456.18,319.5,279,1046,216,1089,1660,2343
5677808,462.1,316.725,455.78,319.95,275,1051,211,1094,1656,2341
5677810,462.74,315.675,456.26,319.5,280,1040,216,1088,1656,2346
5677812,462.74,316.125,456.42,320.175,280,1043,218,1094,1657,2341
5677814,462.9,315.975,455.54,319.575,281,1041,208,1089,1654,2344
5677816,462.34,316.8,455.94,319.95,276,1050,212,1091,1654,2346
5677818,462.9,316.2,456.02,319.275,281,1043,212,1084,1655,2349
5677820,463.3,316.725,456.1,318.9,286,1048,212,1080,1663,2347
5677822,463.3,316.575,455.94,319.275,286,1046,212,1084,1658,2346
5677824,463.54,315,456.58,319.275,287,1028,218,1082,1652,2345
5677826,463.06,315.75,456.5,319.2,283,1037,218,1081,1653,2351
5677828,463.7,315.825,456.58,319.575,290,1037,219,1085,1660,2347
5677830,464.1,315.45,456.66,319.05,294,1033,219,1079,1660,2352
5677832,463.94,315.675,456.74,319.125,292,1035,221,1080,1661,2351
5677834,464.34,315.3,456.98,319.5,296,1030,223,1083,1659,2351
5677836,464.58,316.125,456.82,318.975,299,1038,221,1077,1662,2349
5677838,464.74,315.675,457.06,318.3,301,1033,223,1069,1662,2348
5677840,464.34,315.825,457.06,319.275,297,1035,225,1080,1660,2351
5677842,465.06,314.85,457.3,319.125,304,1024,227,1078,1656,2353
5677844,464.82,316.05,457.54,318.45,303,1037,229,1070,1663,2353
5677846,465.3,316.05,457.54,318.75,308,1036,229,1074,1667,2352
5677848,465.3,315.75,457.38,318.975,309,1033,228,1076,1664,2352
5677850,465.78,317.025,457.38,319.05,315,1046,229,1077,1672,2359
5677852,465.06,316.425,457.3,319.425,307,1040,229,1081,1669,2355
5677854,464.58,316.35,457.62,319.275,303,1040,232,1079,1666,2355
5677856,465.46,316.65,457.46,319.35,312,1042,232,1081,1669,2359
5677858,465.14,316.125,457.7,319.05,309,1037,233,1077,1662,2354
5677860,465.06,316.2,457.46,319.575,309,1038,233,1083,1661,2354
5677862,465.38,317.025,457.54,319.575,313,1046,233,1083,1669,2356
5677864,465.3,316.65,456.74,319.275,312,1043,225,1081,1666,2350
5677866,465.3,316.275,457.62,320.1,312,1039,236,1089,1662,2352
5677868,465.7,316.65,457.94,320.175,318,1043,240,1089,1668,2355
5677870,465.22,317.25,457.7,319.875,313,1050,237,1086,1669,2356
5677872,465.22,317.4,458.02,319.95,315,1051,241,1087,1666,2353
5677874,465.3,317.775,457.78,320.025,316,1056,240,1088,1665,2354
5677876,465.3,317.55,457.7,319.95,317,1053,239,1088,1666,2352
5677878,465.46,317.7,458.26,319.5,319,1055,245,1082,1663,2350
5677880,465.46,317.925,458.42,320.025,320,1058,248,1088,1666,2349
5677882,465.62,317.325,458.5,319.425,321,1051,248,1082,1663,2352
5677884,465.78,317.025,458.42,320.25,323,1049,250,1091,1661,2349
5677886,465.7,317.85,458.58,319.8,324,1057,251,1086,1665,2351
5677888,465.86,318,458.42,319.725,327,1059,251,1086,1664,2348
5677890,466.34,317.625,458.66,319.2,332,1054,252,1080,1664,2349
5677892,465.78,318.825,458.74,319.725,328,1068,255,1086,1665,2345
5677894,466.1,318.525,458.66,320.325,331,1065,254,1093,1663,2349
5677896,466.1,318.075,458.5,319.95,332,1060,254,1088,1661,2342
5677898,465.54,318.3,458.74,319.95,326,1063,257,1089,1660,2344
5677900,465.54,319.5,457.54,319.875,329,1076,245,1089,1665,2343
5677902,465.78,319.575,458.9,320.1,331,1077,260,1090,1659,2336
5677904,465.46,318.75,458.34,320.925,328,1068,256,1099,1662,2342
5677906,466.34,318.525,457.62,319.275,337,1065,246,1083,1658,2338
5677908,464.74,318.975,458.26,319.65,322,1072,254,1086,1661,2336
5677910,465.22,318.375,457.78,319.8,327,1065,250,1088,1660,2332
5677912,465.78,318.225,457.78,319.95,333,1063,251,1090,1659,2332
5677914,465.3,317.475,457.86,319.275,328,1055,251,1082,1655,2332
5677916,464.74,316.875,457.86,319.8,322,1049,253,1088,1653,2331
5677918,465.38,317.475,457.62,319.8,329,1055,250,1089,1654,2328
5677920,465.62,317.475,456.82,320.1,333,1054,243,1092,1656,2325
5677922,464.98,316.05,457.14,318.975,324,1040,245,1080,1652,2323
5677924,465.3,317.25,456.26,319.8,330,1052,238,1089,1650,2321
5677926,464.82,315.9,456.9,319.575,324,1038,244,1086,1653,2321
5677928,464.98,315.825,456.82,319.95,326,1037,244,1090,1648,2318
5677930,465.46,315.525,456.26,319.275,331,1033,238,1084,1651,2318
5677932,464.74,316.575,456.82,320.25,325,1045,245,1093,1648,2315
5677934,464.74,315.45,456.1,319.725,323,1033,237,1088,1647,2310
5677936,464.66,317.1,456.5,320.55,325,1050,243,1096,1644,2313
5677938,464.74,316.5,456.5,320.7,325,1043,242,1098,1646,2305
5677940,464.34,315.9,456.26,320.175,320,1037,239,1092,1647,2303
5677942,464.5,316.2,456.34,320.775,322,1040,241,1098,1639,2304
5677944,464.1,316.125,456.26,321.15,318,1040,240,1102,1639,2302
5677946,464.98,316.425,456.58,321.375,327,1041,244,1104,1641,2300
5677948,465.3,316.05,455.94,320.85,330,1037,236,1099,1638,2299
5677950,464.34,316.875,456.02,320.925,320,1046,238,1099,1636,2293
5677952,463.62,317.325,455.86,321.675,314,1051,237,1107,1634,2286
5677954,464.74,316.425,456.18,322.05,324,1041,240,1111,1633,2288
5677956,464.5,318.3,455.94,321.825,323,1060,237,1108,1627,2281
5677958,463.94,318.075,455.86,322.2,318,1059,237,1112,1627,2281
5677960,464.02,317.7,456.5,322.875,317,1054,244,1118,1624,2280
5677962,463.86,317.475,455.94,322.575,316,1052,238,1116,1625,2279
5677964,464.02,318.6,455.94,323.475,318,1064,238,1125,1628,2273
5677966,464.02,317.175,456.02,322.725,317,1048,238,1117,1627,2276
5677968,464.34,317.25,456.02,324.375,320,1048,239,1134,1621,2261
5677970,464.18,317.85,455.62,324.3,318,1055,235,1134,1620,2267
5677972,464.1,318,456.42,325.125,318,1056,244,1141,1620,2260
5677974,464.02,317.85,455.86,324.525,317,1054,237,1135,1622,2253
5677976,463.86,318.45,455.7,324.9,315,1060,235,1139,1620,2252
5677978,464.82,317.4,456.42,324.9,324,1048,243,1138,1619,2252
5677980,464.34,317.7,456.42,325.275,319,1052,243,1142,1617,2252
5677982,464.1,318.15,455.94,324.675,317,1057,237,1136,1617,2246
5677984,464.66,318.075,455.62,325.65,322,1055,235,1147,1618,2245
5677986,464.02,317.55,455.54,324.375,315,1050,233,1133,1618,2236
5677988,464.1,318.825,455.7,325.05,317,1064,235,1140,1616,2231
5677990,464.18,318.15,456.26,324.525,317,1057,240,1134,1617,2229
5677992,464.42,318.3,455.94,324.375,319,1058,236,1133,1615,2224
5677994,464.74,317.7,455.7,324.375,322,1051,234,1133,1612,2225
5677996,464.18,317.775,455.78,325.2,316,1052,235,1141,1617,2221
5677998,464.34,317.475,455.62,324.675,317,1048,233,1136,1613,2217
5678000,464.66,317.55,455.3,325.5,320,1049,230,1145,1611,2219
5678002,464.42,317.325,456.02,324.525,318,1047,237,1134,1612,2217
5678004,464.42,317.25,455.22,324.225,317,1046,228,1131,1609,2208
5678006,464.42,317.775,455.38,324.75,318,1051,230,1137,1605,2210
5678008,464.58,318,455.46,324.525,320,1054,230,1134,1607,2206
5678010,464.34,317.7,455.14,324.45,317,1050,227,1134,1609,2200
5678012,464.5,318.15,455.46,324.825,319,1055,231,1137,1606,2204
5678014,464.34,317.325,455.3,324.3,316,1046,228,1131,1603,2199
5678016,464.74,318.225,455.22,323.925,321,1055,227,1128,1607,2197
5678018,464.66,317.85,455.22,324.45,320,1051,228,1133,1608,2194
5678020,464.26,318.525,456.34,324.9,317,1059,240,1136,1604,2192
5678022,464.58,318.75,455.38,325.425,320,1061,230,1143,1606,2195
5678024,464.26,318.525,456.02,324.45,316,1059,236,1131,1603,2190
5678026,464.9,318.6,456.1,325.425,323,1059,238,1142,1600,2185
5678028,464.18,319.65,455.78,325.05,317,1071,234,1138,1602,2180
5678030,465.3,318,455.86,325.425,327,1052,235,1142,1598,2176
5678032,465.14,319.65,455.3,325.725,327,1069,230,1145,1599,2179
5678034,464.9,319.725,456.26,325.8,325,1070,240,1146,1599,2180
5678036,465.62,318.975,456.1,325.05,332,1061,237,1137,1598,2173
5678038,465.06,320.025,455.7,325.575,327,1073,233,1143,1598,2172
5678040,465.22,319.575,456.18,325.5,328,1068,238,1141,1595,2170
5678042,465.06,319.875,455.54,325.575,326,1071,232,1143,1594,2171
5678044,464.98,320.1,455.46,325.65,326,1073,231,1144,1595,2168
5678046,464.74,319.425,455.3,325.2,322,1066,229,1139,1594,2166
5678048,464.82,319.725,455.54,325.95,324,1069,233,1146,1591,2172
5678050,464.9,319.05,455.54,325.725,324,1061,232,1144,1589,2167
5678052,465.06,319.725,455.54,325.5,326,1069,232,1141,1588,2165
5678054,465.62,319.05,455.06,325.5,332,1060,227,1142,1589,2164
5678056,465.22,318.75,455.7,325.35,326,1058,234,1139,1586,2160
5678058,465.7,318.75,455.62,324.675,332,1057,232,1132,1589,2161
5678060,465.54,318.9,455.78,324.975,330,1059,234,1135,1585,2154
5678062,465.94,318.75,456.42,325.2,334,1057,241,1137,1586,2148
5678064,466.02,317.55,456.18,324.9,334,1043,238,1133,1586,2150
5678066,465.7,318.375,456.18,324.675,332,1053,238,1131,1583,2147
5678068,465.22,318.75,456.42,324.975,327,1056,241,1133,1585,2144
5678070,465.46,318.675,455.94,324.825,330,1055,236,1132,1581,2145
5678072,465.38,318.525,455.46,325.275,329,1053,232,1137,1580,2144
5678074,466.9,318.825,456.34,325.2,345,1055,240,1135,1578,2144
5678076,466.74,318.825,456.34,324.975,343,1054,240,1132,1580,2142
5678078,467.06,318,456.34,325.425,346,1046,241,1137,1579,2141
5678080,466.9,318.15,456.42,325.35,345,1046,242,1135,1575,2140
5678082,467.54,318.075,456.66,325.35,351,1045,244,1136,1576,2139
5678084,466.98,318.975,455.86,325.425,346,1055,236,1136,1574,2133
5678086,467.3,318.375,456.26,325.5,349,1048,240,1137,1575,2140
5678088,468.02,318.225,456.5,325.575,357,1046,243,1137,1573,2136
5678090,467.14,318.6,456.1,325.2,348,1050,238,1133,1570,2136
5678092,467.46,318,456.02,325.5,350,1043,238,1136,1570,2133
5678094,467.22,318.675,456.34,325.425,349,1050,241,1135,1569,2131
5678096,467.7,318.9,456.02,325.8,354,1052,238,1139,1570,2129
5678098,467.94,318.6,456.5,325.95,356,1048,243,1140,1567,2131
5678100,467.54,319.575,455.46,326.775,353,1059,234,1150,1569,2120
5678102,467.3,320.025,455.7,327,351,1064,236,1151,1565,2124
5678104,467.62,318.975,455.7,327,354,1051,237,1151,1564,2122
5678106,468.02,318.6,455.86,326.325,358,1047,237,1144,1566,2124
5678108,467.7,319.425,455.62,327.075,355,1056,236,1152,1565,2118
5678110,467.54,319.275,455.86,326.7,353,1055,238,1148,1564,2120
5678112,467.62,319.05,455.54,326.775,353,1052,235,1148,1560,2118
5678114,467.7,319.875,455.94,326.325,355,1061,238,1143,1562,2120
5678116,467.54,320.175,455.46,327,354,1064,233,1151,1560,2112
5678118,467.46,319.65,455.38,326.7,353,1059,232,1148,1563,2115
5678120,467.7,319.725,455.38,326.55,355,1059,232,1146,1560,2114
5678122,467.46,319.575,455.38,326.7,352,1058,232,1147,1557,2113
5678124,467.7,319.125,455.7,326.475,354,1052,235,1145,1560,2113
5678126,467.38,319.425,454.74,326.925,351,1056,226,1151,1563,2111
5678128,467.54,319.5,455.3,326.625,353,1056,231,1146,1556,2111
5678130,467.7,319.8,455.38,326.85,354,1059,232,1149,1560,2114
5678132,466.98,318.75,455.14,327.3,345,1049,230,1154,1556,2107
5678134,467.22,319.575,455.54,327.15,349,1057,234,1152,1560,2114
5678136,467.86,320.025,455.7,327.15,356,1062,235,1152,1555,2109
5678138,467.62,319.425,454.82,327.075,353,1056,226,1152,1553,2110
5678140,467.38,320.775,454.98,327.225,351,1070,227,1154,1553,2108
5678142,467.86,320.025,455.46,327.075,355,1062,233,1151,1556,2107
5678144,468.02,319.125,455.14,327.075,356,1052,229,1152,1554,2108
5678146,467.22,320.175,455.14,327.225,349,1064,228,1153,1554,2108
5678148,467.14,319.5,455.06,327.375,346,1057,228,1155,1552,2108
5678150,467.86,319.05,455.38,326.925,353,1051,230,1150,1546,2105
5678152,466.82,319.95,455.22,327.525,343,1062,229,1157,1544,2105
5678154,466.9,320.7,454.82,327.075,344,1070,224,1153,1548,2103
5678156,467.06,320.925,454.9,327.45,346,1073,225,1157,1547,2105
5678158,466.9,320.4,454.98,327.15,343,1067,225,1153,1543,2108
5678160,467.14,321.075,455.14,327.675,347,1075,227,1159,1548,2104
5678162,467.46,320.7,455.46,328.05,350,1070,231,1162,1545,2106
5678164,468.42,320.925,455.46,327.3,359,1071,230,1154,1545,2101
5678166,468.66,320.775,455.7,327,362,1069,232,1151,1542,2100
5678168,469.62,321.375,456.18,327.15,372,1075,236,1152,1543,2098
5678170,470.58,321,456.34,327.3,382,1069,238,1154,1540,2100
5678172,470.58,320.55,456.18,326.7,381,1065,236,1147,1547,2098
5678174,470.18,321.225,456.34,326.775,377,1073,237,1148,1540,2098
5678176,470.58,320.85,456.1,326.475,380,1069,234,1145,1540,2095
5678178,469.78,321,455.54,326.55,372,1071,228,1146,1542,2095
5678180,469.22,320.4,455.78,326.55,366,1065,230,1147,1540,2092
5678182,469.38,320.4,455.14,326.475,367,1065,224,1146,1535,2097
5678184,469.22,320.7,455.54,326.625,365,1069,227,1147,1540,2091
5678186,469.3,320.325,455.46,326.475,366,1065,227,1146,1539,2095
5678188,469.38,320.625,455.78,326.475,366,1068,229,1146,1536,2092
5678190,469.46,319.95,455.94,326.475,367,1060,231,1146,1537,2090
5678192,469.94,321.075,455.94,326.25,372,1072,230,1143,1538,2091
5678194,469.86,320.55,455.54,325.95,371,1067,226,1140,1537,2088
5678196,469.62,320.25,456.34,326.175,368,1064,234,1142,1535,2087
5678198,470.1,319.8,455.94,326.025,372,1059,230,1141,1537,2089
5678200,469.46,319.725,455.94,326.775,365,1058,230,1149,1535,2088
5678202,469.14,320.325,456.1,325.95,362,1065,231,1140,1534,2087
5678204,469.78,320.325,456.1,326.175,369,1065,231,1143,1535,2085
5678206,469.7,319.95,456.34,326.25,367,1060,233,1144,1535,2086
5678208,469.94,320.175,455.62,325.575,370,1063,225,1137,1531,2084
5678210,469.78,319.875,456.42,325.5,368,1060,233,1135,1533,2084
5678212,470.02,320.55,455.94,325.5,371,1067,228,1136,1535,2082
5678214,469.46,319.575,455.94,325.275,364,1057,228,1133,1528,2078
5678216,469.14,319.5,455.94,325.575,361,1056,228,1137,1531,2080
5678218,469.38,320.1,456.18,325.725,363,1063,231,1138,1532,2079
5678220,470.5,320.1,456.02,325.575,375,1062,229,1136,1528,2081
5678222,469.86,319.275,456.02,325.35,368,1054,229,1134,1532,2077
5678224,469.46,319.5,455.94,325.2,364,1057,228,1132,1528,2074
5678226,469.86,319.35,456.26,325.425,368,1055,231,1135,1526,2076
5678228,469.7,320.175,456.02,325.5,367,1063,229,1136,1530,2077
5678230,470.1,320.625,455.78,325.2,372,1068,226,1133,1529,2075
5678232,469.86,320.4,456.1,325.8,369,1066,230,1139,1529,2074
5678234,470.34,320.025,456.1,324.975,374,1061,230,1130,1527,2072
5678236,470.5,320.25,455.46,325.8,376,1063,223,1140,1528,2068
5678238,470.42,320.025,455.78,325.5,375,1061,227,1136,1526,2075
5678240,470.18,319.875,456.02,324.975,372,1059,229,1130,1525,2069
5678242,469.94,320.475,455.54,325.575,370,1066,224,1137,1530,2068
5678244,470.02,319.425,455.38,325.425,370,1055,223,1135,1521,2071
5678246,470.18,320.925,455.54,324.75,374,1071,223,1128,1528,2071
5678248,469.94,320.85,456.5,324.975,371,1071,234,1130,1526,2070
5678250,470.34,319.125,455.86,324.675,374,1052,227,1128,1519,2063
5678252,470.18,319.575,455.62,326.1,373,1057,227,1143,1517,2057
5678254,470.02,319.275,455.22,325.2,371,1053,221,1134,1520,2057
5678256,469.7,319.875,455.54,325.125,368,1061,224,1133,1523,2056
5678258,469.62,319.95,454.9,325.275,368,1062,218,1135,1519,2057
5678260,470.02,319.5,455.46,325.65,372,1056,225,1139,1519,2058
5678262,469.78,319.8,456.42,324.9,369,1060,234,1130,1519,2057
5678264,469.94,319.425,455.54,325.05,371,1056,225,1132,1514,2051
5678266,470.18,319.35,455.94,325.8,373,1055,230,1140,1515,2051
5678268,469.7,319.95,456.34,325.425,369,1062,234,1135,1520,2050
5678270,469.78,320.025,456.02,325.875,370,1063,231,1141,1523,2048
5678272,470.26,319.65,455.86,325.05,374,1058,229,1132,1516,2050
5678274,470.1,319.05,455.86,325.2,372,1052,229,1134,1515,2052
5678276,470.02,320.1,456.1,325.575,373,1063,232,1138,1517,2045
5678278,470.18,319.35,456.1,324.975,373,1055,232,1131,1515,2045
5678280,469.94,319.425,456.5,324.975,371,1056,236,1131,1515,2043
5678282,469.7,320.025,455.94,325.275,370,1063,230,1135,1517,2045
5678284,470.1,318.9,456.1,324.975,373,1050,232,1131,1516,2042
5678286,470.1,319.65,456.66,324.75,374,1059,237,1128,1515,2044
5678288,469.78,319.35,456.18,325.8,370,1056,234,1141,1516,2040
5678290,470.02,319.2,456.5,325.05,373,1055,236,1132,1515,2040
5678292,470.1,318.975,456.9,325.2,374,1052,241,1133,1514,2045
5678294,470.18,318.975,456.18,325.725,374,1052,234,1140,1514,2037
5678296,470.1,318.75,456.66,325.2,374,1050,239,1134,1511,2034
5678298,470.02,318.9,456.42,325.125,373,1051,236,1133,1515,2040
5678300,469.7,319.8,456.26,324.825,371,1061,234,1130,1511,2036
5678302,470.1,319.425,456.42,324.6,375,1056,236,1128,1511,2038
5678304,470.02,318.975,456.42,324.75,374,1052,236,1129,1513,2037
5678306,469.38,319.5,456.34,324.6,367,1058,235,1128,1511,2036
5678308,469.3,318.9,456.42,324.3,366,1052,236,1124,1513,2033
5678310,469.54,318.375,456.34,324.45,368,1046,235,1125,1513,2035
5678312,469.94,319.5,456.26,325.275,373,1058,236,1135,1513,2033
5678314,469.7,318.975,456.26,324.6,370,1052,235,1127,1513,2035
5678316,469.54,319.65,456.26,324.225,370,1059,235,1124,1514,2036
5678318,469.78,319.8,456.02,325.05,373,1061,234,1133,1516,2033
5678320,469.7,319.275,456.18,325.275,372,1055,236,1135,1514,2031
5678322,469.3,318.825,456.5,325.125,367,1051,238,1133,1510,2031
5678324,470.02,318.75,455.86,324.375,374,1049,231,1126,1513,2035
5678326,469.46,318.825,456.34,324.675,368,1051,237,1128,1514,2034
5678328,469.22,319.575,456.82,325.5,367,1059,242,1136,1514,2035
5678330,469.22,319.425,457.22,323.85,367,1057,245,1118,1515,2032
5678332,469.14,319.575,456.26,325.125,366,1059,237,1133,1514,2032
5678334,469.46,319.575,456.58,324.675,369,1059,239,1128,1508,2030
5678336,469.62,318.9,456.34,324.75,371,1051,238,1128,1513,2032
5678338,468.9,319.275,456.1,324.975,364,1056,236,1131,1512,2036
5678340,469.54,319.05,456.02,325.05,371,1052,235,1132,1510,2034
5678342,469.22,318.9,456.42,324.15,367,1051,238,1122,1513,2036
5678344,469.06,318.825,456.26,324.75,365,1051,237,1128,1513,2030
5678346,469.06,318.525,456.66,324.9,366,1047,241,1130,1510,2028
5678348,468.9,319.725,456.34,324.75,365,1061,238,1128,1515,2029
5678350,469.06,318.975,456.34,324.6,366,1052,239,1127,1512,2028
5678352,468.66,319.2,456.42,323.7,362,1055,238,1117,1513,2029
5678354,469.14,319.35,456.42,324.225,368,1056,238,1123,1510,2028
5678356,469.06,318.75,456.5,324.525,366,1050,240,1126,1512,2032
5678358,468.42,319.575,456.9,324,360,1060,243,1120,1510,2035
5678360,468.58,319.125,456.58,324.45,362,1054,241,1125,1512,2031
5678362,469.06,318.675,456.42,324.45,366,1049,239,1125,1512,2031
5678364,468.74,319.125,457.14,323.85,363,1055,246,1118,1515,2033
5678366,468.34,318.975,456.34,324.675,359,1054,239,1128,1513,2031
5678368,469.06,318.9,456.66,324.075,366,1052,241,1121,1513,2033
5678370,468.26,319.05,457.38,323.25,358,1054,248,1111,1511,2028
5678372,468.66,319.725,456.9,324.075,364,1061,245,1121,1512,2031
5678374,468.82,318.375,456.74,323.775,364,1047,242,1117,1511,2034
5678376,468.58,318.675,456.9,324.225,362,1050,245,1123,1514,2028
5678378,468.82,319.05,456.42,324.525,365,1054,240,1127,1507,2028
5678380,468.82,317.925,456.82,324.3,364,1042,244,1123,1510,2033
5678382,468.42,318.9,457.06,323.55,360,1052,245,1115,1512,2033
5678384,468.82,318.525,456.82,324.3,364,1048,244,1124,1509,2033
5678386,468.58,318.975,456.82,324.075,362,1053,244,1121,1510,2032
5678388,468.42,318.9,457.14,323.925,360,1053,247,1119,1513,2033
5678390,468.58,318.675,457.22,323.4,362,1050,248,1114,1512,2032
5678392,468.74,318.075,456.98,322.95,363,1044,244,1109,1509,2034
5678394,468.74,318,457.06,322.725,363,1042,245,1106,1510,2032
5678396,468.74,318.375,457.14,323.4,363,1047,247,1113,1511,2033
5678398,469.22,317.85,457.06,323.25,368,1041,246,1112,1511,2032
5678400,468.9,318.45,457.22,322.95,365,1047,247,1109,1508,2033
5678402,468.42,318.75,457.22,323.325,360,1051,247,1112,1515,2036
5678404,468.42,318.675,456.82,323.55,360,1050,244,1116,1513,2035
5678406,468.66,318.525,457.06,323.4,363,1048,246,1113,1512,2037
5678408,468.18,318.6,456.98,323.775,358,1049,246,1117,1515,2035
5678410,468.66,317.25,457.14,323.55,362,1034,248,1115,1510,2039
5678412,468.66,319.05,457.46,323.325,364,1054,250,1112,1514,2040
5678414,468.42,318,457.14,323.85,360,1043,247,1118,1511,2040
5678416,468.58,318.3,457.14,323.4,362,1046,247,1114,1510,2041
5678418,468.42,318.6,456.98,323.7,360,1049,245,1117,1514,2042
5678420,468.34,319.5,457.14,323.475,360,1059,247,1114,1515,2043
5678422,468.02,318.6,457.3,324.525,356,1049,249,1126,1513,2042
5678424,468.34,319.65,457.3,324.375,361,1061,250,1124,1518,2041
5678426,467.86,319.5,456.98,323.925,355,1059,246,1119,1517,2041
5678428,468.18,319.65,457.22,324.225,359,1061,248,1122,1515,2043
5678430,468.18,319.725,457.62,324.375,359,1062,253,1123,1513,2042
5678432,467.86,319.5,457.46,323.85,355,1059,250,1118,1513,2044
5678434,467.94,319.725,457.62,324.3,356,1062,252,1123,1520,2044
5678436,467.86,320.7,457.46,324.45,356,1073,251,1124,1521,2047
5678438,467.7,319.575,457.54,324,353,1061,251,1120,1518,2049
5678440,468.1,320.775,457.94,325.275,358,1074,256,1133,1517,2054
5678442,469.3,319.875,459.14,325.575,370,1062,269,1135,1514,2057
5678444,470.82,321.675,460.26,325.725,388,1080,281,1135,1514,2047
5678446,472.34,322.65,461.54,326.625,405,1089,295,1144,1521,2052
5678448,474.58,322.95,463.62,327.225,428,1090,317,1148,1523,2057
5678450,476.5,323.325,465.06,327.75,448,1092,333,1152,1522,2054
5678452,477.14,324.75,465.38,327.375,456,1107,336,1148,1515,2058
5678454,477.54,324.975,465.78,327.525,461,1109,340,1150,1518,2057
5678456,477.3,323.925,465.38,327.3,456,1098,335,1147,1526,2054
5678458,476.18,324.45,464.98,327.525,445,1105,330,1150,1524,2057
5678460,475.86,323.925,464.1,328.2,441,1099,322,1159,1526,2056
5678462,475.06,323.775,462.9,328.275,432,1099,309,1161,1533,2059
5678464,474.58,323.1,464.18,327.9,426,1092,322,1156,1526,2060
5678466,474.1,324.225,463.86,328.575,423,1105,319,1163,1527,2063
5678468,474.26,324.225,463.06,328.425,424,1105,310,1162,1529,2063
5678470,474.18,323.625,463.78,328.05,422,1099,317,1158,1529,2062
5678472,473.78,324.45,463.94,327.9,419,1108,319,1156,1531,2063
5678474,474.1,324.225,463.3,327.525,422,1106,312,1153,1530,2065
5678476,473.86,324.825,463.22,328.125,419,1113,311,1160,1530,2066
5678478,474.18,324.15,464.18,327.675,422,1105,320,1154,1531,2068
5678480,474.26,324.375,462.9,328.5,422,1108,308,1164,1533,2065
5678482,474.34,324.3,463.3,328.425,423,1106,312,1163,1532,2069
5678484,474.02,323.85,463.7,328.35,419,1102,316,1162,1530,2067
5678486,474.66,324.225,463.54,328.125,426,1106,314,1160,1535,2070
5678488,474.18,323.85,463.38,329.025,421,1102,313,1170,1532,2072
5678490,474.42,323.625,463.38,328.35,423,1099,311,1162,1533,2070
5678492,474.82,323.925,463.54,328.275,427,1102,313,1162,1530,2071
5678494,474.58,323.475,462.82,328.425,424,1098,306,1164,1533,2078
5678496,474.02,323.55,463.7,327.75,417,1099,313,1156,1533,2078
5678498,473.94,324.15,463.22,328.05,418,1106,309,1159,1535,2074
5678500,474.18,323.55,462.82,327.375,419,1099,303,1152,1532,2083
5678502,473.86,323.325,463.22,327.525,415,1097,308,1154,1534,2079
5678504,474.66,323.475,462.82,327.225,423,1097,303,1151,1534,2079
5678506,474.5,323.55,462.74,327.225,422,1099,302,1152,1535,2085
5678508,473.86,322.05,463.14,326.25,413,1084,305,1140,1536,2083
5678510,474.5,321.525,463.3,326.625,420,1077,307,1144,1537,2086
5678512,474.98,321.6,462.9,326.55,424,1078,302,1144,1538,2086
5678514,473.86,320.925,463.14,325.8,412,1072,304,1136,1539,2086
5678516,474.1,320.925,463.38,325.8,414,1071,306,1136,1537,2086
5678518,474.34,320.325,462.98,326.25,416,1065,303,1141,1538,2090
5678520,474.1,320.625,462.9,325.875,413,1068,302,1137,1542,2090
5678522,474.58,320.25,463.22,325.575,419,1063,305,1133,1538,2093
5678524,474.18,320.625,463.54,326.1,415,1068,308,1139,1541,2090
5678526,474.26,320.325,462.98,325.425,415,1065,302,1132,1540,2093
5678528,473.94,320.4,463.78,325.425,412,1066,311,1131,1540,2090
5678530,473.94,320.7,463.78,325.95,413,1069,311,1137,1542,2097
5678532,474.26,321.75,463.62,325.8,417,1080,309,1136,1548,2096
5678534,473.94,321.075,463.46,326.175,413,1074,308,1140,1546,2095
5678536,473.7,322.05,463.86,326.175,411,1085,312,1140,1545,2097
5678538,474.02,321.75,463.78,326.625,415,1081,312,1145,1547,2095
5678540,473.54,322.275,464.18,326.85,411,1087,317,1147,1549,2098
5678542,473.22,322.8,464.18,327.375,407,1094,317,1153,1546,2097
5678544,473.78,322.5,464.42,327.375,413,1091,320,1153,1548,2102
5678546,473.54,322.875,464.1,327.6,411,1095,317,1156,1551,2101
5678548,473.3,323.25,464.58,328.05,409,1100,323,1161,1548,2104
5678550,473.86,322.875,464.58,327.675,415,1095,322,1157,1546,2104
5678552,473.62,323.55,464.58,327.6,413,1103,323,1156,1550,2103
5678554,473.86,322.5,464.74,327.15,415,1091,324,1151,1545,2107
5678556,474.26,322.95,464.5,327.525,420,1096,322,1156,1550,2107
5678558,473.14,323.55,464.58,327.375,408,1104,323,1155,1551,2106
5678560,473.54,323.7,464.98,327.075,413,1105,327,1151,1554,2113
5678562,473.78,323.025,464.5,327.6,414,1098,322,1158,1550,2109
5678564,473.46,323.025,464.82,327.15,412,1099,325,1153,1554,2106
5678566,473.62,322.425,464.9,327.375,412,1092,326,1155,1551,2110
5678568,474.26,322.125,465.3,326.775,418,1089,329,1149,1557,2111
5678570,473.78,321.675,464.98,326.625,414,1084,326,1147,1555,2111
5678572,473.86,322.2,464.9,327.3,414,1091,326,1155,1557,2116
5678574,473.86,321.375,464.98,326.775,414,1082,326,1149,1553,2113
5678576,473.7,321.75,464.5,327.225,413,1085,321,1155,1553,2113
5678578,473.54,321.9,464.58,326.4,411,1087,322,1146,1557,2115
5678580,473.94,319.95,464.26,326.625,413,1066,318,1148,1554,2114
5678582,473.7,321.675,464.74,325.65,412,1085,322,1138,1554,2117
5678584,473.46,321.3,464.26,326.175,409,1080,318,1144,1552,2117
5678586,473.46,320.7,464.26,326.25,409,1074,318,1144,1553,2116
5678588,473.3,320.175,464.66,325.5,407,1069,321,1136,1554,2121
5678590,473.14,320.4,464.1,325.95,405,1071,315,1141,1556,2121
5678592,473.22,320.4,464.26,325.575,405,1070,317,1136,1552,2118
5678594,473.22,320.475,464.42,325.575,405,1071,318,1136,1552,2116
5678596,473.22,319.725,463.94,325.65,404,1062,313,1137,1554,2123
5678598,473.22,319.425,463.86,325.95,403,1060,313,1140,1555,2122
5678600,471.86,320.175,463.94,325.875,390,1068,312,1138,1564,2123
5678602,473.14,319.875,463.62,325.575,403,1063,309,1136,1559,2125
5678604,472.58,319.5,463.22,325.425,397,1060,304,1133,1562,2129
5678606,472.5,319.5,463.38,325.125,395,1059,305,1130,1562,2130
5678608,472.1,319.35,463.3,326.025,391,1057,305,1139,1562,2130
5678610,471.78,319.65,463.06,325.35,387,1061,302,1132,1565,2128
5678612,471.78,319.8,463.3,325.725,388,1062,305,1135,1567,2130
5678614,472.1,319.65,463.14,325.65,391,1060,303,1134,1567,2131
5678616,471.78,320.1,463.54,325.95,387,1064,306,1136,1566,2129
5678618,471.14,319.65,463.14,325.5,380,1060,302,1132,1568,2133
5678620,470.98,319.65,463.46,325.275,378,1059,304,1128,1567,2135
5678622,471.3,320.175,462.58,325.125,382,1064,295,1127,1567,2134
5678624,470.58,320.7,462.74,326.175,374,1071,297,1138,1567,2135
5678626,469.78,320.475,461.7,325.5,366,1068,286,1132,1568,2133
5678628,469.78,320.25,461.3,325.575,364,1065,281,1132,1567,2135
5678630,467.22,320.475,460.9,325.575,338,1071,276,1133,1570,2134
5678632,466.18,320.7,460.34,326.25,327,1074,271,1140,1571,2134
5678634,464.66,320.175,459.78,325.575,310,1070,264,1133,1573,2139
5678636,465.14,320.475,458.9,325.875,315,1072,255,1137,1573,2135
5678638,464.98,320.85,459.3,325.95,314,1076,259,1138,1575,2144
5678640,464.82,321.3,459.38,325.8,313,1080,260,1135,1573,2138
5678642,465.38,321.375,459.46,325.5,318,1081,260,1132,1574,2138
5678644,466.58,321.975,460.02,325.05,331,1086,265,1126,1575,2141
5678646,467.06,321.975,460.18,325.575,336,1085,268,1132,1573,2143
5678648,467.38,323.025,460.58,325.8,341,1096,272,1134,1576,2142
5678650,467.7,321.975,460.42,325.8,343,1084,270,1133,1575,2146
5678652,467.3,321.975,460.5,325.5,338,1084,270,1131,1579,2142
5678654,466.66,321.375,460.5,325.875,331,1079,271,1134,1576,2146
5678656,466.5,321.375,460.18,325.575,329,1079,267,1131,1576,2142
5678658,466.82,321.225,460.58,325.65,333,1077,271,1132,1575,2145
5678660,467.3,321.675,460.9,325.875,338,1082,275,1134,1581,2142
5678662,467.22,321.375,460.82,325.875,337,1078,274,1134,1573,2147
5678664,467.46,321.45,460.74,325.875,340,1079,274,1134,1582,2146
5678666,467.46,321.75,461.14,325.725,340,1083,278,1133,1572,2146
5678668,468.02,320.7,461.06,326.175,345,1071,278,1138,1578,2143
5678670,467.14,321.3,461.06,326.625,337,1078,278,1143,1580,2148
5678672,467.78,321.375,460.82,325.95,344,1079,275,1137,1578,2145
5678674,467.78,321.675,460.9,325.725,344,1082,276,1134,1578,2150
5678676,468.02,320.85,461.14,326.25,347,1074,280,1140,1582,2151
5678678,468.02,321.525,461.22,325.875,348,1081,280,1135,1583,2148
5678680,468.34,322.125,461.38,325.65,352,1088,282,1133,1576,2148
5678682,467.94,321.6,460.98,325.725,347,1083,278,1135,1578,2152
5678684,468.1,321.075,462.02,326.325,349,1078,291,1141,1582,2151
5678686,468.18,321.975,461.54,326.325,351,1087,285,1141,1581,2152
5678688,468.5,321.375,461.22,325.875,354,1081,282,1138,1582,2152
5678690,468.18,322.125,461.7,325.8,352,1090,287,1137,1584,2148
5678692,468.58,322.65,461.06,326.175,357,1096,282,1142,1580,2154
5678694,468.58,321.9,461.06,325.5,356,1088,281,1135,1585,2151
5678696,468.5,322.65,461.78,325.875,357,1096,290,1139,1583,2154
5678698,468.66,321.675,461.7,325.8,358,1086,289,1138,1583,2153
5678700,468.82,321.975,461.78,325.65,361,1090,291,1137,1579,2150
5678702,468.5,321.825,461.7,325.875,358,1089,291,1140,1578,2154
5678704,468.82,322.05,461.54,325.725,363,1092,290,1139,1583,2152
5678706,468.66,322.425,462.26,325.5,361,1096,297,1136,1582,2154
5678708,468.5,323.1,462.02,325.875,362,1104,297,1142,1584,2154
5678710,468.66,321.75,461.54,325.2,362,1089,291,1135,1581,2157
5678712,469.22,321.9,462.34,326.25,369,1091,301,1146,1580,2153
5678714,468.98,322.05,462.1,326.4,366,1093,299,1148,1583,2157
5678716,468.98,322.725,462.34,325.425,368,1102,301,1138,1582,2160
5678718,468.74,322.2,461.86,325.8,365,1096,297,1142,1582,2159
5678720,468.58,321.9,461.94,325.875,364,1094,298,1144,1583,2153
5678722,468.9,321.975,462.5,325.875,367,1094,304,1143,1577,2160
5678724,468.74,322.275,461.7,325.725,368,1098,297,1143,1585,2156
5678726,468.58,321.9,462.18,325.275,366,1094,302,1138,1585,2159
5678728,468.9,322.05,462.58,325.65,370,1096,307,1141,1580,2161
5678730,468.74,322.2,462.82,325.35,368,1098,309,1138,1588,2162
5678732,468.26,321.375,462.26,325.425,364,1090,305,1140,1588,2160
5678734,468.18,322.125,462.58,325.2,363,1098,307,1137,1584,2163
5678736,467.86,321.9,461.94,324.975,361,1096,302,1136,1586,2163
5678738,468.18,321.375,461.86,324.375,363,1091,300,1129,1584,2158
5678740,467.78,321,461.86,324.9,360,1087,302,1135,1582,2159
5678742,468.42,320.775,462.34,324.15,367,1084,306,1127,1585,2161
5678744,468.42,320.625,462.18,323.475,367,1082,305,1120,1584,2158
5678746,468.34,320.7,462.02,323.925,367,1083,304,1124,1583,2163
5678748,468.58,320.1,461.7,324.225,369,1077,301,1129,1582,2161
5678750,468.26,320.7,461.7,324.3,367,1083,301,1129,1581,2160
5678752,468.42,320.475,461.94,323.925,368,1080,304,1125,1585,2164
5678754,468.42,320.1,461.78,323.85,368,1076,302,1124,1585,2159
5678756,468.1,320.925,461.7,324.225,366,1085,302,1128,1583,2164
5678758,468.58,319.2,462.1,323.925,369,1066,306,1125,1582,2166
5678760,468.1,320.475,461.7,323.925,366,1080,303,1124,1586,2162
5678762,467.38,320.025,462.18,324.075,358,1076,308,1126,1582,2166
5678764,467.86,319.575,462.5,324.375,363,1071,311,1129,1586,2168
5678766,467.78,319.575,461.78,324.075,362,1070,303,1126,1581,2162
5678768,466.98,319.575,462.1,324.225,354,1071,307,1127,1584,2163
5678770,467.38,319.95,462.02,323.775,358,1075,305,1122,1583,2166
5678772,466.98,320.175,461.46,323.7,354,1077,300,1122,1585,2161
5678774,466.98,320.175,461.7,324.75,354,1078,303,1133,1585,2160
5678776,467.46,319.725,461.14,324.225,359,1072,297,1128,1586,2164
5678778,466.98,319.5,460.82,324.15,353,1070,293,1127,1585,2164
5678780,466.9,320.7,461.46,324.375,354,1082,300,1128,1587,2162
5678782,466.58,320.025,460.42,325.425,350,1076,290,1140,1585,2164
5678784,466.82,320.1,460.82,324.45,352,1076,293,1130,1584,2160
5678786,466.18,320.25,460.42,324.225,345,1079,289,1127,1584,2163
5678788,466.9,319.875,460.42,325.425,352,1073,290,1140,1581,2164
5678790,465.94,320.1,460.34,324.525,342,1077,288,1131,1583,2161
5678792,466.26,320.4,460.26,324.975,346,1080,287,1136,1587,2164
5678794,466.26,320.1,460.58,324.975,345,1077,291,1135,1583,2161
5678796,465.78,320.7,460.42,325.125,340,1083,289,1137,1581,2160
5678798,465.78,320.925,460.58,325.35,341,1086,290,1139,1581,2166
5678800,466.18,321.3,460.42,325.5,344,1089,288,1141,1581,2161
5678802,466.02,320.85,460.82,324.825,343,1085,292,1134,1579,2161
5678804,466.26,321.6,460.82,325.425,345,1093,292,1140,1577,2165
5678806,466.58,321.075,460.82,325.65,348,1087,292,1142,1580,2170
5678808,466.26,320.775,460.58,325.125,344,1084,289,1138,1576,2161
5678810,466.82,321.3,461.3,325.275,351,1089,296,1138,1576,2166
5678812,466.66,321.75,460.58,325.65,349,1095,289,1143,1576,2166
5678814,466.42,320.925,460.74,324.75,346,1086,289,1134,1578,2161
5678816,466.9,321.375,460.66,325.05,350,1091,289,1137,1573,2161
5678818,466.42,321.675,460.5,325.35,346,1095,288,1141,1573,2161
5678820,466.26,322.8,460.74,325.275,346,1108,289,1140,1579,2163
5678822,466.5,321.15,460.26,325.05,346,1090,285,1138,1571,2157
5678824,466.26,321.6,460.98,325.125,343,1095,292,1139,1571,2164
5678826,467.14,322.05,460.42,325.575,353,1099,286,1145,1570,2163
5678828,466.82,321.9,460.5,325.05,350,1099,286,1140,1573,2161
5678830,467.14,321.45,460.42,325.65,352,1093,287,1146,1576,2164
5678832,466.98,322.5,460.74,325.95,351,1105,290,1150,1576,2164
5678834,467.3,321.525,460.58,325.425,354,1094,287,1144,1573,2166
5678836,467.06,321.975,461.46,325.65,352,1100,296,1146,1569,2163
5678838,466.98,322.35,461.14,326.1,350,1104,294,1151,1572,2164
5678840,467.06,321.675,460.34,325.875,351,1097,284,1150,1572,2164
5678842,467.46,322.35,461.06,325.8,355,1104,292,1149,1571,2165
5678844,467.78,322.275,460.9,325.5,359,1104,290,1146,1568,2163
5678846,467.46,321.975,460.66,326.025,355,1101,287,1152,1565,2165
5678848,467.94,321.675,460.58,325.575,360,1098,287,1148,1567,2162
5678850,467.62,322.275,460.66,326.025,357,1105,287,1153,1564,2162
5678852,467.22,322.275,460.9,326.175,352,1105,290,1155,1571,2165
5678854,467.62,321.975,460.58,326.4,356,1102,287,1157,1567,2168
5678856,467.54,322.65,460.82,326.25,355,1109,289,1155,1567,2161
5678858,467.3,321.75,461.06,326.025,352,1100,291,1153,1566,2164
5678860,468.34,322.425,460.58,325.95,363,1107,286,1153,1563,2164
5678862,467.78,321.225,460.5,326.325,357,1095,285,1158,1565,2162
5678864,467.46,322.05,460.58,326.475,353,1104,286,1160,1566,2163
5678866,467.86,322.425,460.66,325.8,358,1108,286,1152,1562,2162
5678868,467.46,321.975,460.66,326.25,354,1104,286,1157,1562,2164
5678870,467.54,322.65,460.58,326.1,355,1110,285,1155,1562,2163
5678872,467.94,322.125,460.5,325.65,358,1105,284,1151,1565,2159
5678874,467.7,321.825,460.26,325.8,355,1102,281,1153,1560,2161
5678876,467.46,321.9,460.42,326.4,352,1103,283,1159,1562,2166
5678878,467.62,321.75,460.82,325.95,354,1101,287,1154,1561,2164
5678880,467.54,321.6,460.58,325.725,353,1100,284,1152,1561,2158
5678882,468.02,321.9,460.42,325.875,358,1103,283,1154,1558,2163
5678884,467.7,320.475,460.1,325.95,353,1087,279,1155,1554,2159
5678886,467.3,320.325,460.58,325.725,349,1087,283,1152,1557,2159
5678888,467.94,321.3,459.94,325.65,356,1096,276,1152,1557,2162
5678890,468.26,320.7,460.18,324.9,359,1090,278,1144,1554,2159
5678892,467.38,321.3,460.5,325.275,350,1097,282,1147,1557,2157
5678894,468.1,321,460.18,325.125,357,1093,278,1146,1556,2162
5678896,467.78,320.475,460.58,324.975,352,1087,281,1144,1557,2157
5678898,467.54,319.8,460.18,325.425,349,1080,278,1149,1552,2158
5678900,467.62,321.075,460.1,325.2,351,1094,276,1147,1555,2156
5678902,468.02,321.15,460.42,325.35,355,1094,279,1148,1554,2159
5678904,467.54,321.075,460.34,324.9,350,1094,278,1143,1555,2158
5678906,467.94,321.15,460.1,324.75,354,1094,275,1141,1555,2161
5678908,467.94,320.475,460.42,324.9,353,1087,279,1143,1551,2154
5678910,467.78,321.075,460.26,324.825,352,1093,277,1142,1553,2155
5678912,468.34,321.3,460.26,325.425,357,1094,277,1148,1552,2159
5678914,468.1,320.25,460.26,325.5,354,1083,277,1148,1551,2158
5678916,467.78,320.85,460.74,324.975,350,1090,281,1141,1552,2156
5678918,468.26,321,460.26,324.45,356,1091,275,1137,1550,2156
5678920,468.34,321,460.42,325.575,357,1090,278,1149,1552,2156
5678922,468.26,321.975,460.74,324.825,356,1101,280,1140,1550,2153
5678924,468.42,321.3,460.26,325.2,357,1093,275,1144,1552,2157
5678926,468.74,321.6,460.26,324.9,360,1096,275,1141,1547,2157
5678928,468.58,321.675,460.98,325.5,359,1096,283,1146,1551,2161
5678930,468.02,321.6,460.66,325.8,353,1096,280,1149,1545,2156
5678932,468.66,321.3,460.66,325.725,359,1092,280,1148,1549,2161
5678934,469.94,321.15,460.18,325.95,373,1089,275,1151,1547,2161
5678936,468.34,321.675,460.34,325.875,357,1096,277,1150,1548,2157
5678938,469.14,322.425,460.26,326.025,365,1103,276,1152,1544,2161
5678940,468.98,322.125,460.1,326.1,363,1100,275,1152,1548,2160
5678942,468.74,322.5,460.74,325.2,362,1104,281,1142,1548,2160
5678944,468.9,322.35,460.58,325.875,364,1102,279,1149,1546,2159
5678946,469.3,322.2,460.66,325.725,367,1100,280,1147,1542,2151
5678948,469.7,322.65,460.42,325.95,372,1104,278,1150,1545,2160
5678950,469.38,321.75,460.42,325.95,368,1095,278,1150,1546,2158
5678952,469.22,322.5,460.42,325.725,366,1103,277,1147,1543,2157
5678954,470.1,322.275,460.66,326.55,375,1100,280,1157,1543,2158
5678956,469.78,322.05,460.42,326.325,372,1098,278,1154,1543,2162
5678958,469.7,322.575,460.66,326.475,371,1103,281,1155,1544,2160
5678960,470.1,323.325,460.58,326.25,377,1111,280,1153,1540,2158
5678962,470.5,322.05,460.82,326.025,380,1097,282,1151,1543,2160
5678964,470.02,322.875,461.06,325.05,375,1106,283,1140,1540,2156
5678966,470.34,322.8,460.58,326.325,379,1106,280,1154,1544,2160
5678968,470.34,322.2,460.5,325.875,378,1099,279,1150,1540,2158
5678970,470.34,322.5,460.98,326.25,379,1103,284,1153,1538,2159
5678972,470.74,323.7,460.74,326.7,385,1116,282,1159,1542,2161
5678974,470.18,323.025,460.66,326.25,378,1108,281,1153,1540,2162
5678976,470.1,323.4,460.26,327,378,1113,278,1163,1542,2160
5678978,470.66,323.1,460.5,326.4,383,1109,279,1156,1540,2160
5678980,470.1,324,460.58,326.775,379,1120,281,1161,1539,2162
5678982,470.58,323.925,460.82,326.4,383,1118,283,1156,1536,2161
5678984,470.42,324.225,460.18,327.075,382,1123,277,1164,1536,2157
5678986,468.66,323.475,459.54,326.7,362,1116,270,1160,1535,2159
5678988,467.86,323.025,458.98,326.4,354,1112,264,1158,1539,2153
5678990,466.34,324.525,457.46,325.575,340,1130,247,1151,1531,2162
5678992,466.02,322.35,456.26,325.425,334,1108,235,1151,1531,2161
5678994,464.9,321.6,455.22,325.125,321,1100,223,1149,1530,2157
5678996,464.98,321.75,455.06,325.125,323,1103,221,1150,1529,2153
5678998,465.06,321.375,455.46,324.375,323,1098,225,1141,1532,2158
5679000,465.94,321,455.38,324.75,332,1094,225,1146,1524,2152
5679002,465.78,322.95,455.62,324.45,332,1115,227,1143,1525,2156
5679004,465.94,321.9,455.62,324.825,333,1103,227,1146,1526,2153
5679006,465.94,321.675,455.62,324.6,333,1102,227,1144,1526,2150
5679008,465.7,322.8,456.18,324.825,331,1114,233,1146,1528,2153
5679010,466.5,321.3,455.62,324.075,338,1097,226,1139,1529,2154
5679012,466.5,321.15,455.7,324.675,338,1095,228,1146,1530,2147
5679014,466.1,323.1,455.86,325.05,336,1117,230,1149,1524,2146
5679016,466.26,321.9,456.5,324.6,336,1104,236,1144,1525,2148
5679018,466.5,321.225,456.18,323.4,338,1097,231,1132,1525,2152
5679020,466.58,320.775,455.62,324.3,337,1092,225,1142,1529,2147
5679022,466.42,321.525,455.38,324.225,337,1101,223,1142,1520,2148
5679024,466.34,321.225,456.18,325.2,335,1098,232,1152,1526,2149
5679026,465.94,320.475,455.3,324.825,330,1090,223,1149,1525,2148
5679028,466.34,321.225,455.62,324.75,334,1098,226,1148,1522,2149
5679030,465.62,321.225,455.62,324.825,327,1098,225,1148,1522,2144
5679032,466.26,322.05,455.46,325.2,334,1107,224,1153,1514,2140
5679034,466.74,322.275,455.62,324.825,339,1109,225,1148,1515,2141
5679036,466.9,322.125,455.46,325.275,341,1107,224,1154,1511,2138
5679038,466.9,321.6,455.46,325.5,340,1102,224,1156,1512,2137
5679040,466.58,322.65,455.14,325.875,338,1113,221,1161,1513,2137
5679042,466.66,322.425,455.62,325.35,338,1111,225,1155,1512,2133
5679044,466.26,321.9,455.86,325.575,333,1106,228,1157,1507,2130
5679046,466.9,322.35,454.9,325.575,340,1110,217,1158,1510,2133
5679048,466.58,322.5,455.22,325.5,337,1112,221,1157,1512,2131
5679050,466.42,323.25,455.78,325.65,336,1121,226,1158,1506,2128
5679052,466.74,322.35,455.54,326.325,338,1111,224,1166,1508,2129
5679054,465.7,323.025,455.3,325.5,328,1119,221,1157,1507,2127
5679056,466.42,322.725,455.38,325.65,335,1115,221,1159,1506,2125
5679058,466.34,322.35,455.54,325.725,334,1111,223,1159,1506,2129
5679060,466.26,323.4,455.3,325.2,333,1123,220,1154,1505,2125
5679062,466.18,324.15,455.62,326.25,333,1131,224,1165,1503,2120
5679064,467.14,323.25,455.22,325.8,342,1120,219,1161,1501,2122
5679066,466.02,324.225,455.62,325.65,331,1132,224,1159,1496,2125
5679068,466.18,324,455.38,325.125,332,1130,220,1153,1498,2123
5679070,466.1,323.25,456.02,325.5,331,1122,227,1157,1500,2120
5679072,466.58,323.4,455.7,325.425,336,1123,223,1157,1499,2119
5679074,466.34,324.225,456.02,326.025,333,1132,227,1162,1497,2119
5679076,466.9,323.175,456.02,325.65,339,1120,226,1159,1493,2119
5679078,466.58,323.4,456.02,325.425,335,1123,226,1156,1494,2115
5679080,466.42,325.5,456.18,325.8,335,1147,228,1161,1493,2115
5679082,466.74,323.85,456.34,325.8,337,1128,230,1161,1492,2116
5679084,467.06,324.375,456.1,326.25,340,1134,227,1166,1492,2113
5679086,466.58,325.65,455.94,326.475,337,1148,226,1169,1493,2113
5679088,466.98,324.225,456.42,326.025,339,1132,230,1163,1490,2111
5679090,466.66,324.075,456.18,325.875,336,1131,227,1162,1492,2111
5679092,466.74,325.125,455.62,326.475,337,1143,222,1169,1487,2104
5679094,467.06,324.675,456.5,326.475,341,1138,231,1169,1487,2109
5679096,466.58,324.9,456.26,326.175,336,1140,229,1166,1486,2107
5679098,466.9,325.35,455.94,326.475,340,1145,225,1169,1483,2108
5679100,467.3,324.9,456.58,326.4,344,1140,232,1168,1486,2108
5679102,466.98,324.9,456.18,325.95,340,1140,228,1164,1480,2107
5679104,466.82,324.6,455.62,327.15,338,1138,223,1178,1481,2105
5679106,467.54,324.225,456.66,327.075,345,1133,234,1175,1482,2106
5679108,467.86,322.95,456.34,326.175,347,1119,230,1166,1480,2103
5679110,467.14,323.625,456.34,326.55,340,1127,230,1171,1478,2098
5679112,467.54,323.925,456.66,326.625,346,1130,234,1171,1476,2101
5679114,467.38,323.625,456.42,326.775,344,1127,231,1173,1474,2095
5679116,467.7,324.225,457.14,326.625,347,1133,239,1171,1471,2094
5679118,467.62,325.05,456.82,326.7,348,1143,235,1172,1470,2091
5679120,467.3,324.15,456.98,326.625,343,1134,238,1171,1474,2092
5679122,467.54,323.7,456.82,326.775,346,1128,236,1173,1466,2096
5679124,467.86,323.325,456.5,327.3,349,1124,234,1179,1467,2091
5679126,468.34,322.5,456.26,327,353,1114,231,1176,1470,2093
5679128,467.62,324,456.66,327.375,348,1132,236,1181,1464,2088
5679130,467.38,323.25,456.42,327.3,345,1124,233,1180,1462,2082
5679132,467.86,323.625,456.74,326.925,351,1128,237,1175,1464,2087
5679134,467.46,322.95,457.06,327.15,345,1120,241,1178,1463,2081
5679136,467.14,323.625,456.26,327.075,343,1129,233,1178,1461,2082
5679138,467.78,323.55,456.58,327.45,350,1127,237,1181,1463,2077
5679140,467.06,323.625,456.58,327.225,343,1129,237,1179,1462,2077
5679142,467.06,323.25,456.58,327.3,343,1125,236,1180,1457,2078
5679144,467.38,323.55,456.9,327.975,347,1128,241,1187,1460,2074
5679146,466.98,323.175,456.98,327.675,342,1124,241,1184,1455,2076
5679148,467.14,323.325,456.74,327.825,344,1126,240,1186,1458,2074
5679150,466.98,323.4,456.98,327,342,1127,241,1177,1459,2074
5679152,466.18,323.325,457.62,328.2,335,1127,249,1189,1457,2071
5679154,466.74,323.55,456.58,327.3,341,1129,238,1180,1453,2074
5679156,466.42,323.25,456.58,327.975,337,1126,239,1188,1456,2065
5679158,466.18,323.625,456.58,327.825,335,1131,239,1186,1454,2070
5679160,466.5,323.85,456.74,327.9,339,1133,241,1187,1451,2069
5679162,466.66,323.4,457.46,328.275,340,1128,248,1190,1450,2061
5679164,466.5,322.95,456.98,327.975,338,1123,243,1188,1452,2066
5679166,466.98,323.7,456.66,328.725,344,1130,241,1196,1451,2064
5679168,466.5,323.55,457.46,328.05,339,1130,248,1188,1448,2056
5679170,466.5,323.325,456.58,328.5,339,1127,239,1194,1450,2061
5679172,466.34,323.925,456.98,328.95,338,1133,244,1199,1450,2060
5679174,466.26,323.4,457.54,327.975,336,1128,249,1188,1450,2057
5679176,466.02,323.1,456.98,328.5,333,1126,244,1194,1447,2058
5679178,466.26,323.4,457.38,328.125,336,1128,248,1190,1447,2060
5679180,466.18,323.4,457.06,327.6,335,1129,244,1184,1448,2052
5679182,466.18,323.475,456.9,327.9,335,1130,242,1188,1446,2054
5679184,466.58,323.175,456.58,328.05,339,1126,240,1190,1446,2053
5679186,466.5,322.875,457.14,327.825,338,1123,245,1187,1447,2054
5679188,466.26,322.725,456.66,328.8,336,1122,241,1198,1443,2053
5679190,466.66,322.575,456.9,328.65,340,1120,243,1196,1445,2051
5679192,466.1,323.85,457.3,327.9,335,1134,247,1188,1446,2049
5679194,466.26,322.725,457.06,328.95,336,1122,245,1199,1442,2052
5679196,466.34,322.95,456.9,328.275,337,1124,244,1193,1445,2049
5679198,465.94,323.1,457.14,328.05,333,1127,246,1190,1440,2044
5679200,466.1,322.65,456.9,329.025,334,1122,244,1201,1439,2051
5679202,466.1,323.475,456.58,329.025,335,1130,240,1201,1443,2046
5679204,466.18,324.375,457.38,328.425,337,1140,249,1193,1442,2046
5679206,466.66,323.25,456.74,328.875,340,1128,242,1199,1438,2045
5679208,466.58,323.775,456.9,328.95,340,1133,244,1201,1440,2051
5679210,465.86,323.475,457.22,328.575,333,1132,247,1196,1442,2043
5679212,466.02,323.55,456.98,328.65,334,1132,244,1197,1442,2041
5679214,466.26,323.7,456.34,328.5,337,1133,238,1196,1440,2042
5679216,466.58,323.1,457.06,328.65,340,1127,245,1197,1436,2042
5679218,466.5,323.25,457.22,328.8,339,1129,247,1198,1436,2044
5679220,466.42,322.65,456.9,328.725,337,1123,244,1198,1438,2042
5679222,466.58,323.175,457.22,328.5,339,1128,247,1196,1438,2045
5679224,466.26,322.95,457.06,328.275,336,1126,244,1193,1436,2038
5679226,466.5,322.575,457.14,328.875,338,1122,246,1200,1434,2041
5679228,466.98,322.725,457.22,328.575,342,1123,246,1197,1436,2040
5679230,466.34,322.575,457.06,328.35,336,1122,244,1195,1438,2039
5679232,465.78,322.125,456.82,329.025,329,1118,242,1202,1433,2034
5679234,466.26,322.425,457.06,328.05,335,1121,244,1192,1434,2040
5679236,465.94,322.8,456.66,328.275,332,1125,240,1195,1434,2030
5679238,466.18,322.425,457.06,328.725,334,1121,245,1199,1434,2034
5679240,466.34,322.575,456.98,328.8,336,1122,244,1200,1437,2030
5679242,466.1,323.175,457.46,328.5,334,1129,249,1196,1437,2034
5679244,466.26,322.5,456.98,328.875,334,1122,244,1201,1431,2032
5679246,466.34,323.1,456.66,329.1,336,1128,241,1204,1435,2031
5679248,466.82,322.2,456.98,329.4,341,1118,245,1206,1434,2034
5679250,466.66,322.875,456.98,327.75,339,1126,243,1189,1433,2032
5679252,466.34,322.35,456.82,328.5,335,1120,242,1197,1432,2028
5679254,466.1,322.125,456.58,328.8,332,1118,240,1200,1433,2028
5679256,466.26,322.05,456.74,328.35,334,1117,241,1195,1430,2032
5679258,466.58,322.2,456.9,328.125,338,1118,242,1193,1433,2027
5679260,466.18,321.45,456.98,328.5,333,1111,243,1197,1433,2026
5679262,466.42,321.6,456.98,328.275,335,1112,243,1195,1437,2030
5679264,466.5,322.575,457.3,328.8,337,1123,246,1200,1432,2026
5679266,466.26,321.825,457.3,329.4,333,1115,247,1207,1431,2028
5679268,466.26,321.825,457.38,328.5,333,1115,247,1197,1430,2032
5679270,467.14,322.275,457.22,328.275,343,1118,245,1195,1429,2028
5679272,466.66,322.35,456.9,329.025,338,1120,242,1203,1431,2025
5679274,466.82,322.35,457.38,327.525,340,1120,246,1186,1432,2024
5679276,466.5,321.525,457.22,328.425,335,1112,245,1197,1427,2027
5679278,466.42,321.975,457.54,328.425,335,1116,248,1196,1432,2028
5679280,466.74,322.8,457.3,327.75,340,1125,245,1189,1434,2025
5679282,466.74,322.725,457.46,328.8,339,1125,249,1200,1432,2023
5679284,467.3,322.35,457.86,328.725,345,1120,252,1199,1431,2022
5679286,466.82,322.5,457.38,328.65,340,1122,247,1199,1432,2028
5679288,467.54,322.95,457.62,328.65,347,1126,249,1199,1431,2025
5679290,467.3,322.2,457.94,328.725,344,1118,252,1199,1430,2020
5679292,467.3,322.275,457.62,329.625,344,1119,249,1210,1434,2027
5679294,466.82,322.725,457.3,328.275,339,1125,245,1195,1433,2019
5679296,467.22,321.6,457.78,329.85,342,1113,251,1212,1430,2017
5679298,466.98,321.825,458.1,328.8,340,1115,254,1200,1430,2022
5679300,467.3,322.275,457.54,328.2,344,1120,248,1194,1431,2016
5679302,467.06,322.125,457.38,328.725,341,1118,246,1200,1432,2024
5679304,466.74,322.05,457.3,329.55,337,1118,246,1209,1432,2020
5679306,466.66,322.8,456.98,328.425,337,1126,242,1198,1431,2021
5679308,466.58,322.125,457.7,328.8,335,1119,249,1201,1431,2019
5679310,466.26,322.35,456.98,328.65,332,1122,241,1201,1432,2022
5679312,466.74,321.975,456.9,329.25,337,1118,241,1208,1430,2021
5679314,466.5,322.35,456.74,328.875,335,1122,239,1204,1431,2020
5679316,466.9,322.875,457.54,329.7,339,1128,248,1212,1431,2020
5679318,467.06,322.35,456.9,329.625,340,1122,241,1211,1434,2019
5679320,467.14,323.025,457.62,330.15,341,1130,248,1216,1429,2018
5679322,467.38,323.025,457.38,330.825,343,1129,247,1225,1430,2013
5679324,467.14,323.1,457.54,330.6,341,1130,248,1222,1435,2015
5679326,467.46,323.475,457.46,330.825,345,1134,247,1224,1432,2014
5679328,467.54,322.8,457.22,332.175,345,1127,246,1239,1431,2015
5679330,467.38,322.95,457.38,330.9,343,1128,246,1226,1432,2014
5679332,467.38,323.25,457.46,331.05,343,1132,247,1227,1435,2012
5679334,467.7,322.275,457.78,331.35,345,1122,250,1231,1429,2009
5679336,467.14,322.575,457.38,330.975,339,1125,246,1227,1434,2017
5679338,467.3,323.025,457.38,331.125,341,1130,246,1228,1435,2011
5679340,467.14,322.65,457.46,331.575,339,1127,246,1233,1431,2013
5679342,467.38,322.725,457.46,330.45,342,1127,245,1221,1433,2014
5679344,467.62,322.875,457.22,329.925,344,1128,242,1215,1432,2015
5679346,467.54,322.05,456.82,330.375,342,1120,238,1221,1438,2018
5679348,466.9,321.825,457.22,328.725,335,1118,241,1203,1433,2017
5679350,466.98,321.375,456.82,329.175,336,1113,237,1208,1432,2015
5679352,467.54,322.05,456.66,328.725,342,1119,235,1203,1436,2013
5679354,467.38,321.075,457.3,328.8,339,1109,241,1204,1433,2015
5679356,467.14,320.925,456.74,328.65,336,1108,235,1203,1439,2015
5679358,467.3,321.525,456.5,329.55,339,1114,234,1213,1438,2014
5679360,467.14,320.25,457.06,329.25,336,1101,239,1209,1437,2012
5679362,467.38,321.075,456.74,328.5,339,1109,235,1202,1438,2015
5679364,467.54,321.6,456.34,329.925,341,1115,232,1217,1438,2008
5679366,467.94,320.775,456.74,328.125,344,1106,234,1197,1439,2014
5679368,467.14,321.225,456.82,328.575,336,1111,235,1202,1439,2015
5679370,466.98,321.525,457.22,330.15,335,1115,241,1218,1440,2009
5679372,467.06,321.6,457.3,329.7,336,1115,241,1213,1442,2008
5679374,467.62,321.45,456.98,329.925,342,1113,238,1216,1438,2008
5679376,467.06,322.05,457.14,330.375,336,1120,240,1221,1440,2013
5679378,467.46,321.15,457.7,330.525,340,1110,246,1222,1436,2013
5679380,467.14,321.675,456.98,330.75,336,1116,239,1225,1439,2011
5679382,467.38,322.2,456.9,330.975,339,1122,238,1228,1445,2012
5679384,467.62,323.1,457.22,331.5,342,1131,242,1233,1440,2009
5679386,467.3,322.125,457.54,332.775,338,1121,246,1247,1442,2012
5679388,467.62,322.725,457.78,332.025,342,1127,248,1239,1443,2011
5679390,467.46,323.775,457.78,332.25,341,1138,249,1241,1441,2009
5679392,467.14,323.1,457.54,332.4,338,1132,246,1243,1442,2008
5679394,467.22,323.025,457.7,332.175,339,1131,247,1241,1444,2011
5679396,467.62,323.175,457.54,331.8,342,1132,245,1237,1443,2012
5679398,467.3,323.55,457.78,331.575,339,1137,247,1234,1445,2009
5679400,467.78,323.775,457.62,331.5,345,1139,246,1233,1445,2007
5679402,467.7,322.8,458.18,331.275,343,1128,252,1230,1442,2011
5679404,468.02,322.8,457.94,332.625,346,1128,251,1245,1441,2007
5679406,467.7,322.8,458.1,332.025,343,1128,251,1238,1443,2008
5679408,467.3,323.475,457.7,332.25,339,1135,247,1241,1443,2011
5679410,468.58,322.875,458.02,332.925,352,1128,251,1248,1445,2007
5679412,468.26,322.875,458.26,332.4,349,1128,253,1242,1447,2004
5679414,468.18,323.025,457.7,332.025,348,1130,247,1239,1450,2008
5679416,467.54,323.1,457.46,331.95,341,1132,244,1238,1451,2008
5679418,467.78,322.35,457.86,332.925,343,1123,249,1248,1449,2013
5679420,467.7,322.8,457.7,331.8,342,1128,247,1237,1448,2006
5679422,467.14,322.5,457.94,331.875,337,1125,250,1237,1448,2006
5679424,467.46,322.575,456.98,332.85,340,1126,240,1249,1450,2012
5679426,467.46,323.175,457.06,332.175,340,1132,240,1241,1449,2012
5679428,466.98,322.425,457.38,332.55,334,1125,244,1244,1448,2013
5679430,466.98,323.175,457.06,332.775,335,1132,240,1247,1446,2009
5679432,466.9,322.575,456.58,332.55,333,1125,235,1245,1448,2012
5679434,467.06,322.125,456.74,331.275,335,1120,236,1231,1450,2012
5679436,466.9,322.35,456.26,331.2,333,1123,230,1230,1448,2006
5679438,467.3,322.5,456.58,332.175,337,1124,234,1240,1450,2011
5679440,466.58,322.875,456.5,331.65,330,1128,232,1234,1453,2009
5679442,467.14,321.75,456.34,332.4,334,1115,231,1242,1446,2009
5679444,467.46,321.975,456.18,331.125,337,1117,228,1228,1451,2004
5679446,467.06,321.225,456.18,331.725,333,1109,229,1235,1448,2012
5679448,467.46,322.275,455.86,331.575,337,1119,224,1233,1454,2009
5679450,467.06,322.05,456.26,330.975,333,1118,228,1226,1453,2011
5679452,466.5,321.75,455.86,331.725,326,1114,224,1234,1453,2010
5679454,467.38,322.125,455.94,332.025,336,1117,225,1237,1450,2012
5679456,466.66,322.65,456.42,331.725,328,1123,230,1233,1455,2008
5679458,467.22,322.5,456.18,331.5,334,1121,227,1231,1456,2013
5679460,466.58,322.95,456.26,331.65,328,1126,228,1231,1459,2012
5679462,467.06,322.8,456.02,331.2,332,1123,225,1227,1454,2009
5679464,466.66,322.2,456.26,331.875,327,1117,228,1233,1457,2010
5679466,466.82,323.025,455.78,331.875,330,1126,223,1234,1459,2008
5679468,466.34,322.35,456.34,332.25,323,1118,228,1236,1457,2010
5679470,466.82,322.575,455.78,332.475,328,1121,222,1240,1459,2012
5679472,466.5,323.025,455.78,332.55,325,1125,222,1240,1459,2014
5679474,467.06,323.025,456.1,331.875,331,1125,224,1232,1460,2009
5679476,466.58,322.8,455.94,332.775,325,1122,223,1242,1458,2009
5679478,466.98,323.55,455.86,333,330,1130,223,1244,1462,2017
5679480,467.22,323.475,456.1,333.075,332,1129,225,1245,1462,2008
5679482,466.66,323.85,455.54,332.55,326,1133,219,1239,1462,2010
5679484,467.78,323.925,455.94,332.925,338,1133,223,1243,1466,2015
5679486,466.9,323.85,456.58,332.625,329,1132,229,1239,1462,2012
5679488,467.14,324,456.02,333.225,331,1134,224,1246,1466,2016
5679490,467.7,324.6,456.18,333.15,338,1139,225,1245,1472,2017
5679492,466.98,323.475,456.26,332.025,329,1128,225,1232,1464,2014
5679494,467.3,325.575,455.7,333.225,334,1150,220,1246,1473,2017
5679496,467.38,325.05,455.7,332.7,335,1144,220,1240,1473,2015
5679498,467.3,324.675,456.18,332.475,333,1140,225,1237,1474,2018
5679500,467.62,325.275,456.1,331.875,338,1147,223,1231,1472,2014
5679502,467.78,325.125,456.1,333.075,339,1145,224,1243,1475,2018
5679504,467.78,324.825,456.9,333.225,339,1142,233,1244,1472,2013
5679506,467.46,325.2,455.94,333.3,336,1146,223,1246,1475,2018
5679508,467.7,325.5,456.1,333.45,339,1149,225,1248,1478,2022
5679510,468.02,324.825,456.66,333.45,342,1142,231,1248,1474,2018
5679512,467.7,325.725,456.26,333.525,339,1152,227,1249,1477,2022
5679514,467.62,326.175,456.1,333.9,339,1157,226,1253,1481,2020
5679516,467.7,324.975,456.18,333.6,339,1144,227,1250,1481,2025
5679518,467.94,325.5,456.74,333.825,342,1150,233,1252,1478,2023
5679520,467.78,326.7,456.74,334.8,342,1163,235,1262,1480,2021
5679522,467.86,326.475,456.34,333.9,343,1160,230,1254,1480,2026
5679524,467.54,327.15,456.74,334.35,340,1169,235,1258,1484,2024
5679526,467.62,326.4,456.26,334.95,341,1160,230,1265,1480,2027
5679528,467.3,327,456.42,334.125,339,1168,231,1257,1485,2028
5679530,467.38,326.25,456.66,334.35,339,1160,234,1259,1482,2025
5679532,467.38,326.475,456.66,334.95,340,1162,236,1266,1483,2026
5679534,467.3,326.625,456.02,334.35,339,1164,228,1260,1484,2028
5679536,466.9,326.925,456.1,334.35,336,1168,230,1261,1487,2027
5679538,466.9,326.925,455.78,334.875,336,1169,227,1267,1488,2030
5679540,467.46,325.95,456.34,334.65,342,1158,233,1264,1481,2026
5679542,466.74,326.7,455.7,334.575,335,1167,227,1264,1487,2030
5679544,467.22,327.075,455.78,334.95,341,1171,229,1269,1487,2032
5679546,466.66,326.925,455.86,334.275,335,1170,229,1261,1487,2029
5679548,467.38,327.675,455.78,335.025,344,1178,229,1270,1488,2031
5679550,466.5,327.825,455.62,334.65,335,1180,228,1266,1491,2035
5679552,466.82,327,455.78,334.275,338,1172,229,1262,1488,2031
5679554,466.9,327,455.78,335.1,338,1172,230,1272,1488,2031
5679556,467.14,326.925,455.94,333.975,342,1171,231,1260,1490,2031
5679558,466.5,326.4,455.38,334.5,335,1167,226,1266,1488,2032
5679560,467.06,327.975,455.62,334.725,342,1184,229,1269,1493,2033
5679562,467.14,327,455.86,334.275,342,1173,231,1264,1490,2036
5679564,467.22,327.75,455.54,334.125,345,1181,228,1263,1493,2031
5679566,467.06,326.85,455.86,334.5,342,1171,232,1267,1489,2033
5679568,467.14,327.525,455.54,334.425,344,1180,229,1267,1494,2033
5679570,466.66,327.525,455.78,334.425,339,1180,231,1267,1491,2035
5679572,466.26,327.825,455.54,334.875,336,1184,230,1273,1495,2033
5679574,466.58,327.75,455.7,334.275,339,1183,231,1265,1495,2035
5679576,466.34,327.3,455.3,333.75,337,1179,227,1261,1495,2034
5679578,466.98,327.75,455.3,334.5,343,1184,228,1269,1500,2034
5679580,466.58,327.75,455.06,333.675,339,1184,225,1261,1495,2032
5679582,466.26,327.6,454.82,333.75,336,1183,222,1262,1498,2036
5679584,466.34,327.15,454.9,334.275,337,1179,224,1268,1497,2034
5679586,466.66,327.6,454.98,333.975,341,1183,225,1265,1500,2041
5679588,466.02,326.775,454.98,333.075,334,1175,224,1255,1497,2040
5679590,465.94,326.475,454.9,333.675,332,1172,224,1262,1503,2042
5679592,465.86,326.175,454.34,333.75,332,1169,218,1264,1499,2041
5679594,465.7,326.85,454.5,333.075,331,1176,219,1256,1503,2040
5679596,466.02,325.8,454.34,333.225,333,1166,218,1258,1502,2047
5679598,466.1,325.875,454.1,333,334,1166,215,1256,1500,2045
5679600,466.26,324.825,454.02,333.075,335,1155,214,1257,1501,2042
5679602,466.1,325.65,453.94,332.775,334,1163,213,1254,1504,2043
5679604,466.5,324.15,453.62,333.075,337,1147,210,1258,1503,2042
5679606,466.18,325.125,453.86,332.1,335,1158,212,1247,1506,2044
5679608,465.86,325.5,453.62,332.55,332,1162,210,1252,1502,2044
5679610,466.02,324.75,454.18,333,332,1154,216,1256,1506,2045
5679612,465.78,324.6,453.86,332.25,330,1153,212,1249,1502,2048
5679614,466.18,325.2,454.18,332.625,334,1159,216,1252,1506,2047
5679616,465.22,325.35,453.78,333.225,325,1162,213,1259,1508,2049
5679618,465.86,325.8,453.86,332.175,332,1166,212,1248,1511,2047
5679620,465.46,325.35,453.94,332.625,327,1161,213,1253,1507,2048
5679622,465.3,324.9,453.62,332.925,325,1156,210,1256,1506,2050
5679624,466.34,325.5,453.78,332.625,336,1162,212,1253,1509,2052
5679626,464.98,325.2,453.46,332.325,322,1160,208,1250,1507,2051
5679628,465.7,324.975,453.7,332.775,330,1157,211,1254,1506,2051
5679630,465.78,324.825,454.02,331.95,330,1155,213,1245,1509,2050
5679632,465.06,325.35,453.46,332.1,323,1162,208,1248,1510,2051
5679634,465.22,325.875,453.86,333.225,325,1167,213,1260,1510,2051
5679636,465.38,325.875,453.78,332.25,327,1167,212,1248,1513,2052
5679638,465.78,325.2,452.98,332.25,331,1159,203,1249,1509,2053
5679640,465.22,325.95,453.54,332.175,325,1168,209,1248,1507,2053
5679642,465.3,326.325,454.42,332.1,327,1172,218,1246,1513,2053
5679644,465.78,325.05,453.62,331.875,330,1158,209,1245,1509,2056
5679646,465.54,325.95,453.7,332.25,329,1168,210,1249,1511,2054
5679648,465.7,325.8,453.78,333.075,329,1167,212,1259,1510,2057
5679650,466.02,326.325,454.18,333,334,1172,216,1257,1517,2054
5679652,465.38,326.475,453.94,332.925,327,1175,213,1257,1518,2055
5679654,466.18,325.875,454.1,331.425,335,1167,213,1240,1507,2061
5679656,465.54,326.625,454.5,332.775,329,1177,219,1255,1517,2059
5679658,466.1,326.925,454.58,331.35,335,1179,219,1240,1515,2064
5679660,465.54,326.85,454.18,332.25,329,1179,215,1250,1517,2062
5679662,466.02,326.1,454.5,332.85,333,1170,219,1256,1514,2062
5679664,465.94,325.65,454.34,332.55,332,1166,217,1253,1512,2061
5679666,465.86,325.875,454.74,331.425,331,1169,220,1241,1517,2068
5679668,466.1,325.2,454.34,331.425,333,1162,216,1242,1517,2069
5679670,465.94,325.65,453.86,331.425,331,1167,211,1242,1518,2070
5679672,465.86,325.65,454.1,331.5,331,1167,213,1243,1517,2067
5679674,466.26,326.025,454.42,331.5,335,1171,217,1243,1519,2067
5679676,465.54,325.125,454.42,331.425,326,1162,216,1243,1517,2070
5679678,466.34,324.975,454.66,330.825,335,1160,218,1236,1523,2069
5679680,466.1,325.5,453.94,331.05,333,1166,211,1239,1524,2066
5679682,466.18,326.025,454.74,331.5,334,1172,220,1244,1521,2072
5679684,466.1,325.575,454.42,330.3,333,1167,214,1231,1519,2073
5679686,465.78,325.125,454.18,332.025,328,1163,214,1250,1516,2073
5679688,466.82,324.75,454.34,330.375,339,1158,214,1233,1526,2078
5679690,465.78,325.275,454.42,330.75,329,1165,215,1237,1523,2072
5679692,466.26,325.5,454.5,332.175,334,1167,217,1252,1526,2069
5679694,466.1,325.8,454.34,330.825,332,1170,214,1237,1520,2079
5679696,466.18,324.525,454.58,331.425,332,1157,217,1244,1525,2077
5679698,466.58,324.75,453.7,330.975,336,1159,207,1241,1525,2076
5679700,466.5,325.35,454.58,331.275,335,1166,216,1243,1527,2078
5679702,466.5,326.025,454.58,330.675,336,1173,216,1236,1524,2078
5679704,465.94,325.95,453.86,331.95,329,1173,209,1252,1525,2077
5679706,466.18,326.25,454.5,331.95,333,1176,215,1251,1525,2076
5679708,466.26,326.1,454.18,330.975,333,1175,211,1241,1524,2083
5679710,466.1,325.65,454.1,331.575,331,1170,211,1247,1525,2078
5679712,465.94,327.075,453.86,332.25,330,1186,209,1255,1525,2081
5679714,466.02,325.8,453.86,330.675,329,1172,207,1238,1526,2084
5679716,466.1,326.775,454.26,331.35,331,1182,212,1245,1525,2083
5679718,466.02,325.5,453.94,331.5,329,1169,208,1247,1523,2081
5679720,466.5,326.325,453.54,331.575,334,1177,204,1249,1529,2083
5679722,466.74,325.2,453.62,331.65,336,1165,205,1249,1522,2083
5679724,466.26,325.725,453.78,332.175,331,1171,206,1255,1528,2083
5679726,466.66,325.65,453.62,330.9,336,1170,204,1241,1530,2086
5679728,466.42,325.725,453.94,330.9,333,1171,206,1241,1526,2090
5679730,466.66,326.175,453.7,331.2,336,1175,204,1244,1528,2087
5679732,466.66,325.125,453.62,330.975,333,1164,203,1242,1532,2092
5679734,466.74,324.15,453.54,330.9,334,1153,201,1241,1530,2091
5679736,466.82,325.65,453.38,331.125,335,1169,200,1244,1529,2095
5679738,466.98,324.15,453.78,330.675,336,1153,204,1238,1529,2090
5679740,466.66,323.775,453.78,330.15,332,1149,203,1233,1532,2090
5679742,466.74,325.8,453.78,329.775,335,1171,202,1228,1532,2095
5679744,467.14,324.075,453.62,329.7,336,1152,201,1228,1536,2096
5679746,466.9,323.4,453.46,330.075,333,1145,199,1232,1534,2092
5679748,467.46,323.625,453.86,329.7,339,1146,203,1227,1536,2096
5679750,467.46,322.575,454.1,329.475,338,1135,204,1224,1532,2101
5679752,466.5,324.3,453.38,330.075,330,1155,198,1231,1534,2097
5679754,467.46,323.25,454.26,329.475,338,1142,206,1224,1538,2099
5679756,467.38,323.1,453.78,329.775,338,1140,201,1227,1536,2101
5679758,467.22,323.475,453.62,329.85,336,1144,200,1228,1534,2104
5679760,467.78,322.95,454.1,330.375,341,1138,205,1233,1537,2099
5679762,467.46,322.275,454.18,329.625,336,1131,205,1224,1538,2102
5679764,467.46,322.8,454.34,329.85,337,1136,206,1227,1540,2108
5679766,467.62,322.275,454.34,329.85,338,1130,207,1227,1538,2109
5679768,467.94,323.025,454.26,330.375,342,1137,206,1231,1542,2104
5679770,468.42,324.075,453.78,330.225,348,1148,201,1231,1539,2102
5679772,468.18,323.55,454.5,331.125,346,1143,209,1239,1543,2110
5679774,468.58,322.8,455.22,330.3,349,1133,216,1230,1545,2106
5679776,469.38,324.075,455.86,330.6,359,1146,223,1232,1542,2106
5679778,471.38,323.4,457.94,330.45,378,1137,244,1228,1537,2105
5679780,473.3,323.625,459.78,329.475,399,1137,263,1215,1543,2107
5679782,474.82,323.85,460.74,329.925,415,1137,273,1219,1545,2106
5679784,477.62,323.25,461.54,329.325,444,1128,281,1211,1546,2116
5679786,477.54,323.775,462.34,329.85,444,1133,290,1216,1549,2114
5679788,477.7,323.475,462.34,329.625,446,1130,290,1213,1548,2110
5679790,477.22,322.5,461.62,328.95,439,1120,282,1207,1550,2111
5679792,476.9,322.875,460.82,329.475,437,1124,274,1214,1550,2109
5679794,476.02,323.25,460.02,329.925,427,1129,267,1219,1550,2111
5679796,474.82,322.8,459.22,329.025,415,1126,258,1210,1550,2111
5679798,474.18,322.8,459.46,329.175,408,1127,260,1212,1547,2112
5679800,474.42,322.8,459.14,329.775,411,1126,257,1219,1552,2113
5679802,473.94,323.55,459.38,329.025,406,1134,259,1210,1552,2110
5679804,474.1,322.425,459.38,329.025,407,1122,259,1210,1550,2111
5679806,474.58,322.875,459.46,329.475,413,1127,261,1215,1552,2115
5679808,474.18,322.8,459.38,329.475,409,1126,260,1215,1547,2115
5679810,473.86,322.8,459.22,329.25,406,1127,258,1213,1556,2116
5679812,473.78,323.55,459.38,329.85,406,1136,261,1219,1553,2118
5679814,475.06,322.275,459.54,329.7,418,1121,262,1217,1558,2119
5679816,475.3,323.325,459.38,329.775,422,1131,261,1219,1559,2119
5679818,474.98,322.725,459.38,329.625,417,1126,261,1217,1553,2120
5679820,475.46,323.25,458.9,330.375,423,1131,257,1226,1562,2124
5679822,475.38,323.325,458.98,330,422,1132,257,1222,1552,2124
5679824,474.98,323.175,459.06,329.4,418,1131,258,1216,1555,2124
5679826,475.54,323.325,458.82,330,424,1132,256,1223,1555,2120
5679828,475.54,323.85,459.06,329.475,425,1139,258,1217,1557,2122
5679830,475.3,322.125,459.14,329.85,420,1120,259,1222,1556,2123
5679832,475.62,322.8,458.42,329.85,425,1127,251,1222,1559,2121
5679834,475.7,323.775,458.58,329.475,427,1138,253,1219,1558,2125
5679836,475.62,323.4,458.58,329.475,426,1134,253,1219,1559,2121
5679838,475.46,323.175,458.26,330.825,424,1132,251,1234,1557,2120
5679840,476.34,323.85,458.58,329.55,434,1138,253,1220,1557,2129
5679842,475.46,322.65,458.34,329.7,423,1126,251,1221,1562,2126
5679844,475.22,324.075,458.58,329.775,422,1143,253,1223,1561,2126
5679846,474.9,322.5,458.18,329.625,417,1126,249,1221,1558,2127
5679848,475.3,323.1,458.26,330.225,422,1133,250,1229,1556,2129
5679850,475.78,323.175,457.86,329.85,427,1133,246,1225,1558,2128
5679852,475.78,322.875,458.26,329.85,427,1130,251,1225,1561,2129
5679854,475.46,323.775,458.26,329.7,425,1140,250,1223,1561,2130
5679856,475.46,322.35,457.7,329.7,423,1125,244,1224,1562,2133
5679858,475.46,322.875,457.38,330.3,424,1131,242,1231,1557,2131
5679860,474.9,323.85,458.02,329.85,419,1143,248,1226,1557,2131
5679862,474.98,322.425,457.38,330.15,418,1127,241,1230,1556,2133
5679864,475.38,322.95,457.3,330.525,423,1133,241,1234,1559,2129
5679866,474.82,323.625,457.14,330.9,418,1140,240,1239,1560,2129
5679868,475.46,323.475,457.14,330.075,424,1138,238,1230,1560,2135
5679870,475.3,322.875,457.46,330.45,422,1132,242,1234,1560,2138
5679872,475.22,323.1,457.22,330.45,421,1135,240,1235,1557,2134
5679874,475.38,322.95,456.98,330.6,423,1134,237,1236,1560,2134
5679876,474.34,322.5,457.46,330.225,411,1130,242,1232,1557,2132
5679878,474.74,322.8,457.06,330.3,415,1133,238,1233,1560,2135
5679880,475.38,323.025,456.9,330.375,422,1134,236,1235,1564,2132
5679882,474.1,322.65,457.14,330.525,409,1132,238,1236,1557,2134
5679884,474.66,323.1,457.46,330.3,415,1137,241,1234,1559,2135
5679886,474.98,322.425,457.06,331.2,417,1129,238,1243,1560,2135
5679888,474.74,323.025,457.62,330.675,415,1136,243,1237,1558,2132
5679890,474.9,323.25,457.38,330.825,417,1138,241,1240,1560,2137
5679892,475.22,323.025,456.98,330.825,420,1136,236,1240,1557,2136
5679894,474.58,322.575,457.06,330.675,413,1132,237,1238,1554,2132
5679896,474.66,323.175,457.3,330.825,413,1138,239,1240,1557,2134
5679898,474.98,323.475,456.42,330.225,417,1141,229,1235,1558,2133
5679900,474.34,322.125,457.3,330.075,409,1127,238,1233,1559,2135
5679902,475.14,322.95,456.9,331.575,418,1135,236,1249,1557,2140
5679904,475.3,322.425,457.14,330.225,419,1130,236,1234,1558,2135
5679906,474.42,322.875,457.38,330.675,410,1136,239,1239,1561,2133
5679908,474.66,323.475,457.06,331.125,413,1142,236,1245,1555,2134
5679910,475.22,322.8,456.98,330.15,418,1134,234,1234,1558,2132
5679912,474.82,322.725,457.22,330.825,413,1134,237,1241,1558,2129
5679914,474.42,323.625,457.22,331.35,410,1144,237,1247,1557,2135
5679916,474.74,322.05,456.9,330.75,412,1127,233,1241,1554,2133
5679918,475.06,323.025,457.06,330.525,416,1137,235,1238,1563,2137
5679920,475.14,322.725,457.46,330.825,416,1134,239,1241,1558,2131
5679922,475.38,322.725,457.3,332.025,419,1134,239,1254,1559,2136
5679924,476.18,323.775,457.14,331.425,429,1145,236,1248,1558,2127
5679926,475.7,323.55,457.38,331.95,423,1143,239,1254,1558,2134
5679928,474.98,324.75,457.38,331.725,416,1157,239,1251,1557,2133
5679930,476.1,323.7,457.3,332.325,427,1144,239,1258,1561,2133
5679932,474.74,323.85,457.62,331.725,413,1147,241,1251,1554,2130
5679934,475.3,323.475,457.62,331.875,419,1142,241,1253,1556,2128
5679936,475.7,323.625,458.02,331.875,423,1144,245,1252,1557,2131
5679938,475.22,323.175,457.62,331.8,417,1140,241,1252,1554,2132
5679940,475.94,323.325,457.7,332.55,425,1140,242,1260,1561,2136
5679942,475.94,323.175,457.62,331.725,424,1139,241,1252,1558,2133
5679944,475.3,324.075,458.26,332.55,419,1149,248,1259,1559,2131
5679946,475.94,322.8,458.26,331.275,424,1135,247,1246,1555,2136
5679948,475.54,323.475,458.42,332.475,421,1142,250,1259,1557,2134
5679950,475.54,323.25,458.26,332.325,420,1140,249,1257,1557,2132
5679952,475.7,323.1,457.86,331.8,422,1139,244,1252,1559,2130
5679954,475.94,322.95,458.1,331.125,425,1137,246,1244,1558,2130
5679956,475.38,324.6,458.18,332.175,421,1155,248,1256,1552,2128
5679958,475.7,322.5,458.34,333.3,422,1132,251,1268,1561,2129
5679960,475.54,322.725,458.9,333,421,1135,257,1264,1555,2133
5679962,475.54,323.175,458.42,333,421,1140,251,1264,1556,2126
5679964,475.94,323.475,458.42,332.1,426,1142,251,1255,1559,2123
5679966,475.62,322.95,458.66,332.7,422,1137,254,1261,1557,2125
5679968,475.38,324.3,458.66,332.625,422,1152,255,1260,1557,2123
5679970,476.02,323.925,458.58,332.85,428,1147,254,1263,1558,2125
5679972,475.78,323.625,458.74,332.7,425,1144,256,1261,1556,2118
5679974,475.22,324.45,459.62,332.325,421,1154,265,1256,1554,2123
5679976,475.54,323.25,459.14,332.4,424,1141,261,1258,1556,2123
5679978,475.86,324.45,458.82,333,427,1153,258,1265,1554,2122
5679980,475.06,324.3,459.06,333.675,419,1152,261,1271,1552,2117
5679982,475.46,324,459.22,332.925,423,1148,262,1263,1553,2118
5679984,475.54,323.475,459.54,332.175,424,1143,265,1255,1555,2117
5679986,475.46,324.075,459.46,333.825,424,1150,265,1273,1554,2115
5679988,475.54,323.7,459.54,332.775,425,1146,266,1262,1552,2114
5679990,475.54,324.525,460.02,332.4,426,1154,270,1257,1549,2115
5679992,474.98,325.35,459.86,333.825,421,1164,271,1273,1548,2113
5679994,475.54,323.7,459.38,334.125,425,1146,266,1277,1555,2116
5679996,475.54,324.075,459.7,332.7,426,1150,268,1261,1550,2117
5679998,474.82,324.075,459.46,333,419,1151,267,1265,1551,2111
5680000,475.14,324.3,458.98,332.925,423,1153,262,1264,1550,2111
5680002,475.38,324.3,459.86,331.725,425,1153,270,1250,1552,2117
5680004,475.78,324.375,460.18,333.45,429,1153,275,1269,1551,2110
5680006,475.22,325.2,459.78,332.475,425,1163,270,1259,1552,2113
5680008,475.62,324.15,459.54,331.725,428,1151,268,1251,1550,2109
5680010,474.74,325.575,459.54,333.15,420,1168,268,1266,1545,2108
5680012,474.74,324.45,459.54,333.225,419,1156,269,1268,1548,2108
5680014,475.38,323.85,459.38,332.4,426,1148,267,1258,1545,2108
5680016,474.74,325.05,459.06,332.25,421,1162,264,1257,1544,2114
5680018,474.18,324.3,459.46,333.6,414,1155,269,1271,1541,2113
5680020,474.1,324.675,458.82,333,414,1159,262,1265,1544,2105
5680022,473.54,323.475,456.9,332.4,406,1147,241,1261,1537,2114
5680024,472.66,323.775,456.82,332.85,398,1150,241,1267,1538,2114
5680026,471.78,322.875,454.82,330.825,388,1142,218,1246,1538,2115
5680028,469.78,322.5,454.18,330.525,367,1140,211,1244,1539,2112
5680030,469.7,321.825,453.78,329.7,365,1133,206,1236,1542,2110
5680032,469.94,321.975,453.78,329.775,368,1134,206,1236,1536,2113
5680034,470.5,321,453.46,329.475,373,1123,202,1233,1534,2105
5680036,471.62,322.425,454.5,328.95,385,1137,212,1227,1534,2108
5680038,471.7,322.2,454.9,328.65,386,1134,216,1223,1536,2110
5680040,471.86,321.675,454.9,328.725,388,1129,217,1224,1536,2108
5680042,472.02,321.9,455.22,328.65,389,1131,219,1223,1535,2111
5680044,472.1,322.425,455.38,328.8,390,1136,221,1224,1533,2110
5680046,471.46,322.575,454.9,329.4,384,1139,217,1231,1530,2107
5680048,471.54,321.675,454.66,329.325,384,1129,215,1230,1531,2109
5680050,470.9,322.2,455.38,329.4,377,1135,222,1230,1532,2109
5680052,471.3,321.6,454.9,329.775,382,1129,218,1235,1530,2107
5680054,471.3,322.95,454.82,329.4,383,1143,216,1231,1527,2106
5680056,471.14,322.8,455.38,329.475,381,1142,222,1232,1526,2106
5680058,471.22,323.925,454.82,329.925,382,1154,217,1237,1529,2106
5680060,471.22,323.7,455.06,330,382,1151,219,1238,1527,2107
5680062,470.98,323.175,455.14,329.625,379,1146,220,1233,1526,2107
5680064,471.3,323.7,455.22,330.075,383,1151,221,1238,1528,2106
5680066,471.3,322.35,455.22,329.85,382,1137,220,1236,1527,2107
5680068,471.3,322.875,455.7,329.925,382,1143,225,1236,1522,2102
5680070,471.06,324.15,455.14,330.15,381,1157,220,1239,1522,2103
5680072,471.3,323.1,455.54,330.3,382,1145,224,1240,1526,2104
5680074,471.38,323.025,455.78,329.7,383,1144,226,1233,1522,2099
5680076,471.46,323.55,454.9,330.675,385,1150,218,1245,1521,2101
5680078,470.9,322.65,455.54,329.475,378,1141,224,1231,1522,2101
5680080,470.98,323.25,455.62,329.625,379,1147,224,1233,1524,2101
5680082,471.54,323.325,454.9,329.475,385,1148,217,1232,1522,2098
5680084,471.38,322.35,455.38,329.775,383,1137,222,1235,1521,2095
5680086,471.38,322.8,455.3,329.4,383,1141,221,1231,1521,2092
5680088,471.06,323.475,454.58,330.75,381,1149,215,1246,1519,2096
5680090,471.3,321.675,455.22,329.625,381,1130,220,1234,1521,2097
5680092,470.98,322.875,455.78,329.625,379,1143,226,1233,1518,2089
5680094,471.22,323.1,455.22,329.55,381,1145,220,1233,1518,2095
5680096,472.18,322.35,454.74,331.2,390,1136,216,1251,1517,2089
5680098,471.22,321.45,455.3,330.3,380,1127,222,1241,1520,2090
5680100,471.22,322.275,455.54,329.925,380,1136,223,1236,1515,2088
5680102,471.38,321.675,455.62,330.975,381,1130,225,1248,1514,2088
5680104,470.9,322.125,455.7,330.075,376,1135,225,1238,1512,2090
5680106,470.82,321.75,455.62,330.975,376,1131,225,1247,1508,2087
5680108,471.38,321.3,455.46,329.925,380,1125,223,1236,1507,2086
5680110,471.86,321.6,455.94,329.7,386,1128,227,1233,1509,2082
5680112,471.3,323.25,456.18,330.375,382,1147,230,1241,1510,2080
5680114,471.22,321.675,455.86,330.15,379,1129,227,1238,1506,2079
5680116,471.14,322.8,455.38,330.225,379,1141,221,1240,1507,2088
5680118,471.3,322.275,455.86,329.625,381,1136,226,1232,1511,2082
5680120,470.9,323.4,456.02,330.075,377,1148,228,1237,1500,2076
5680122,471.54,321.675,455.86,329.55,382,1129,226,1232,1509,2081
5680124,471.94,322.425,456.42,330.6,387,1137,232,1242,1506,2078
5680126,471.3,323.1,456.26,330.6,381,1144,231,1242,1501,2076
5680128,471.94,323.4,456.66,330.675,388,1147,235,1243,1509,2074
5680130,471.62,322.8,456.66,331.125,384,1141,236,1247,1504,2075
5680132,471.7,323.775,456.58,331.5,386,1151,235,1251,1498,2072
5680134,471.78,322.2,456.42,330.525,385,1134,233,1241,1502,2074
5680136,472.1,323.25,456.58,331.35,389,1145,235,1250,1502,2070
5680138,471.78,323.25,456.5,331.05,386,1145,233,1246,1502,2071
5680140,471.78,322.575,456.9,331.65,385,1137,239,1252,1499,2069
5680142,471.86,322.725,457.06,331.575,386,1139,241,1252,1498,2067
5680144,471.46,323.85,456.74,331.8,383,1151,237,1254,1496,2065
5680146,472.42,321.975,456.9,331.425,391,1131,238,1249,1502,2065
5680148,472.58,322.425,456.98,332.175,393,1135,239,1258,1498,2065
5680150,472.5,322.05,456.98,332.175,392,1131,239,1258,1500,2066
5680152,471.7,321.675,457.3,331.425,383,1128,242,1249,1498,2065
5680154,471.94,322.275,456.98,331.875,386,1134,239,1254,1495,2062
5680156,471.7,321.45,457.3,332.1,382,1126,243,1257,1498,2062
5680158,471.46,323.25,456.58,331.875,382,1145,235,1255,1491,2060
5680160,472.02,323.475,457.14,332.325,388,1147,241,1259,1492,2058
5680162,472.18,322.2,457.22,331.8,389,1133,241,1254,1494,2058
5680164,472.26,322.05,457.3,331.95,389,1132,242,1255,1492,2052
5680166,472.02,323.625,456.98,332.775,388,1149,239,1264,1489,2055
5680168,471.86,323.325,456.98,332.55,386,1145,239,1262,1487,2050
5680170,471.86,322.5,457.06,332.4,385,1137,240,1260,1492,2052
5680172,472.34,325.125,456.66,332.85,393,1165,236,1266,1486,2052
5680174,471.7,323.625,456.82,332.475,385,1150,238,1261,1488,2049
5680176,472.34,323.85,457.14,332.4,392,1151,241,1260,1486,2049
5680178,472.74,323.85,457.62,332.55,396,1150,246,1262,1483,2046
5680180,472.74,323.925,457.38,332.775,396,1152,244,1264,1483,2042
5680182,472.74,324.075,456.98,332.85,396,1153,240,1266,1481,2041
5680184,472.42,323.55,457.14,333.075,392,1149,241,1269,1480,2039
5680186,472.66,322.875,457.7,332.775,394,1141,247,1264,1481,2040
5680188,472.42,323.925,457.7,332.775,393,1153,247,1264,1482,2033
5680190,472.74,323.175,457.38,332.55,395,1144,243,1262,1481,2032
5680192,472.58,323.475,457.14,332.1,394,1148,240,1258,1483,2031
5680194,473.3,321.225,457.3,332.1,398,1122,242,1258,1477,2030
5680196,472.82,322.275,457.3,331.575,395,1134,241,1252,1484,2028
5680198,472.98,321.075,456.82,331.875,395,1122,237,1256,1477,2025
5680200,472.34,322.05,457.3,331.725,389,1133,241,1254,1482,2022
5680202,472.66,321.75,457.38,332.175,393,1129,243,1259,1480,2024
5680204,472.9,320.925,456.98,332.175,394,1120,238,1259,1485,2028
5680206,472.9,319.8,457.78,330.75,393,1108,246,1243,1478,2015
5680208,472.58,321.15,458.1,331.35,391,1123,250,1249,1477,2020
5680210,473.62,319.575,457.86,331.05,401,1105,247,1246,1476,2021
5680212,472.9,320.025,458.18,330.525,393,1111,250,1240,1476,2017
5680214,473.14,321.15,457.94,331.2,397,1122,248,1247,1472,2015
5680216,472.66,320.925,458.26,331.575,392,1120,252,1252,1475,2013
5680218,473.54,319.95,458.74,331.5,401,1109,257,1250,1475,2008
5680220,472.98,321.3,458.58,331.125,396,1124,254,1246,1472,2011
5680222,473.3,321.375,458.66,332.175,399,1125,256,1257,1475,2009
5680224,473.3,322.05,458.42,331.875,400,1132,253,1254,1473,2007
5680226,473.54,321.45,458.18,331.725,402,1125,251,1253,1470,2003
5680228,473.06,321.525,458.42,332.925,397,1126,255,1265,1471,2005
5680230,474.02,322.05,459.06,331.8,408,1131,260,1252,1465,2007
5680232,472.58,321.675,458.34,331.725,392,1129,253,1253,1470,2000
5680234,472.82,322.575,458.58,332.1,396,1138,256,1256,1468,2002
5680236,472.98,322.725,458.5,331.875,398,1139,255,1254,1466,2000
5680238,473.38,321.825,458.42,332.175,402,1129,255,1257,1465,1998
5680240,473.22,322.8,458.26,332.4,401,1140,254,1260,1467,1996
5680242,472.66,322.725,458.66,331.5,395,1139,257,1250,1472,1996
5680244,473.54,322.875,458.58,332.025,405,1140,257,1256,1464,1994
5680246,472.82,321.825,459.06,331.95,396,1129,262,1254,1468,1993
5680248,473.22,322.2,458.66,332.025,401,1133,258,1255,1464,1992
5680250,472.82,322.5,458.98,331.95,397,1137,261,1254,1468,1989
5680252,473.78,323.7,459.06,331.5,409,1149,262,1249,1464,1988
5680254,473.7,323.325,459.38,331.5,407,1145,265,1249,1460,1987
5680256,473.54,323.175,458.18,331.2,406,1143,253,1247,1462,1984
5680258,473.86,323.025,459.54,331.35,409,1142,267,1247,1463,1987
5680260,473.38,323.4,458.9,331.2,404,1145,260,1246,1463,1983
5680262,474.1,322.35,458.98,331.35,410,1134,261,1248,1461,1980
5680264,473.46,322.95,459.3,331.575,405,1140,265,1250,1462,1981
5680266,474.1,322.725,459.22,331.425,411,1138,264,1248,1459,1982
5680268,473.62,322.575,458.9,331.65,406,1137,261,1251,1462,1979
5680270,474.26,323.55,459.14,331.575,414,1146,263,1250,1458,1977
5680272,473.38,323.925,459.38,331.5,405,1151,265,1249,1458,1977
5680274,473.3,323.25,459.06,331.65,403,1144,262,1251,1458,1979
5680276,473.62,323.025,459.06,331.875,406,1141,263,1253,1455,1976
5680278,473.22,323.625,458.5,331.125,403,1148,256,1246,1457,1974
5680280,473.78,323.1,458.5,330.975,408,1142,255,1244,1456,1972
5680282,472.42,323.625,458.1,331.05,394,1149,252,1245,1455,1976
5680284,472.82,323.25,458.26,330.6,398,1144,252,1240,1451,1969
5680286,473.06,323.25,458.5,330.75,400,1144,255,1241,1454,1974
5680288,472.66,323.025,458.9,331.275,395,1142,259,1246,1456,1970
5680290,472.82,322.725,458.1,330.075,397,1138,249,1234,1451,1967
5680292,471.86,323.475,457.86,330,387,1147,246,1233,1453,1968
5680294,471.46,323.25,457.62,330.75,383,1145,245,1242,1459,1965
5680296,472.1,323.175,458.02,330.075,389,1143,248,1233,1455,1966
5680298,471.7,321.675,458.02,329.775,383,1127,248,1230,1451,1967
5680300,471.54,322.8,457.78,330.6,381,1140,245,1239,1453,1958
5680302,470.82,322.725,457.78,329.775,374,1139,245,1230,1453,1961
5680304,471.38,322.275,458.1,329.55,379,1133,247,1227,1450,1963
5680306,471.46,322.95,457.7,329.625,380,1141,243,1228,1453,1962
5680308,471.22,323.325,457.3,329.625,377,1144,238,1228,1453,1959
5680310,471.06,321.75,457.54,329.4,374,1127,240,1226,1452,1965
5680312,470.82,323.025,457.38,329.7,372,1141,238,1228,1453,1954
5680314,470.82,323.1,457.62,329.4,373,1142,240,1224,1452,1956
5680316,471.22,322.5,457.78,330,375,1135,242,1230,1452,1957
5680318,471.14,322.5,457.3,329.4,375,1135,236,1224,1449,1960
5680320,471.46,322.65,457.3,330.15,377,1135,237,1232,1447,1955
5680322,471.38,322.65,457.46,330,377,1135,239,1230,1450,1956
5680324,471.14,323.025,457.22,330.45,375,1139,236,1235,1449,1956
5680326,470.82,322.5,457.7,329.7,371,1134,240,1226,1454,1953
5680328,470.98,322.8,457.22,330.225,372,1136,235,1232,1448,1951
5680330,471.22,322.725,457.3,330.075,374,1135,236,1230,1447,1958
5680332,470.82,323.325,457.62,330.675,371,1141,239,1236,1449,1951
5680334,470.98,323.175,457.86,330.3,372,1140,241,1231,1450,1952
5680336,470.9,323.325,457.46,330.9,371,1141,237,1238,1449,1953
5680338,470.82,323.325,457.78,330.375,370,1141,241,1232,1451,1952
5680340,470.9,323.475,457.7,330.975,370,1143,240,1238,1450,1949
5680342,470.9,322.8,457.46,330.45,370,1135,237,1232,1448,1953
5680344,470.82,323.475,457.62,330.75,370,1142,238,1235,1451,1947
5680346,471.7,323.775,457.86,330.225,378,1144,240,1229,1448,1954
5680348,471.06,323.025,457.86,330.45,371,1137,240,1231,1451,1950
5680350,471.54,323.025,457.94,330.225,376,1136,241,1228,1451,1949
5680352,472.02,322.275,458.66,329.625,380,1127,248,1221,1446,1948
5680354,471.7,323.25,458.18,329.475,378,1137,243,1220,1447,1949
5680356,472.02,322.875,458.42,329.7,381,1133,245,1222,1448,1945
5680358,471.54,323.025,458.58,328.95,377,1135,247,1214,1446,1948
5680360,472.02,322.875,458.5,329.55,381,1133,246,1220,1448,1951
5680362,472.02,323.025,458.34,329.4,381,1135,245,1219,1443,1948
5680364,471.94,322.8,459.14,329.25,381,1132,253,1216,1446,1952
5680366,472.42,322.8,458.66,329.175,386,1132,248,1216,1442,1946
5680368,471.94,323.25,459.38,329.55,381,1137,257,1219,1444,1948
5680370,472.5,323.25,459.46,329.85,388,1136,257,1222,1445,1947
5680372,472.26,323.475,459.46,330,385,1139,257,1224,1445,1946
5680374,472.26,323.925,459.3,329.4,386,1144,255,1217,1443,1948
5680376,472.74,323.55,459.46,330,391,1139,258,1224,1439,1944
5680378,472.98,324.225,459.46,329.55,394,1146,258,1218,1443,1944
5680380,472.5,323.625,459.54,329.1,389,1140,259,1214,1445,1944
5680382,472.5,323.475,460.1,329.475,389,1139,265,1218,1444,1942
5680384,472.98,324,459.7,329.925,395,1144,262,1223,1445,1943
5680386,472.42,323.85,459.78,329.7,390,1143,263,1220,1443,1946
5680388,472.58,323.475,460.1,330.075,392,1139,267,1225,1442,1945
5680390,472.9,323.925,459.86,330.3,395,1144,265,1227,1440,1941
5680392,472.5,324.15,459.46,330.075,392,1147,261,1225,1444,1947
5680394,473.14,323.7,459.94,329.925,398,1142,266,1223,1442,1947
5680396,472.74,324.525,459.86,330.225,396,1152,266,1227,1443,1944
5680398,472.5,324.225,459.86,330,392,1148,266,1225,1444,1945
5680400,471.86,323.775,460.18,331.05,386,1145,271,1236,1444,1946
5680402,471.86,324.075,459.46,330.6,386,1149,263,1232,1447,1945
5680404,471.54,324.225,459.94,330.225,384,1151,268,1228,1446,1948
5680406,472.66,323.925,459.94,330.3,396,1147,269,1230,1441,1947
5680408,472.58,324,459.14,330.3,395,1148,260,1231,1440,1947
5680410,472.58,323.55,459.7,329.55,395,1143,266,1222,1441,1947
5680412,472.18,323.775,460.34,330.525,391,1147,274,1233,1439,1947
5680414,472.66,324.075,459.86,330.075,396,1150,269,1228,1443,1945
5680416,472.66,324.3,460.58,330.45,398,1152,277,1232,1440,1948
5680418,472.82,324.3,459.46,329.7,400,1152,265,1225,1440,1949
5680420,472.9,323.925,459.86,330,400,1149,270,1229,1440,1948
5680422,472.74,324.075,460.1,329.85,399,1151,273,1227,1442,1947
5680424,472.66,324.075,459.54,330,399,1151,267,1230,1440,1950
5680426,472.02,323.7,459.78,329.55,391,1148,269,1225,1444,1953
5680428,472.18,323.925,460.1,329.7,394,1151,273,1227,1441,1948
5680430,472.34,324.075,459.78,329.175,396,1152,269,1221,1441,1946
5680432,472.34,323.175,459.54,329.175,396,1143,267,1222,1437,1949
5680434,472.82,323.7,459.38,329.4,401,1148,266,1225,1440,1943
5680436,472.42,324.15,459.94,328.8,398,1154,271,1218,1441,1948
5680438,472.02,323.925,459.86,328.95,393,1152,271,1220,1441,1948
5680440,472.1,323.775,459.54,329.7,395,1151,269,1228,1441,1945
5680442,472.26,323.025,459.14,328.425,395,1142,263,1215,1440,1947
5680444,472.5,323.325,459.62,328.425,399,1145,268,1214,1440,1950
5680446,471.54,323.175,458.66,328.425,388,1145,258,1215,1442,1950
5680448,472.42,323.1,459.3,328.575,398,1143,265,1216,1438,1952
5680450,472.18,323.025,458.98,328.2,396,1142,262,1213,1439,1948
5680452,472.1,322.35,458.82,328.275,394,1135,260,1214,1441,1947
5680454,472.1,322.65,458.9,328.125,394,1139,261,1212,1438,1953
5680456,471.7,323.175,458.82,327.75,390,1145,259,1209,1441,1952
5680458,471.46,322.5,458.42,327.75,387,1138,256,1209,1440,1951
5680460,472.1,323.025,459.14,328.125,395,1142,263,1212,1442,1953
5680462,471.78,323.4,458.9,327.675,392,1147,260,1207,1442,1950
5680464,471.46,322.8,458.34,328.425,387,1141,255,1217,1441,1954
5680466,471.22,322.65,458.98,328.35,385,1140,262,1215,1442,1956
5680468,470.98,323.025,458.26,327.9,382,1144,254,1211,1446,1953
5680470,470.82,323.1,458.18,328.575,381,1145,253,1219,1447,1956
5680472,470.98,323.325,458.58,328.8,382,1148,258,1221,1442,1957
5680474,470.98,323.25,458.18,328.275,383,1147,253,1216,1446,1956
5680476,470.34,323.7,458.18,328.8,376,1153,254,1221,1450,1959
5680478,470.58,323.4,458.74,328.35,378,1149,259,1216,1444,1959
5680480,470.5,323.325,458.18,329.55,377,1148,254,1229,1449,1963
5680482,471.3,323.625,458.5,329.325,386,1151,257,1227,1444,1962
5680484,470.9,323.475,458.66,329.175,381,1150,258,1225,1445,1964
5680486,470.58,323.55,458.26,328.725,378,1151,254,1220,1448,1963
5680488,470.82,323.55,457.86,329.175,380,1151,250,1226,1448,1965
5680490,470.74,322.65,458.18,328.875,378,1142,253,1222,1446,1966
5680492,470.82,323.625,458.34,328.875,380,1152,254,1222,1447,1963
5680494,470.18,323.4,458.5,329.1,373,1150,257,1225,1450,1964
5680496,470.42,323.625,458.02,329.4,375,1153,251,1229,1447,1970
5680498,470.82,323.325,458.34,329.325,379,1150,254,1228,1447,1969
5680500,470.66,323.4,458.34,328.65,377,1151,253,1221,1449,1967
5680502,470.58,323.175,457.86,329.025,376,1148,249,1225,1449,1973
5680504,470.5,323.55,457.94,329.325,376,1153,250,1229,1451,1975
5680506,470.74,323.25,457.54,328.425,378,1149,245,1220,1447,1975
5680508,470.66,322.8,457.78,328.8,377,1145,248,1224,1448,1971
5680510,470.26,323.475,458.02,329.475,373,1153,251,1231,1452,1981
5680512,470.5,323.325,457.86,328.875,375,1151,248,1225,1451,1974
5680514,470.42,322.725,457.62,329.475,374,1145,246,1232,1448,1978
5680516,470.5,323.175,457.7,329.625,375,1150,247,1234,1450,1979
5680518,470.82,322.95,457.78,329.775,378,1148,248,1235,1449,1982
5680520,470.42,323.55,458.1,329.55,374,1155,250,1233,1449,1984
5680522,470.26,324.375,458.34,330.975,373,1164,255,1249,1451,1988
5680524,471.78,326.325,459.86,332.325,390,1184,271,1261,1447,1988
5680526,473.06,328.875,460.02,333.3,406,1210,274,1272,1447,1987
5680528,473.38,330.825,460.5,334.575,412,1230,280,1286,1454,1999
5680530,472.9,332.85,460.34,334.875,409,1253,278,1289,1455,1999
5680532,472.02,333.9,459.22,334.95,400,1266,267,1291,1454,2001
5680534,471.46,333.825,458.1,335.4,394,1265,256,1297,1454,2003
5680536,470.1,334.8,457.06,335.925,381,1278,245,1305,1458,2005
5680538,468.9,335.175,456.66,335.775,368,1284,240,1303,1461,2007
5680540,468.5,334.35,456.42,335.7,364,1274,238,1303,1456,2007
5680542,467.94,332.925,456.18,335.55,356,1260,235,1302,1464,2012
5680544,468.58,332.925,456.66,334.95,363,1259,240,1294,1459,2007
5680546,468.98,332.1,456.34,334.95,367,1250,237,1295,1461,2014
5680548,469.22,332.25,457.3,334.875,369,1251,247,1293,1460,2011
5680550,469.3,332.55,456.5,334.575,370,1254,238,1291,1462,2016
5680552,468.98,332.025,456.58,334.875,366,1249,239,1294,1461,2016
5680554,469.14,332.25,456.9,334.65,368,1251,242,1291,1460,2013
5680556,469.54,332.4,456.9,334.65,373,1253,242,1292,1461,2018
5680558,469.3,332.325,456.9,335.325,370,1252,243,1299,1460,2016
5680560,469.3,332.325,456.66,334.725,369,1253,239,1292,1460,2014
5680562,468.98,331.8,456.74,334.575,366,1247,239,1291,1462,2018
5680564,469.46,332.325,456.66,334.875,371,1252,239,1294,1462,2024
5680566,468.74,332.1,456.82,334.5,363,1251,240,1290,1462,2020
5680568,468.98,331.8,456.9,334.65,366,1247,242,1291,1460,2020
5680570,468.9,331.05,456.82,334.725,364,1238,241,1292,1464,2024
5680572,468.98,331.425,457.14,334.275,365,1242,244,1287,1464,2021
5680574,468.5,331.125,456.66,334.35,361,1239,239,1288,1466,2026
5680576,468.66,330.525,456.98,334.5,361,1233,243,1289,1466,2026
5680578,468.26,330.6,457.14,334.35,358,1234,244,1287,1466,2027
5680580,468.66,330.15,456.82,334.275,362,1229,242,1286,1468,2028
5680582,468.98,330.3,457.22,334.125,365,1230,245,1285,1469,2031
5680584,468.82,329.775,457.54,333.975,363,1225,249,1282,1466,2034
5680586,469.54,329.325,457.14,334.2,369,1218,244,1285,1467,2031
5680588,469.46,328.875,457.06,333.9,368,1213,243,1282,1465,2032
5680590,469.46,328.8,457.62,333.375,368,1213,249,1275,1467,2036
5680592,469.7,327.9,457.7,333.3,370,1202,249,1274,1469,2036
5680594,469.46,327.675,457.38,332.55,367,1201,245,1267,1471,2038
5680596,469.62,327.75,457.94,333.225,369,1201,252,1273,1469,2038
5680598,469.78,327.675,457.54,332.85,371,1200,247,1270,1470,2042
5680600,469.46,327.6,457.46,332.925,367,1198,247,1269,1472,2043
5680602,469.78,326.925,458.02,332.325,369,1191,251,1263,1467,2047
5680604,469.62,327.6,457.78,332.55,369,1198,249,1265,1470,2043
5680606,469.94,327,457.54,332.475,371,1191,246,1264,1467,2042
5680608,469.62,327.375,457.46,332.025,368,1195,246,1259,1471,2047
5680610,470.02,327.525,457.54,332.325,373,1197,247,1263,1471,2048
5680612,469.7,327.45,458.02,332.4,369,1196,252,1262,1469,2048
5680614,469.54,327.675,457.86,331.8,368,1198,250,1256,1476,2050
5680616,469.7,327.15,457.46,331.8,369,1192,245,1256,1471,2051
5680618,469.7,327.15,458.02,331.875,369,1192,251,1256,1476,2053
5680620,470.1,327.6,458.02,331.725,374,1196,251,1254,1479,2053
5680622,469.94,327,457.86,331.725,372,1189,249,1254,1476,2055
5680624,469.86,327.375,458.02,332.025,371,1193,251,1256,1475,2053
5680626,470.1,326.775,458.18,331.725,372,1186,252,1253,1474,2055
5680628,469.7,327.15,457.54,331.5,369,1190,245,1251,1479,2051
5680630,470.26,327.15,457.78,331.5,374,1190,248,1251,1474,2056
5680632,470.42,327.15,458.18,331.2,376,1189,252,1247,1474,2060
5680634,469.46,327.675,458.18,331.725,367,1196,253,1253,1482,2063
5680636,470.1,327,458.02,332.1,373,1188,251,1256,1476,2061
5680638,469.94,326.775,458.18,331.95,371,1186,252,1254,1479,2067
5680640,470.02,327.075,457.86,331.35,372,1188,249,1248,1479,2064
5680642,469.78,326.85,458.02,332.25,370,1187,251,1258,1482,2065
5680644,469.86,326.775,458.18,331.5,370,1185,253,1249,1480,2068
5680646,469.46,326.925,457.86,332.1,366,1187,250,1256,1479,2068
5680648,469.62,326.925,458.26,332.25,368,1187,254,1257,1483,2070
5680650,469.38,327.9,458.1,332.325,366,1198,252,1258,1482,2072
5680652,469.7,327.525,457.86,331.65,369,1194,249,1251,1484,2071
5680654,469.7,326.175,457.94,332.25,368,1179,251,1258,1483,2073
5680656,469.14,327.6,457.86,332.4,363,1195,250,1259,1483,2073
5680658,469.62,326.925,457.94,331.8,368,1187,250,1252,1483,2075
5680660,469.54,326.925,458.02,332.025,367,1187,251,1255,1487,2080
5680662,468.98,327.45,457.7,331.725,362,1194,248,1252,1491,2077
5680664,469.46,326.85,457.62,332.55,366,1187,248,1261,1491,2077
5680666,468.66,327.75,457.7,331.875,358,1197,248,1254,1488,2078
5680668,469.38,327.975,457.94,331.5,366,1199,249,1250,1491,2082
5680670,469.14,327.375,457.54,331.35,363,1193,245,1249,1494,2078
5680672,468.9,327.3,458.58,332.025,360,1193,257,1256,1496,2083
5680674,468.82,327.225,458.42,331.575,360,1192,255,1251,1492,2086
5680676,468.58,327.9,457.78,331.125,358,1200,247,1247,1495,2083
5680678,469.14,327,457.94,331.425,363,1190,250,1250,1495,2088
5680680,469.22,327.675,458.5,331.5,364,1197,255,1250,1494,2088
5680682,467.86,327.075,458.5,331.275,349,1192,256,1248,1496,2085
5680684,469.22,327.15,458.5,331.875,364,1192,256,1255,1498,2091
5680686,468.9,326.7,458.5,330.75,360,1188,254,1243,1499,2093
5680688,469.3,326.475,458.82,331.5,363,1185,258,1251,1501,2092
5680690,469.06,327.075,458.5,330.9,362,1191,254,1244,1497,2092
5680692,468.9,327,458.82,331.575,360,1191,258,1251,1499,2093
5680694,468.82,326.475,458.42,331.275,358,1185,254,1249,1505,2099
5680696,468.98,326.1,458.26,331.575,359,1181,252,1253,1503,2099
5680698,469.06,326.4,458.82,330.525,361,1184,257,1240,1506,2099
5680700,469.22,325.725,458.74,331.5,361,1177,257,1251,1508,2099
5680702,468.98,326.475,459.06,329.625,359,1186,259,1231,1501,2108
5680704,469.14,326.4,458.58,328.95,361,1185,253,1224,1502,2100
5680706,468.98,326.925,458.82,330.825,359,1191,257,1245,1504,2107
5680708,469.06,325.575,458.34,331.2,359,1176,252,1249,1503,2105
5680710,468.9,326.175,458.1,330.375,358,1183,249,1241,1503,2110
5680712,469.38,327,458.42,330.75,364,1192,252,1244,1506,2106
5680714,469.46,326.25,458.34,330.525,364,1184,251,1242,1505,2106
5680716,469.22,326.325,458.26,330.525,361,1185,250,1242,1503,2109
5680718,469.3,326.175,458.42,329.85,362,1183,251,1235,1507,2110
5680720,469.54,327.15,458.26,330.225,365,1194,250,1240,1512,2111
5680722,469.38,325.8,458.34,330.075,362,1179,250,1237,1509,2114
5680724,469.3,325.725,458.26,329.775,361,1178,249,1235,1509,2111
5680726,469.62,326.625,458.42,330.075,364,1188,250,1238,1509,2110
5680728,469.14,326.4,458.26,329.55,359,1186,248,1232,1510,2114
5680730,469.78,326.925,458.1,329.925,366,1191,247,1236,1511,2118
5680732,469.38,326.175,458.02,329.925,361,1183,246,1237,1510,2116
5680734,469.54,325.275,458.58,329.1,362,1173,251,1227,1512,2118
5680736,469.54,325.2,458.18,329.175,361,1173,246,1228,1514,2117
5680738,469.22,326.1,458.34,330.45,359,1183,249,1242,1510,2117
5680740,469.7,325.95,458.02,329.55,363,1181,245,1233,1510,2120
5680742,469.54,325.95,458.58,329.85,362,1181,251,1235,1514,2118
5680744,470.42,326.475,459.14,329.925,371,1186,257,1236,1515,2120
5680746,470.74,324.6,459.38,327.975,373,1165,257,1214,1515,2125
5680748,471.62,325.425,460.18,327.975,383,1173,265,1214,1519,2123
5680750,471.78,324.225,460.26,326.85,383,1160,265,1201,1521,2122
5680752,472.18,322.8,460.74,326.175,385,1144,269,1193,1524,2124
5680754,472.66,322.95,460.5,325.95,391,1145,266,1191,1524,2125
5680756,472.34,322.8,460.18,325.8,387,1144,262,1190,1518,2127
5680758,471.46,322.725,460.02,325.725,377,1144,260,1189,1520,2129
5680760,471.38,322.95,459.06,326.1,377,1146,250,1194,1521,2130
5680762,471.22,321.975,458.9,325.725,374,1136,249,1190,1524,2130
5680764,471.46,321.375,458.98,325.725,376,1129,249,1189,1525,2131
5680766,471.06,322.35,459.14,325.05,373,1140,250,1182,1523,2134
5680768,471.7,321.375,459.06,325.5,378,1129,250,1187,1523,2135
5680770,471.7,321.075,459.22,325.575,378,1125,251,1188,1527,2132
5680772,471.7,321.9,458.82,324.975,379,1134,247,1182,1524,2134
5680774,472.1,320.925,459.06,325.125,382,1123,250,1183,1528,2137
5680776,471.46,321.15,459.22,324.975,376,1126,251,1181,1529,2135
5680778,471.86,321,459.06,325.65,380,1124,250,1189,1531,2137
5680780,471.94,321.825,459.38,325.2,382,1133,253,1183,1527,2140
5680782,472.18,320.7,459.22,325.275,383,1120,251,1184,1532,2138
5680784,472.58,321.825,458.98,325.575,388,1132,249,1187,1534,2137
5680786,472.26,321.15,458.98,324.675,384,1125,248,1178,1532,2140
5680788,471.62,321.525,459.38,325.2,378,1130,253,1183,1532,2138
5680790,472.58,322.2,458.98,324.45,389,1136,248,1175,1532,2144
5680792,472.42,322.2,459.3,324.75,387,1136,252,1178,1534,2136
5680794,472.66,320.625,459.38,324,388,1118,252,1170,1534,2143
5680796,472.74,320.85,458.9,325.125,389,1121,249,1183,1535,2140
5680798,472.66,321.6,459.3,325.05,389,1129,253,1181,1538,2145
5680800,472.26,321.675,459.06,324.525,385,1130,250,1176,1531,2141
5680802,472.74,321.6,458.82,324.675,391,1129,248,1178,1533,2147
5680804,472.42,321.075,459.54,325.05,387,1124,256,1181,1537,2142
5680806,471.78,320.775,459.3,324.45,380,1121,253,1175,1536,2142
5680808,472.34,321.075,458.98,325.125,386,1123,250,1182,1539,2144
5680810,472.66,320.775,459.7,325.05,390,1120,258,1181,1535,2149
5680812,472.34,320.925,458.82,325.125,387,1122,249,1183,1539,2145
5680814,472.26,321.075,458.98,324.975,386,1124,251,1181,1539,2146
5680816,472.74,321.3,459.14,324.975,392,1126,253,1180,1537,2152
5680818,472.98,321.225,458.74,325.125,394,1124,248,1183,1540,2147
5680820,472.66,320.7,458.82,325.8,390,1119,250,1190,1540,2148
5680822,472.74,320.925,458.74,325.5,391,1122,249,1187,1534,2148
5680824,472.42,321.45,458.98,325.575,388,1127,251,1187,1541,2149
5680826,472.1,320.775,459.06,324.675,384,1121,251,1178,1539,2148
5680828,472.42,321.525,458.02,325.425,389,1129,242,1187,1539,2151
5680830,472.66,320.475,458.66,325.575,390,1117,249,1187,1543,2151
5680832,472.26,321.375,458.98,325.8,387,1127,252,1190,1540,2145
5680834,472.66,320.175,458.66,325.275,390,1114,248,1184,1541,2150
5680836,472.66,320.775,458.26,325.275,391,1120,244,1185,1541,2155
5680838,472.18,320.85,458.98,325.35,385,1122,252,1185,1546,2152
5680840,472.34,321.525,458.74,324.975,388,1129,249,1181,1543,2150
5680842,472.02,320.85,458.1,325.65,384,1122,243,1190,1542,2152
5680844,472.02,320.85,458.58,325.05,384,1122,248,1182,1544,2153
5680846,472.02,320.25,458.26,325.35,383,1115,244,1186,1540,2153
5680848,471.7,321.375,458.5,325.95,382,1128,247,1192,1540,2147
5680850,471.62,322.275,458.02,325.725,381,1138,242,1190,1541,2150
5680852,471.78,320.775,458.18,326.175,382,1121,244,1194,1543,2151
5680854,471.86,320.925,458.26,325.95,383,1122,245,1192,1544,2153
5680856,471.14,322.125,458.18,326.625,377,1136,245,1200,1544,2154
5680858,472.26,320.475,457.94,326.4,387,1117,243,1198,1545,2158
5680860,471.7,320.7,458.26,325.575,381,1120,246,1188,1545,2154
5680862,471.3,320.925,458.26,326.025,377,1123,246,1192,1546,2154
5680864,471.54,320.325,457.94,326.1,379,1116,243,1194,1545,2157
5680866,471.38,319.95,458.58,325.2,378,1112,249,1183,1546,2152
5680868,470.98,321.3,458.42,325.95,374,1127,248,1191,1548,2157
5680870,472.1,321.225,458.26,326.4,386,1126,247,1196,1546,2153
5680872,471.78,320.925,458.34,325.95,383,1122,247,1191,1544,2150
5680874,471.46,321,458.18,326.325,379,1124,246,1196,1545,2147
5680876,471.7,320.325,457.7,326.475,381,1115,241,1198,1547,2149
5680878,471.14,320.175,458.02,325.8,376,1114,243,1190,1550,2147
5680880,471.78,320.1,458.02,326.475,382,1113,244,1197,1548,2152
5680882,471.78,320.325,457.86,326.775,383,1115,243,1201,1549,2146
5680884,471.3,320.025,458.18,327,378,1113,247,1202,1547,2145
5680886,471.78,320.175,457.78,326.625,382,1113,242,1198,1546,2148
5680888,471.86,320.25,457.46,326.175,383,1114,239,1194,1549,2144
5680890,471.54,320.025,458.18,326.1,380,1112,246,1193,1553,2153
5680892,470.9,320.475,457.7,326.475,374,1117,241,1197,1553,2152
5680894,471.7,319.35,457.94,326.1,381,1104,244,1193,1546,2155
5680896,471.7,320.4,458.18,327,382,1115,247,1202,1549,2147
5680898,471.46,321,457.62,326.85,380,1122,241,1200,1545,2151
5680900,471.38,320.625,457.46,327.15,379,1118,240,1204,1549,2150
5680902,471.38,320.475,457.78,326.475,379,1116,242,1196,1549,2149
5680904,470.98,320.7,457.78,327.375,374,1119,243,1205,1548,2148
5680906,471.86,321.3,457.94,327.15,384,1124,244,1203,1546,2143
5680908,471.3,320.4,458.02,327.075,378,1115,245,1202,1550,2148
5680910,470.82,319.875,458.1,326.625,372,1109,246,1197,1545,2145
5680912,471.3,320.025,457.7,327.3,377,1111,242,1204,1546,2147
5680914,470.82,321,457.3,327.75,373,1121,239,1209,1550,2147
5680916,470.98,321.225,457.7,327.675,375,1123,242,1208,1549,2147
5680918,470.74,321.3,457.38,327.45,373,1124,239,1206,1547,2148
5680920,471.06,321.6,457.86,327.975,377,1127,245,1211,1550,2145
5680922,470.58,321.675,458.18,327.225,372,1128,247,1202,1545,2144
5680924,471.22,322.125,458.1,327.825,378,1132,247,1208,1545,2139
5680926,471.22,321.45,457.86,327.675,378,1125,244,1207,1544,2141
5680928,470.74,320.7,458.18,327.6,372,1117,248,1205,1549,2142
5680930,471.14,321.975,457.54,327.975,378,1131,241,1211,1545,2143
5680932,470.9,322.425,457.78,327.6,376,1136,243,1206,1548,2140
5680934,470.98,320.775,457.78,327.45,374,1117,243,1205,1548,2138
5680936,471.14,321,457.54,328.35,377,1120,241,1214,1546,2138
5680938,471.3,320.325,458.18,327.225,377,1112,247,1202,1547,2139
5680940,471.22,320.475,458.1,327.3,376,1114,246,1202,1546,2136
5680942,471.7,320.625,458.02,327.525,382,1115,245,1205,1546,2140
5680944,471.62,320.175,458.02,327.9,380,1110,245,1208,1545,2140
5680946,471.38,320.775,457.94,328.125,378,1117,245,1211,1546,2139
5680948,471.22,320.625,457.62,328.2,376,1115,241,1212,1547,2137
5680950,470.34,320.85,457.54,327.9,367,1118,240,1209,1545,2131
5680952,471.38,321.975,457.86,327.825,380,1129,244,1208,1546,2134
5680954,471.46,320.325,457.7,327.225,378,1111,241,1201,1544,2134
5680956,470.9,321.3,457.54,326.925,374,1122,239,1198,1543,2133
5680958,471.62,320.55,457.62,328.05,380,1113,241,1210,1546,2136
5680960,471.46,321,456.98,327.375,380,1118,234,1203,1541,2138
5680962,471.14,320.625,457.46,328.05,375,1114,240,1210,1548,2134
5680964,471.38,320.7,457.54,328.35,378,1115,241,1213,1541,2132
5680966,471.7,320.4,457.7,328.05,381,1111,242,1210,1544,2130
5680968,470.5,321.075,457.7,328.125,369,1120,242,1210,1544,2127
5680970,471.86,320.925,457.94,328.275,384,1117,245,1212,1537,2133
5680972,471.78,320.475,457.7,327.45,382,1112,241,1202,1543,2128
5680974,471.46,319.95,457.78,327.3,378,1106,242,1201,1537,2127
5680976,471.3,320.325,457.94,328.275,377,1111,244,1211,1547,2127
5680978,470.9,320.1,457.38,328.05,372,1109,238,1209,1542,2125
5680980,470.66,320.775,458.42,327.225,370,1115,248,1199,1542,2125
5680982,471.46,320.85,457.54,328.725,379,1116,241,1216,1547,2125
5680984,471.7,320.7,457.78,328.5,381,1113,243,1213,1546,2126
5680986,471.06,320.7,457.38,327.6,374,1114,238,1204,1545,2125
5680988,471.94,320.475,457.54,328.5,383,1111,241,1214,1545,2125
5680990,471.7,320.25,458.26,328.35,380,1109,248,1211,1544,2124
5680992,471.3,320.925,458.02,327.9,377,1116,245,1206,1542,2122
5680994,471.38,321,457.14,328.575,378,1117,237,1214,1542,2126
5680996,471.3,320.475,457.86,327.825,377,1111,244,1205,1540,2125
5680998,470.82,321.075,457.46,327.9,372,1118,239,1207,1541,2118
5681000,471.54,319.875,457.78,328.275,378,1104,243,1210,1542,2122
5681002,471.3,319.8,457.7,327.825,376,1104,241,1205,1540,2124
5681004,471.46,320.4,457.78,327.75,378,1110,242,1205,1540,2121
5681006,472.42,320.025,457.22,328.35,388,1105,237,1212,1540,2123
5681008,471.54,320.475,457.78,328.5,378,1111,243,1213,1543,2123
5681010,471.06,320.4,457.38,327.75,374,1110,237,1205,1535,2120
5681012,471.14,320.625,457.06,328.35,375,1112,235,1212,1546,2121
5681014,471.54,320.025,457.78,328.05,378,1106,242,1208,1536,2120
5681016,471.38,320.4,457.3,327.6,376,1110,237,1203,1542,2120
5681018,470.5,320.325,457.38,328.425,367,1110,238,1212,1541,2119
5681020,470.58,320.325,457.22,328.35,368,1110,236,1212,1539,2119
5681022,470.9,320.025,457.14,328.05,371,1106,235,1208,1539,2119
5681024,470.58,321.375,458.1,328.875,369,1121,245,1216,1538,2117
5681026,470.98,321.225,457.78,329.325,373,1119,242,1221,1539,2120
5681028,470.58,320.55,457.46,329.4,368,1112,239,1222,1538,2117
5681030,470.42,321.525,457.62,329.1,367,1122,241,1219,1537,2115
5681032,470.42,321.45,457.94,329.025,367,1122,244,1218,1538,2115
5681034,471.62,320.4,457.7,328.875,378,1109,241,1216,1538,2111
5681036,470.66,320.775,458.34,328.95,369,1114,247,1216,1539,2113
5681038,470.5,322.05,457.7,329.1,368,1128,240,1218,1531,2118
5681040,470.9,322.575,458.02,329.4,373,1133,244,1222,1533,2117
5681042,470.42,321.15,458.1,329.55,366,1118,245,1223,1534,2115
5681044,470.26,321.15,457.38,330.15,364,1118,238,1230,1533,2113
5681046,470.58,319.875,457.62,328.575,366,1104,239,1213,1535,2120
5681048,470.34,320.7,457.94,328.425,364,1113,242,1210,1533,2117
5681050,470.5,319.575,457.54,327.675,364,1101,237,1203,1541,2119
5681052,470.9,319.575,457.62,328.35,368,1100,238,1210,1540,2115
5681054,470.34,319.125,457.38,328.8,361,1096,236,1215,1536,2117
5681056,471.22,318.9,457.54,327.9,370,1092,236,1205,1531,2119
5681058,470.74,318.825,457.54,327.525,365,1092,236,1201,1539,2123
5681060,470.18,318.975,456.9,327.675,360,1094,229,1204,1534,2118
5681062,470.26,317.25,457.7,327.45,359,1076,237,1199,1533,2117
5681064,470.18,318.075,457.7,327.525,358,1084,237,1200,1536,2116
5681066,469.86,317.4,457.22,326.85,355,1078,231,1194,1533,2117
5681068,470.5,318.075,457.06,327.075,362,1084,230,1196,1537,2120
5681070,470.34,316.95,457.3,327.225,359,1072,232,1198,1533,2114
5681072,470.42,318.375,457.62,328.05,361,1087,237,1206,1533,2109
5681074,470.42,317.475,457.54,327.15,360,1078,235,1197,1531,2115
5681076,470.42,317.775,457.7,327.825,361,1081,237,1203,1534,2110
5681078,470.5,317.85,457.94,328.05,361,1081,240,1205,1535,2112
5681080,470.58,318.9,457.86,328.35,363,1092,240,1208,1537,2113
5681082,470.74,317.775,458.58,328.05,364,1080,247,1205,1535,2113
5681084,470.18,318.375,458.34,329.025,359,1087,245,1216,1536,2109
5681086,470.5,319.125,458.42,328.8,363,1095,246,1213,1539,2115
5681088,470.18,319.35,459.06,329.4,360,1098,254,1219,1539,2110
5681090,470.18,320.55,458.9,329.1,361,1111,251,1216,1533,2113
5681092,470.82,320.25,459.06,329.475,367,1107,253,1220,1533,2112
5681094,470.9,319.8,458.9,329.7,368,1102,252,1222,1534,2111
5681096,470.18,320.925,458.58,330.525,362,1115,250,1232,1529,2107
5681098,471.3,320.4,458.82,329.625,373,1109,251,1222,1531,2112
5681100,470.02,321.75,459.06,329.7,361,1125,254,1223,1530,2107
5681102,470.42,321.825,458.66,330.9,366,1125,251,1236,1529,2112
5681104,470.26,321.375,459.22,330.525,364,1121,257,1232,1530,2109
5681106,469.86,322.2,459.7,330.45,360,1130,262,1231,1530,2109
5681108,470.58,322.425,459.22,330.975,368,1132,258,1237,1530,2109
5681110,471.06,321,459.86,330.525,372,1116,264,1232,1533,2107
5681112,470.42,322.275,459.7,330.9,367,1132,263,1237,1532,2106
5681114,471.3,322.2,459.62,330.9,375,1130,262,1237,1534,2104
5681116,471.06,321.975,460.26,330.9,373,1128,269,1236,1533,2104
5681118,471.62,321.525,460.18,330.975,379,1122,268,1237,1533,2110
5681120,470.9,321.9,460.02,330.6,371,1127,266,1234,1534,2106
5681122,471.14,322.125,460.02,330.375,374,1129,266,1231,1537,2105
5681124,471.54,321.075,459.78,330.3,377,1118,263,1230,1527,2103
5681126,470.9,320.25,459.94,330.525,369,1110,265,1233,1534,2102
5681128,470.98,320.925,459.7,330.825,371,1117,263,1236,1528,2106
5681130,471.46,319.8,459.38,330.225,374,1104,259,1230,1529,2101
5681132,470.82,320.7,459.3,329.85,369,1114,257,1226,1528,2105
5681134,470.5,319.5,459.94,330.9,364,1102,265,1237,1532,2103
5681136,470.42,320.4,459.38,329.1,364,1112,257,1218,1532,2104
5681138,470.26,319.725,458.98,329.025,362,1104,253,1217,1534,2108
5681140,470.74,319.65,459.54,329.625,367,1102,260,1222,1531,2103
5681142,470.34,318.9,459.3,329.025,362,1095,257,1216,1534,2109
5681144,469.62,319.8,459.22,329.25,355,1105,255,1218,1535,2108
5681146,470.18,317.85,458.98,328.95,359,1083,253,1215,1536,2107
5681148,469.86,317.7,458.58,328.875,355,1080,249,1214,1534,2107
5681150,469.46,318.45,458.66,329.1,352,1089,249,1216,1534,2108
5681152,469.54,317.625,459.14,328.875,352,1079,254,1213,1534,2110
5681154,469.06,317.475,458.66,329.025,346,1078,248,1214,1534,2108
5681156,469.46,317.625,458.74,329.55,351,1078,250,1219,1535,2107
5681158,469.7,317.7,458.98,329.25,353,1078,253,1215,1532,2109
5681160,469.14,317.55,458.82,329.175,346,1076,250,1214,1531,2109
5681162,469.06,317.55,458.58,329.325,345,1077,248,1215,1531,2105
5681164,469.54,317.925,458.98,329.475,351,1079,252,1215,1533,2109
5681166,469.06,318.375,458.74,329.175,346,1084,249,1213,1535,2110
5681168,468.9,318.825,458.74,329.4,345,1088,248,1213,1534,2106
5681170,468.42,318,458.66,329.1,338,1080,247,1210,1533,2106
5681172,469.06,318.525,458.66,329.325,345,1084,248,1212,1533,2104
5681174,468.82,319.275,458.1,330.6,343,1091,242,1226,1538,2104
5681176,468.58,318.45,458.42,329.4,339,1082,244,1211,1534,2105
5681178,468.34,318.375,457.94,329.475,337,1081,240,1213,1533,2105
5681180,468.66,318.975,458.18,330.075,340,1087,242,1218,1538,2105
5681182,468.82,318.75,458.26,330.3,342,1084,243,1221,1534,2104
5681184,468.66,318,458.82,330.15,339,1075,248,1217,1533,2104
5681186,468.5,318.3,457.46,330.075,337,1078,234,1218,1535,2102
5681188,468.82,318.825,459.22,330,341,1082,251,1214,1534,2104
5681190,468.74,318.525,458.26,330.45,340,1079,242,1220,1537,2103
5681192,468.58,319.8,458.5,329.925,339,1092,244,1213,1540,2104
5681194,469.06,319.125,458.74,330.45,344,1085,247,1218,1538,2107
5681196,468.66,318.45,459.06,330.45,338,1077,250,1217,1538,2102
5681198,468.66,318.975,458.66,330.075,339,1083,245,1214,1536,2106
5681200,468.9,318.675,458.98,330.75,341,1079,249,1220,1535,2107
5681202,468.74,318.675,459.3,330.075,340,1079,252,1213,1537,2105
5681204,468.74,318.375,459.06,330.75,339,1075,250,1219,1534,2105
5681206,468.98,318.825,459.22,329.85,342,1079,251,1209,1537,2105
5681208,469.86,319.275,459.3,330,351,1084,251,1211,1533,2103
5681210,469.3,319.65,459.62,330.45,345,1088,255,1215,1540,2107
5681212,469.86,319.05,459.46,330.45,351,1080,254,1215,1537,2103
5681214,469.78,319.35,459.78,330.675,350,1084,257,1218,1537,2102
5681216,468.98,319.575,459.86,330.3,343,1087,258,1213,1540,2104
5681218,469.38,318.675,460.18,330.15,346,1077,261,1212,1541,2108
5681220,469.38,319.5,460.02,330.525,347,1086,260,1215,1543,2105
5681222,470.1,318.6,459.94,330.675,353,1076,260,1217,1541,2106
5681224,469.86,318.975,459.7,331.125,352,1080,258,1222,1540,2105
5681226,469.62,320.025,460.26,330.6,351,1091,263,1217,1544,2103
5681228,469.62,320.1,460.1,329.925,351,1093,261,1209,1542,2104
5681230,469.62,319.05,460.5,330.825,350,1081,267,1219,1540,2105
5681232,469.46,319.05,460.5,331.05,349,1082,268,1221,1541,2105
5681234,469.78,319.725,460.34,330.525,353,1088,265,1216,1540,2104
5681236,469.86,319.8,460.02,332.175,354,1089,264,1234,1542,2099
5681238,469.78,320.025,460.58,331.275,354,1091,269,1223,1544,2108
5681240,469.86,319.575,460.18,331.2,355,1087,265,1223,1543,2107
5681242,469.86,320.4,460.66,331.5,356,1096,271,1226,1545,2104
5681244,469.78,319.875,460.98,331.2,356,1091,275,1223,1546,2112
5681246,469.94,319.725,460.66,331.725,357,1089,272,1229,1546,2109
5681248,470.66,319.5,460.5,330.825,365,1086,270,1220,1547,2108
5681250,469.86,319.5,460.82,331.05,357,1088,274,1222,1552,2108
5681252,470.5,320.7,460.5,331.8,365,1100,272,1231,1549,2108
5681254,470.34,320.25,460.9,331.35,363,1096,276,1226,1545,2108
5681256,469.7,320.4,460.26,331.425,358,1098,270,1228,1548,2108
5681258,470.18,319.95,460.74,331.35,362,1093,275,1227,1549,2111
5681260,469.46,319.95,461.06,331.275,356,1094,279,1226,1547,2111
5681262,469.46,319.875,461.06,331.05,356,1093,279,1223,1546,2108
5681264,470.18,319.8,460.74,332.1,364,1093,278,1236,1550,2110
5681266,470.18,319.35,460.98,330.75,364,1087,278,1221,1552,2107
5681268,470.34,319.575,461.06,331.05,366,1091,281,1225,1547,2104
5681270,470.34,320.175,460.98,330.75,367,1097,280,1222,1552,2111
5681272,470.42,319.2,460.98,330.825,368,1087,280,1223,1552,2111
5681274,469.86,319.425,461.38,330.75,362,1090,284,1221,1555,2112
5681276,469.94,320.475,460.58,330.75,365,1101,277,1223,1552,2113
5681278,470.26,319.35,461.14,329.4,367,1089,281,1208,1552,2111
5681280,470.02,318.975,460.74,330.3,365,1086,279,1219,1554,2114
5681282,470.02,319.95,460.5,331.2,365,1096,277,1228,1552,2114
5681284,469.78,319.425,460.82,330.15,363,1091,280,1217,1554,2118
5681286,469.22,319.875,461.06,330.45,358,1096,283,1220,1553,2116
5681288,469.86,319.35,460.66,330.525,365,1090,279,1221,1553,2117
5681290,469.06,318.975,460.26,330.225,355,1088,275,1219,1555,2119
5681292,468.98,319.275,461.06,330,356,1091,284,1216,1554,2116
5681294,469.54,319.425,460.58,330.525,361,1091,279,1222,1559,2120
5681296,469.78,318.6,461.06,329.325,364,1083,284,1208,1553,2118
5681298,469.46,318.45,460.66,328.65,360,1081,278,1201,1557,2117
5681300,469.38,318.825,460.34,328.95,360,1085,276,1204,1556,2118
5681302,469.46,318.075,459.94,328.5,360,1077,272,1200,1554,2122
5681304,468.98,318.3,460.98,328.725,356,1079,282,1201,1557,2122
5681306,469.38,318,459.86,328.8,360,1076,271,1203,1558,2121
5681308,469.78,317.55,460.26,328.05,364,1070,275,1195,1558,2126
5681310,468.74,317.925,460.34,327.825,353,1076,276,1192,1557,2123
5681312,469.7,318.15,459.38,328.125,364,1076,266,1195,1560,2123
5681314,469.14,317.025,459.86,327.75,357,1065,271,1191,1559,2123
5681316,469.86,317.7,459.78,328.275,365,1071,270,1196,1560,2125
5681318,469.38,317.1,460.1,327.3,360,1065,273,1186,1565,2127
5681320,469.06,316.875,459.7,328.2,356,1062,269,1195,1562,2124
5681322,469.06,316.875,459.7,327.375,356,1063,269,1186,1563,2125
5681324,468.98,316.8,459.94,327.75,355,1061,272,1189,1566,2127
5681326,468.58,316.2,459.62,327.6,351,1055,268,1188,1567,2126
5681328,469.54,316.65,459.94,327.9,361,1058,272,1191,1563,2129
5681330,468.74,316.65,459.46,327.525,353,1059,267,1187,1563,2128
5681332,468.74,316.725,459.62,327.225,352,1060,267,1183,1563,2130
5681334,468.9,316.875,459.78,327.225,355,1061,269,1183,1565,2132
5681336,468.74,317.1,459.86,327.15,353,1063,270,1182,1566,2130
5681338,468.5,316.5,459.62,327.6,350,1057,268,1187,1565,2127
5681340,468.66,317.175,459.78,327.15,352,1064,269,1181,1565,2132
5681342,468.82,317.25,459.86,327.9,354,1064,271,1190,1567,2132
5681344,468.34,317.025,459.54,328.725,348,1062,268,1198,1569,2133
5681346,468.34,317.625,459.94,328.275,349,1069,272,1194,1566,2132
5681348,468.98,317.4,459.3,328.5,355,1065,265,1196,1570,2136
5681350,468.66,317.025,460.1,327.975,352,1062,273,1189,1568,2138
5681352,468.74,317.7,459.86,328.275,352,1069,270,1193,1571,2136
5681354,469.06,317.925,459.94,328.05,356,1071,271,1191,1571,2134
5681356,468.74,317.475,460.18,328.5,352,1066,273,1195,1570,2137
5681358,468.82,317.175,459.46,328.275,352,1064,266,1193,1571,2137
5681360,468.74,317.625,459.46,327.975,352,1068,265,1190,1576,2139
5681362,468.82,316.425,459.94,328.875,351,1056,271,1199,1568,2139
5681364,468.74,316.95,460.1,328.2,351,1061,272,1193,1578,2133
5681366,468.58,316.575,459.62,328.35,349,1057,267,1195,1576,2141
5681368,468.74,316.5,459.54,327.15,350,1057,264,1182,1577,2142
5681370,468.74,317.1,459.86,327.375,351,1063,269,1184,1574,2142
5681372,468.5,317.25,459.78,327.9,349,1066,268,1190,1581,2146
5681374,468.5,316.875,459.7,327.9,348,1061,267,1190,1575,2145
5681376,468.66,317.55,459.94,327.3,350,1069,269,1184,1578,2143
5681378,468.26,317.325,459.7,327.45,346,1067,267,1186,1582,2145
5681380,468.42,316.575,459.46,327.75,347,1058,265,1190,1582,2148
5681382,467.94,316.65,460.1,327.6,342,1060,271,1187,1580,2148
5681384,467.86,316.575,459.54,327.975,341,1059,266,1192,1583,2149
5681386,468.5,315.975,459.46,327.075,347,1053,263,1183,1583,2151
5681388,468.02,316.275,459.62,327.525,342,1057,265,1188,1583,2146
5681390,467.54,316.125,459.7,327.6,338,1056,266,1189,1585,2152
5681392,467.46,316.65,459.54,327.9,337,1062,265,1193,1585,2151
5681394,467.78,316.875,459.46,327.9,340,1064,264,1192,1588,2150
5681396,467.38,317.325,459.94,327.825,337,1070,269,1191,1589,2154
5681398,468.26,316.8,459.38,328.125,345,1064,264,1195,1589,2158
5681400,467.46,316.875,459.14,327.45,337,1065,261,1189,1587,2155
5681402,467.78,317.325,459.3,327.45,341,1069,263,1188,1589,2159
5681404,467.78,317.25,459.46,328.05,341,1069,265,1195,1587,2154
5681406,467.38,316.575,459.46,328.125,336,1063,265,1196,1590,2160
5681408,467.54,317.025,459.06,327.9,339,1068,260,1194,1591,2162
5681410,467.38,316.65,459.62,328.65,336,1064,267,1202,1591,2161
5681412,467.46,316.8,459.3,328.575,338,1066,264,1202,1591,2159
5681414,467.06,317.55,459.54,329.175,334,1074,267,1208,1596,2163
5681416,467.06,317.4,459.38,328.575,333,1073,264,1202,1594,2163
5681418,467.54,316.95,459.22,328.275,338,1067,262,1199,1598,2161
5681420,467.46,316.425,459.22,328.05,336,1062,262,1197,1594,2161
5681422,467.06,317.25,459.06,328.05,333,1072,260,1197,1594,2166
5681424,467.46,316.65,459.46,327.975,336,1065,264,1196,1594,2172
5681426,467.38,315.75,458.5,328.05,334,1055,254,1197,1593,2164
5681428,467.46,317.175,459.14,328.275,336,1070,260,1199,1595,2175
5681430,467.38,316.275,458.82,327.15,335,1061,257,1187,1597,2169
5681432,467.54,314.925,459.7,326.775,335,1045,265,1182,1591,2171
5681434,467.62,316.35,459.78,327.075,337,1061,266,1185,1595,2172
5681436,468.02,315.75,459.3,326.7,341,1054,261,1182,1601,2171
5681438,467.38,315.075,459.46,326.4,334,1047,262,1179,1596,2173
5681440,467.7,316.05,460.1,326.775,338,1058,268,1182,1596,2179
5681442,467.86,315,459.78,326.775,338,1046,266,1182,1599,2175
5681444,467.54,315.15,459.7,326.475,335,1048,264,1179,1603,2173
5681446,468.02,314.7,459.86,327,339,1043,266,1184,1600,2179
5681448,467.7,315,460.02,326.325,336,1045,267,1176,1602,2175
5681450,467.3,314.85,460.02,326.85,332,1045,267,1182,1600,2180
5681452,468.34,315.075,460.02,326.55,342,1045,267,1179,1603,2180
5681454,467.62,314.325,460.42,326.175,334,1038,271,1174,1605,2178
5681456,468.42,314.7,460.18,326.4,343,1040,269,1176,1605,2179
5681458,468.18,314.925,460.58,326.325,340,1043,272,1175,1608,2182
5681460,468.1,313.95,460.5,326.475,339,1032,272,1176,1603,2183
5681462,467.7,314.7,460.42,326.55,335,1040,271,1177,1602,2184
5681464,468.26,314.25,460.98,326.475,340,1034,277,1175,1607,2184
5681466,468.02,313.875,461.14,326.475,338,1031,278,1175,1606,2181
5681468,467.78,314.175,461.06,326.775,335,1034,277,1177,1605,2186
5681470,468.42,314.1,461.22,326.55,342,1033,279,1175,1605,2187
5681472,468.18,314.025,461.3,326.7,339,1031,280,1176,1607,2186
5681474,468.5,314.7,461.3,327.225,343,1038,281,1182,1604,2193
5681476,468.58,313.95,460.9,327.075,344,1030,276,1179,1606,2189
5681478,467.94,314.85,461.14,327.15,338,1040,279,1180,1613,2192
5681480,467.86,315.3,461.38,327.9,337,1044,282,1188,1613,2197
5681482,468.26,314.175,461.14,327.9,340,1032,279,1188,1606,2195
5681484,467.38,314.55,461.62,327.975,332,1037,284,1188,1611,2199
5681486,467.46,315.3,460.9,328.2,333,1045,277,1191,1610,2199
5681488,468.02,314.325,461.38,328.575,338,1033,283,1194,1611,2200
5681490,468.18,314.775,461.06,328.05,340,1038,280,1189,1608,2201
5681492,467.7,314.475,461.22,328.575,336,1035,281,1195,1610,2203
5681494,467.54,314.025,461.62,327.975,333,1031,285,1188,1611,2199
5681496,467.86,314.25,460.98,328.275,337,1033,279,1191,1608,2203
5681498,467.62,315.075,460.66,328.275,335,1041,276,1192,1610,2206
5681500,467.22,314.55,461.06,328.125,331,1037,280,1190,1613,2207
5681502,466.98,314.925,460.98,327.975,329,1041,279,1188,1614,2205
5681504,467.46,314.4,460.9,329.325,334,1034,280,1203,1617,2207
5681506,467.46,314.775,461.3,328.5,334,1038,284,1194,1612,2210
5681508,467.22,314.175,461.22,328.65,331,1032,283,1196,1617,2209
5681510,467.06,314.625,461.46,329.175,330,1038,286,1201,1615,2211
5681512,467.14,314.625,461.7,327.825,331,1037,287,1186,1615,2206
5681514,466.82,314.475,461.38,328.875,328,1036,286,1198,1615,2210
5681516,467.14,314.55,461.46,328.8,331,1038,286,1198,1617,2208
5681518,467.38,314.7,461.3,328.35,334,1038,284,1193,1617,2215
5681520,466.9,315.375,461.78,328.125,330,1046,289,1191,1620,2216
5681522,467.14,314.1,461.46,328.95,331,1033,287,1199,1615,2216
5681524,467.3,314.775,462.34,328.875,334,1040,296,1198,1621,2221
5681526,467.3,313.875,462.66,328.275,333,1030,299,1192,1617,2221
5681528,467.46,313.95,462.02,329.175,335,1032,293,1202,1621,2221
5681530,467.38,315.075,461.54,328.8,335,1044,288,1199,1620,2221
5681532,467.3,314.85,461.86,328.8,334,1041,291,1199,1617,2222
5681534,466.98,314.85,462.1,328.5,330,1042,293,1195,1620,2221
5681536,467.54,314.7,461.54,329.025,336,1040,288,1202,1621,2227
5681538,466.98,315.075,462.5,328.875,330,1045,298,1199,1623,2223
5681540,467.46,314.625,462.18,329.4,335,1040,295,1206,1622,2228
5681542,467.3,314.7,461.86,328.875,333,1041,290,1201,1623,2224
5681544,467.22,315.075,462.5,328.35,333,1046,296,1195,1619,2226
5681546,467.54,314.175,461.54,328.8,335,1036,287,1201,1620,2234
5681548,467.38,314.25,462.58,328.425,333,1038,297,1196,1625,2225
5681550,466.9,314.1,461.86,327.9,328,1036,289,1191,1620,2232
5681552,467.46,314.175,461.78,327.9,333,1037,288,1191,1621,2230
5681554,467.38,314.175,462.02,328.5,333,1037,291,1197,1628,2230
5681556,467.7,313.5,461.86,328.05,335,1030,289,1194,1626,2232
5681558,467.14,314.025,462.42,328.575,330,1036,296,1199,1623,2232
5681560,467.54,313.275,461.22,328.35,334,1028,282,1198,1628,2233
5681562,467.54,313.35,461.78,327.45,334,1029,287,1188,1625,2235
5681564,467.3,312.675,461.38,327.6,330,1022,283,1190,1627,2233
5681566,467.46,312.525,461.7,326.475,331,1021,285,1178,1626,2234
5681568,467.78,312.825,461.78,326.625,335,1024,286,1180,1626,2238
5681570,467.46,312.825,461.62,326.925,332,1024,285,1183,1626,2238
5681572,467.62,312.45,461.78,326.625,333,1020,286,1180,1628,2241
5681574,467.46,312.75,461.62,327.3,332,1023,285,1187,1628,2242
5681576,467.62,311.7,461.54,326.85,332,1012,283,1183,1628,2241
5681578,467.38,312.375,461.7,326.55,330,1020,285,1180,1629,2244
5681580,467.38,312.075,461.54,326.4,329,1017,283,1178,1630,2246
5681582,467.54,312.75,461.7,326.475,332,1024,285,1179,1627,2241
5681584,467.86,312.525,461.14,326.1,335,1022,278,1176,1630,2241
5681586,467.62,312.15,461.86,325.95,332,1018,285,1173,1632,2243
5681588,467.46,311.775,461.54,327.15,330,1014,283,1187,1629,2245
5681590,467.94,312.225,461.7,327.075,335,1019,285,1186,1630,2251
5681592,467.94,313.95,462.42,327.225,337,1038,293,1186,1631,2247
5681594,469.22,314.85,463.06,328.05,351,1045,300,1195,1637,2252
5681596,470.34,314.25,463.46,328.65,362,1038,305,1201,1637,2248
5681598,469.86,317.85,463.54,328.8,361,1077,305,1203,1647,2251
5681600,469.94,318.075,463.54,329.025,362,1080,305,1205,1647,2253
5681602,470.18,318.375,462.98,330,364,1083,300,1216,1645,2252
5681604,468.98,319.65,461.46,329.55,353,1099,284,1213,1645,2247
5681606,467.3,321.225,460.18,329.775,336,1117,271,1217,1649,2255
5681608,466.34,320.25,458.82,329.85,325,1108,256,1220,1642,2255
5681610,465.06,320.925,458.5,330.3,312,1117,253,1225,1647,2257
5681612,464.74,321.15,458.58,330.3,309,1120,254,1225,1648,2259
5681614,464.98,319.8,458.58,330.15,310,1104,253,1223,1642,2259
5681616,465.38,320.175,458.5,330.3,315,1109,252,1226,1647,2256
5681618,466.18,319.5,459.22,329.775,322,1100,260,1219,1643,2260
5681620,466.26,319.425,459.86,329.4,322,1099,265,1215,1643,2258
5681622,466.74,318.975,459.78,329.625,327,1094,265,1217,1648,2258
5681624,466.82,320.025,459.94,329.175,328,1105,266,1212,1646,2261
5681626,465.86,319.8,460.02,329.85,318,1105,266,1219,1646,2259
5681628,466.5,319.05,459.38,330.3,324,1095,260,1225,1651,2263
5681630,466.82,319.5,459.3,329.175,327,1101,259,1213,1648,2261
5681632,466.82,319.575,459.22,329.925,327,1101,258,1222,1650,2260
5681634,466.82,319.125,459.46,329.925,327,1096,261,1221,1648,2259
5681636,466.74,319.125,459.22,329.7,326,1097,258,1219,1652,2261
5681638,466.34,318.825,459.46,329.85,321,1094,260,1221,1650,2264
5681640,466.34,319.05,459.14,330.225,321,1097,257,1226,1647,2267
5681642,466.42,318.75,459.3,329.85,321,1093,258,1222,1648,2266
5681644,466.42,319.65,459.3,330.15,323,1103,258,1225,1651,2266
5681646,466.02,320.025,458.82,330.375,318,1108,254,1228,1656,2265
5681648,466.5,319.65,459.46,330.3,322,1104,260,1226,1656,2265
5681650,466.82,319.2,458.18,330.225,325,1099,247,1227,1649,2268
5681652,466.5,319.575,459.14,330.3,323,1104,256,1227,1651,2268
5681654,466.1,319.125,458.74,330.6,318,1099,253,1231,1652,2273
5681656,465.94,319.875,458.82,330.3,316,1108,252,1228,1654,2271
5681658,466.18,320.175,458.5,330.6,319,1111,249,1232,1654,2269
5681660,466.58,319.8,458.58,330.675,322,1107,250,1233,1654,2272
5681662,465.46,319.125,458.18,330.15,310,1101,245,1228,1654,2270
5681664,466.1,319.05,458.18,330.45,317,1100,245,1232,1653,2271
5681666,466.1,319.125,458.1,330.15,317,1100,244,1229,1658,2272
5681668,465.62,319.575,458.42,330.525,312,1106,248,1233,1658,2270
5681670,465.3,319.5,458.26,330.45,309,1106,246,1232,1660,2272
5681672,466.1,319.425,457.94,330.825,317,1105,243,1237,1662,2272
5681674,464.5,320.475,457.94,331.125,302,1118,243,1240,1663,2272
5681676,464.58,320.4,458.5,330.675,302,1117,249,1235,1664,2270
5681678,464.82,320.175,458.58,330.525,305,1114,249,1233,1666,2274
5681680,465.38,320.25,458.18,330.825,311,1115,245,1238,1662,2274
5681682,464.66,319.95,458.74,330.75,303,1112,251,1236,1663,2272
5681684,464.98,320.025,458.34,330.825,306,1114,247,1238,1664,2274
5681686,464.9,320.175,458.5,330.375,305,1115,248,1232,1664,2275
5681688,465.22,319.95,458.42,330.75,308,1113,248,1237,1663,2276
5681690,465.46,320.1,458.58,331.2,311,1114,251,1242,1658,2278
5681692,465.46,320.25,458.58,330.3,311,1116,249,1232,1657,2276
5681694,465.54,320.025,458.34,330.6,312,1114,248,1236,1657,2279
5681696,466.02,319.95,458.5,330.525,317,1112,249,1235,1658,2273
5681698,465.38,320.85,458.9,330.45,312,1123,254,1234,1663,2280
5681700,465.86,320.625,458.34,331.125,316,1121,248,1242,1659,2276
5681702,465.78,320.7,458.34,330.75,316,1121,248,1238,1666,2276
5681704,465.94,320.475,458.58,330.3,317,1119,250,1233,1656,2275
5681706,466.18,320.85,458.5,330.975,320,1123,250,1241,1665,2276
5681708,466.02,320.925,458.34,330.075,319,1124,248,1231,1664,2278
5681710,465.62,319.8,458.98,330.225,314,1112,254,1233,1664,2278
5681712,465.86,320.925,458.9,330.75,318,1125,255,1238,1665,2277
5681714,465.78,319.875,458.58,330.225,316,1113,250,1233,1664,2277
5681716,465.78,320.475,458.82,330.75,317,1120,254,1239,1667,2276
5681718,465.94,319.125,458.9,330.45,317,1105,255,1235,1663,2280
5681720,465.78,319.8,458.5,330.6,316,1112,251,1238,1662,2274
5681722,465.7,319.8,458.5,330.825,316,1113,251,1240,1669,2279
5681724,466.42,319.575,458.98,330.75,323,1109,256,1239,1662,2278
5681726,465.78,320.1,458.98,330.45,316,1116,256,1235,1662,2280
5681728,465.7,319.725,458.66,330.975,316,1112,253,1242,1668,2279
5681730,466.26,319.95,458.74,330,322,1114,254,1230,1666,2275
5681732,466.02,319.8,458.9,330.375,320,1112,256,1235,1665,2275
5681734,466.26,318.525,459.14,330.75,320,1098,259,1239,1666,2277
5681736,467.3,319.35,458.98,330.45,333,1106,257,1236,1664,2277
5681738,466.42,319.8,458.82,330.3,324,1112,255,1234,1665,2275
5681740,466.66,320.025,458.82,330.45,327,1114,256,1236,1667,2277
5681742,466.98,319.5,459.14,330.15,330,1108,258,1232,1669,2279
5681744,466.66,319.875,459.14,330.6,327,1113,260,1237,1669,2278
5681746,467.06,319.875,459.22,330.3,332,1112,261,1233,1672,2282
5681748,466.42,320.1,458.98,330.825,326,1115,259,1239,1675,2278
5681750,466.26,319.8,458.74,330.975,324,1112,256,1241,1672,2277
5681752,466.5,319.8,459.3,330.825,327,1112,263,1239,1671,2277
5681754,466.74,320.1,458.82,330.75,330,1115,258,1239,1673,2278
5681756,467.06,319.875,458.82,330.675,334,1112,258,1238,1676,2275
5681758,466.9,319.875,458.9,330.075,332,1112,259,1231,1670,2274
5681760,466.26,320.4,459.46,330.375,327,1118,265,1233,1670,2275
5681762,466.82,319.8,458.82,330.9,332,1111,259,1240,1672,2272
5681764,466.34,320.1,459.22,330.225,328,1115,263,1232,1672,2275
5681766,466.66,319.35,459.38,330.525,330,1107,265,1235,1672,2275
5681768,466.26,319.8,459.14,330.15,327,1112,263,1232,1676,2275
5681770,466.82,319.65,459.62,329.775,333,1109,267,1227,1678,2275
5681772,466.26,319.275,459.14,330.75,327,1106,264,1238,1673,2274
5681774,466.42,318.9,458.98,330.75,328,1102,262,1238,1674,2273
5681776,466.58,320.475,458.82,330.825,332,1119,261,1239,1675,2275
5681778,465.78,321.525,459.06,330.525,324,1131,263,1235,1679,2275
5681780,466.9,320.175,458.66,330.6,335,1116,259,1237,1676,2274
5681782,465.7,320.7,459.14,330.45,323,1122,264,1235,1673,2274
5681784,466.42,320.4,458.74,331.05,331,1118,261,1242,1677,2270
5681786,465.78,320.475,458.58,331.05,324,1120,260,1242,1679,2270
5681788,465.54,320.325,458.82,330.9,322,1119,262,1240,1684,2277
5681790,465.7,319.65,458.98,330.825,322,1111,263,1239,1671,2274
5681792,466.1,320.025,458.18,330.525,327,1115,254,1238,1675,2275
5681794,465.22,319.275,458.5,330.975,316,1108,258,1242,1675,2270
5681796,465.62,320.175,458.58,330.525,322,1117,258,1237,1672,2272
5681798,466.1,319.05,458.66,330.825,326,1104,259,1240,1671,2271
5681800,465.62,319.575,457.78,330.9,321,1111,251,1242,1669,2270
5681802,465.38,320.025,458.74,330.675,319,1116,260,1238,1673,2270
5681804,465.54,319.65,457.94,330.75,320,1112,252,1241,1676,2270
5681806,465.3,318.9,458.1,330.375,317,1104,253,1236,1672,2272
5681808,465.78,319.425,458.18,330.9,323,1110,255,1242,1671,2264
5681810,465.38,319.05,458.02,330.9,318,1106,253,1242,1676,2271
5681812,465.78,319.575,457.62,331.125,323,1112,249,1245,1677,2269
5681814,464.58,319.725,457.78,331.35,310,1115,251,1247,1672,2269
5681816,466.26,319.65,457.78,331.05,327,1112,251,1245,1674,2264
5681818,464.98,318.975,458.1,330.9,314,1106,253,1242,1670,2269
5681820,465.38,319.2,458.02,330.75,318,1109,253,1241,1672,2267
5681822,464.98,320.1,457.62,330.975,315,1119,248,1244,1672,2261
5681824,465.14,319.575,457.62,330.975,315,1113,248,1244,1673,2267
5681826,465.06,319.125,457.86,330.975,314,1108,251,1244,1671,2269
5681828,465.06,319.875,457.46,331.125,314,1117,246,1246,1678,2264
5681830,464.66,320.25,457.62,331.125,311,1121,248,1246,1672,2265
5681832,464.9,319.725,457.46,331.05,312,1116,246,1246,1674,2264
5681834,464.42,320.475,457.7,330.975,308,1124,248,1245,1676,2264
5681836,465.14,319.875,457.62,330.975,314,1117,246,1245,1677,2268
5681838,464.98,318.975,457.62,330.825,311,1107,246,1244,1677,2265
5681840,464.74,320.25,457.54,331.125,310,1122,245,1247,1680,2262
5681842,464.5,320.4,457.62,331.5,307,1123,246,1251,1677,2267
5681844,464.98,319.575,457.46,331.125,311,1114,244,1247,1678,2263
5681846,465.22,319.725,457.86,331.5,314,1116,249,1251,1678,2264
5681848,465.14,319.575,457.46,331.275,312,1114,243,1249,1682,2266
5681850,465.54,319.95,457.46,331.2,317,1118,243,1248,1680,2262
5681852,464.98,319.95,457.38,331.35,310,1119,242,1250,1678,2261
5681854,464.82,319.425,457.14,330.825,307,1113,239,1245,1677,2262
5681856,464.42,320.025,457.22,330.75,303,1120,239,1245,1677,2261
5681858,464.66,321.075,457.14,331.125,307,1131,238,1249,1675,2259
5681860,464.58,319.875,457.22,330.9,304,1119,238,1247,1680,2262
5681862,464.1,319.5,456.42,331.35,299,1116,230,1252,1676,2260
5681864,464.58,319.8,456.98,331.425,304,1119,235,1253,1677,2259
5681866,464.18,319.95,457.06,330.9,299,1120,235,1247,1677,2262
5681868,464.5,320.1,457.3,331.05,302,1122,238,1249,1676,2259
5681870,464.02,320.625,456.98,331.5,297,1128,235,1253,1682,2259
5681872,464.1,321,457.14,331.5,298,1133,236,1254,1683,2259
5681874,465.06,320.1,457.06,331.575,307,1122,235,1254,1679,2263
5681876,464.5,321.225,457.46,331.725,302,1134,239,1256,1681,2257
5681878,465.14,320.475,457.14,331.95,308,1126,236,1259,1676,2259
5681880,465.3,322.05,457.38,331.875,311,1143,238,1258,1677,2256
5681882,464.5,320.775,457.38,331.65,301,1130,237,1255,1676,2258
5681884,465.06,321.225,457.3,332.175,308,1135,237,1262,1681,2260
5681886,465.14,320.475,456.9,331.35,307,1126,232,1253,1682,2261
5681888,464.98,321.675,457.38,332.4,307,1139,238,1264,1678,2260
5681890,465.22,320.325,457.14,331.875,308,1125,234,1258,1676,2259
5681892,465.3,320.85,457.62,332.175,309,1130,240,1262,1680,2257
5681894,465.06,320.775,457.22,331.725,306,1130,235,1257,1677,2254
5681896,465.22,320.7,457.38,331.575,308,1130,236,1255,1679,2259
5681898,465.3,320.025,457.22,331.125,308,1122,234,1251,1680,2254
5681900,465.54,321.15,456.9,331.275,311,1134,231,1253,1684,2250
5681902,465.14,320.025,456.9,330.675,306,1122,230,1246,1681,2258
5681904,465.62,319.5,457.38,331.05,310,1116,235,1250,1683,2257
5681906,465.7,320.025,456.98,330.375,312,1122,231,1243,1682,2254
5681908,466.26,318.675,456.74,329.625,317,1107,228,1236,1686,2255
5681910,466.1,318.9,457.3,330.3,315,1109,235,1242,1684,2255
5681912,466.5,318.75,456.98,330.525,319,1107,231,1245,1681,2252
5681914,465.94,318.6,457.14,329.925,313,1107,233,1238,1679,2253
5681916,466.74,318,457.14,330.15,321,1099,233,1241,1678,2252
5681918,466.82,318.825,457.7,330.45,323,1108,239,1243,1675,2252
5681920,467.06,318.9,456.98,330.15,326,1108,231,1241,1680,2253
5681922,466.9,318.9,457.22,330.225,324,1108,233,1241,1682,2253
5681924,466.58,319.725,458.34,330.075,322,1117,246,1238,1682,2247
5681926,466.9,319.125,457.86,330.375,324,1110,241,1242,1680,2251
5681928,467.14,319.575,457.62,331.05,327,1116,239,1250,1684,2251
5681930,466.74,319.65,458.42,330.525,324,1116,247,1243,1685,2250
5681932,466.98,320.55,457.78,331.05,327,1126,242,1250,1684,2247
5681934,467.3,320.175,457.62,331.725,330,1122,241,1257,1687,2249
5681936,467.06,320.325,458.42,331.875,329,1124,249,1258,1685,2246
5681938,467.14,320.925,458.18,331.65,330,1130,247,1256,1684,2246
5681940,467.46,322.425,458.74,331.725,335,1146,253,1256,1684,2246
5681942,467.94,321,458.98,331.95,339,1130,256,1259,1683,2249
5681944,467.22,322.65,458.42,331.95,333,1149,250,1259,1678,2245
5681946,467.62,321.375,458.58,331.875,337,1135,252,1258,1681,2241
5681948,467.22,321.525,458.42,330.675,333,1137,250,1246,1682,2247
5681950,466.9,321.375,458.18,330.3,329,1136,247,1242,1683,2241
5681952,466.82,321.375,457.38,329.925,330,1136,239,1239,1678,2239
5681954,467.22,321.225,457.78,330.075,333,1134,243,1240,1685,2239
5681956,467.38,321.675,457.46,330.075,336,1139,240,1241,1686,2239
5681958,467.38,320.775,458.42,329.625,335,1130,250,1235,1684,2242
5681960,467.14,321.525,457.54,330.225,334,1138,242,1242,1686,2234
5681962,467.3,320.85,457.3,329.625,335,1130,239,1236,1680,2236
5681964,467.54,320.625,457.62,328.95,338,1128,242,1229,1678,2239
5681966,467.62,321,458.18,329.475,339,1132,249,1234,1683,2237
5681968,468.02,321.375,457.94,330.075,344,1135,247,1241,1681,2234
5681970,467.86,320.55,457.78,329.625,342,1126,245,1235,1683,2232
5681972,467.62,320.775,457.62,329.625,340,1129,244,1236,1681,2234
5681974,467.54,320.625,458.02,329.625,339,1128,248,1235,1681,2232
5681976,467.7,320.85,457.46,329.175,342,1130,242,1232,1682,2234
5681978,466.74,319.5,457.46,329.25,330,1116,242,1232,1684,2232
5681980,467.06,319.875,457.3,329.55,334,1120,242,1235,1681,2227
5681982,467.7,319.125,457.38,328.95,340,1111,242,1229,1676,2226
5681984,466.82,320.1,457.7,330.3,332,1122,246,1242,1684,2229
5681986,466.66,319.65,457.3,330.075,330,1117,242,1240,1678,2224
5681988,466.9,320.4,456.82,328.95,333,1124,236,1228,1682,2223
5681990,466.58,320.25,456.66,328.875,330,1123,234,1228,1676,2226
5681992,466.58,319.65,456.58,329.025,329,1116,234,1229,1675,2223
5681994,466.74,319.65,456.66,329.025,330,1116,234,1229,1676,2223
5681996,466.5,320.175,456.34,328.8,328,1121,230,1226,1678,2220
5681998,466.02,319.575,456.42,329.025,323,1115,231,1228,1679,2214
5682000,466.34,319.8,456.26,329.7,325,1117,230,1235,1675,2214
5682002,466.18,320.325,455.7,329.625,325,1122,224,1235,1678,2216
5682004,466.74,320.1,455.94,329.7,330,1118,226,1234,1673,2212
5682006,466.42,319.95,456.1,329.475,326,1117,227,1232,1672,2211
5682008,466.34,320.55,456.18,330.075,325,1123,229,1237,1673,2211
5682010,466.66,320.7,456.26,329.025,329,1124,229,1226,1673,2206
5682012,466.1,321.225,455.7,328.95,323,1130,222,1225,1672,2210
5682014,465.54,320.775,456.34,328.5,316,1125,228,1219,1671,2201
5682016,465.94,321.525,456.18,328.575,321,1132,226,1220,1669,2203
5682018,466.58,320.1,456.18,329.55,326,1116,227,1230,1664,2204
5682020,465.54,321.825,456.74,328.95,316,1135,231,1221,1667,2197
5682022,466.1,321.3,456.58,330.075,321,1129,230,1234,1658,2201
5682024,466.02,321.225,456.34,329.775,320,1127,227,1230,1662,2202
5682026,466.5,321.3,456.02,329.85,325,1127,224,1232,1661,2198
5682028,466.58,322.35,456.66,329.625,326,1138,229,1228,1659,2198
5682030,466.34,321.975,456.18,330,323,1134,225,1232,1661,2198
5682032,466.34,322.275,456.98,330.225,323,1137,233,1233,1659,2190
5682034,466.66,321.75,456.58,329.925,325,1130,228,1230,1651,2195
5682036,466.34,322.5,456.58,330.075,323,1139,228,1231,1654,2194
5682038,465.94,322.2,456.98,329.25,318,1136,231,1222,1651,2186
5682040,466.74,322.125,457.14,329.7,326,1134,233,1226,1654,2194
5682042,466.42,321.975,457.22,329.025,322,1132,233,1219,1650,2194
5682044,467.14,321.975,457.46,330.075,329,1131,236,1229,1646,2193
5682046,466.98,321.525,457.46,329.775,328,1126,236,1226,1646,2183
5682048,466.58,321.375,456.82,330.15,323,1125,229,1231,1641,2186
5682050,466.18,322.275,457.38,329.775,320,1135,235,1226,1640,2185
5682052,466.74,321.75,457.3,329.55,325,1128,234,1223,1640,2180
5682054,466.42,321.75,457.94,329.625,322,1128,240,1223,1639,2178
5682056,466.5,322.125,457.54,329.4,323,1132,236,1221,1638,2180
5682058,466.98,321.45,457.46,329.325,327,1125,235,1220,1638,2177
5682060,466.82,321.9,457.7,327.9,326,1129,236,1205,1639,2173
5682062,466.82,321.675,458.1,329.55,325,1127,242,1222,1633,2174
5682064,467.06,321.9,458.02,330,329,1130,242,1227,1634,2177
5682066,467.06,322.575,457.94,330.3,330,1137,241,1230,1640,2173
5682068,466.82,322.725,458.02,329.925,328,1138,243,1227,1637,2176
5682070,467.14,321.525,458.02,330.3,330,1125,243,1230,1633,2173
5682072,467.14,321.375,458.5,331.125,330,1124,249,1239,1633,2167
5682074,466.82,322.575,458.34,330.825,328,1137,247,1236,1633,2168
5682076,467.06,322.95,459.14,331.275,331,1142,256,1241,1630,2167
5682078,467.38,322.35,458.9,331.125,334,1135,254,1239,1628,2163
5682080,467.14,322.65,458.9,331.95,332,1139,256,1249,1628,2162
5682082,467.14,323.4,459.3,331.2,333,1147,259,1240,1625,2163
5682084,467.22,323.025,458.9,331.8,334,1144,256,1248,1624,2162
5682086,467.62,322.275,459.46,331.875,338,1135,262,1247,1621,2160
5682088,467.94,323.625,459.3,331.725,343,1150,261,1247,1622,2161
5682090,467.62,324.15,459.62,331.725,340,1156,264,1246,1621,2155
5682092,467.38,324.525,459.3,332.1,339,1160,263,1251,1618,2151
5682094,467.22,323.325,459.38,331.725,337,1148,263,1247,1615,2158
5682096,467.86,324.45,459.7,332.85,345,1159,268,1259,1613,2149
5682098,467.94,324.375,459.38,333.075,346,1159,265,1262,1612,2149
5682100,467.78,324.525,459.46,332.475,346,1161,267,1256,1616,2155
5682102,467.78,324.375,459.46,331.95,345,1160,266,1251,1611,2148
5682104,467.86,325.275,460.02,332.55,348,1170,274,1257,1614,2149
5682106,468.1,324.525,459.62,332.625,350,1161,269,1259,1610,2148
5682108,467.38,324.6,459.78,331.8,343,1164,271,1250,1608,2144
5682110,467.94,324.15,459.86,332.625,349,1158,273,1258,1605,2147
5682112,467.94,324.45,460.1,333.15,350,1162,277,1265,1608,2143
5682114,468.74,324.075,459.54,332.55,358,1157,271,1259,1600,2147
5682116,468.02,324.75,459.46,331.425,353,1166,269,1248,1601,2137
5682118,467.54,324.6,459.7,332.55,347,1164,273,1259,1601,2142
5682120,468.02,324,459.94,331.875,353,1158,276,1251,1596,2142
5682122,467.7,324.225,459.62,331.8,350,1161,273,1251,1598,2136
5682124,467.54,324.3,459.62,331.5,350,1162,273,1249,1597,2135
5682126,467.86,322.725,459.7,331.05,351,1144,274,1243,1592,2132
5682128,467.54,323.625,459.38,331.2,349,1155,271,1246,1596,2130
5682130,467.86,323.4,459.7,331.275,353,1152,275,1246,1592,2132
5682132,467.62,323.85,459.3,331.2,351,1157,271,1245,1589,2129
5682134,467.06,324,459.86,330.9,345,1159,277,1242,1590,2125
5682136,467.46,324.3,459.54,331.2,350,1162,274,1246,1589,2129
5682138,467.78,323.175,459.7,331.05,352,1149,276,1244,1584,2133
5682140,467.94,321.975,459.38,330.675,354,1136,272,1240,1583,2127
5682142,467.7,322.275,459.46,330.3,351,1140,273,1236,1578,2131
5682144,467.54,321.75,459.86,330.225,350,1135,277,1235,1577,2126
5682146,467.46,321.825,459.54,330.525,348,1135,274,1238,1578,2125
5682148,467.38,322.05,459.7,330.075,348,1137,276,1233,1577,2123
5682150,467.78,321.825,459.86,330.075,352,1135,278,1232,1574,2123
5682152,468.1,321.975,459.3,330.675,356,1135,273,1239,1571,2121
5682154,467.94,321,459.3,329.925,353,1126,272,1231,1571,2125
5682156,467.46,321.3,459.3,330.6,349,1129,272,1238,1571,2118
5682158,468.26,321.45,459.14,330.675,357,1130,271,1240,1566,2122
5682160,468.42,321.675,459.7,330.45,359,1132,277,1236,1570,2119
5682162,467.46,321.75,459.46,330.675,350,1134,274,1239,1569,2120
5682164,467.94,321.675,459.38,331.125,354,1132,274,1244,1567,2117
5682166,467.86,322.125,459.06,330.525,354,1137,270,1238,1563,2117
5682168,467.3,321.825,459.38,330.825,347,1134,274,1240,1564,2113
5682170,467.14,322.575,458.98,330.825,346,1142,269,1241,1561,2111
5682172,467.54,322.575,458.82,330.825,350,1142,267,1240,1563,2110
5682174,466.9,322.05,458.34,330.975,343,1137,263,1243,1561,2113
5682176,466.5,324.15,458.74,331.725,341,1160,267,1250,1557,2108
5682178,466.02,323.1,458.58,331.35,335,1149,266,1246,1559,2112
5682180,466.82,323.775,458.66,331.875,344,1155,266,1251,1555,2108
5682182,466.66,325.125,458.5,331.725,343,1170,264,1251,1554,2110
5682184,466.42,323.325,458.74,332.325,339,1150,267,1257,1555,2106
5682186,465.7,323.925,458.5,331.5,332,1158,265,1248,1554,2107
5682188,466.42,324.225,458.74,332.1,339,1160,267,1254,1553,2103
5682190,466.1,323.925,457.86,332.175,336,1157,258,1256,1551,2106
5682192,466.1,323.85,458.5,332.025,336,1157,264,1254,1556,2105
5682194,466.02,324.525,458.5,332.475,336,1164,265,1259,1551,2099
5682196,465.78,323.7,458.02,331.8,332,1155,258,1252,1554,2105
5682198,465.86,324.15,458.42,332.1,333,1160,263,1255,1549,2105
5682200,466.34,323.775,458.74,332.1,337,1156,266,1254,1550,2103
5682202,466.1,323.25,458.5,331.65,334,1151,263,1250,1552,2105
5682204,466.66,323.85,458.5,331.575,340,1157,262,1249,1544,2101
5682206,466.5,324.45,458.34,332.025,339,1164,261,1254,1546,2100
5682208,466.74,324.6,458.98,332.55,341,1165,268,1260,1542,2102
5682210,466.66,324,459.14,332.4,340,1159,269,1258,1543,2098
5682212,466.18,325.725,458.82,333.6,336,1179,267,1271,1546,2093
5682214,466.42,325.575,458.98,332.85,338,1177,268,1264,1544,2098
5682216,466.34,325.65,459.14,332.775,337,1178,269,1263,1551,2095
5682218,466.74,324.15,459.06,332.25,340,1161,267,1257,1544,2094
5682220,466.74,324.825,459.14,332.475,340,1169,268,1260,1544,2094
5682222,466.02,324.15,459.06,331.95,332,1162,267,1255,1546,2097
5682224,466.26,325.2,459.14,331.875,334,1174,267,1254,1541,2093
5682226,466.26,325.2,459.46,332.925,335,1174,271,1266,1545,2095
5682228,466.98,325.35,459.14,332.175,342,1175,267,1258,1543,2094
5682230,466.02,325.275,459.38,332.325,332,1175,269,1259,1542,2094
5682232,466.9,324.75,459.86,333.15,340,1169,275,1268,1542,2090
5682234,466.42,324.225,459.06,332.025,335,1164,265,1257,1542,2096
5682236,466.18,325.35,459.54,332.85,333,1178,271,1266,1539,2089
5682238,466.66,325.5,459.38,332.85,339,1178,270,1266,1540,2094
5682240,466.58,324.675,459.14,332.475,336,1170,266,1262,1539,2095
5682242,466.9,325.35,459.54,331.575,341,1177,270,1252,1533,2094
5682244,466.58,325.725,458.98,332.925,338,1181,265,1268,1537,2096
5682246,467.06,325.5,459.78,332.25,342,1179,273,1260,1534,2093
5682248,466.98,326.025,459.46,332.775,342,1184,270,1266,1535,2090
5682250,467.14,324.375,459.38,333.15,342,1167,270,1270,1532,2092
5682252,466.58,325.725,459.54,332.55,337,1182,270,1264,1532,2089
5682254,466.66,326.625,460.02,332.925,339,1192,275,1268,1538,2091
5682256,467.3,325.425,459.46,333.15,344,1179,270,1271,1537,2095
5682258,466.66,325.275,459.62,332.85,337,1178,271,1267,1532,2090
5682260,466.9,327,459.78,333.3,341,1197,273,1273,1534,2087
5682262,466.74,327.075,459.7,332.4,340,1197,271,1263,1535,2096
5682264,466.58,326.175,460.26,332.4,337,1188,277,1262,1532,2096
5682266,466.82,327.15,460.18,332.475,341,1198,276,1263,1536,2093
5682268,466.9,325.65,459.3,331.8,340,1182,267,1257,1536,2098
5682270,467.06,325.2,459.78,331.5,341,1177,271,1253,1531,2099
5682272,466.98,325.05,459.54,331.65,340,1175,269,1255,1528,2095
5682274,466.66,324.825,459.7,332.7,336,1173,271,1266,1529,2094
5682276,467.06,325.35,459.38,332.925,341,1178,268,1269,1532,2091
5682278,466.34,325.875,459.62,332.4,334,1185,270,1263,1531,2090
5682280,467.06,324.975,459.86,331.65,340,1174,271,1254,1529,2098
5682282,466.74,324.225,459.86,331.8,336,1167,272,1256,1532,2094
5682284,466.66,324.3,459.38,331.725,335,1168,266,1256,1534,2095
5682286,467.3,324.225,459.14,330.825,341,1166,263,1246,1530,2099
5682288,466.9,323.25,459.78,331.2,336,1156,269,1250,1533,2094
5682290,466.9,323.325,458.98,331.35,336,1156,262,1252,1530,2100
5682292,467.54,323.7,458.82,330.375,343,1160,258,1242,1535,2100
5682294,466.9,323.4,459.3,330.75,336,1158,264,1245,1528,2095
5682296,467.14,323.4,459.38,330.6,338,1157,264,1243,1529,2099
5682298,467.14,323.025,459.3,330.075,337,1152,262,1237,1529,2100
5682300,466.74,322.65,459.54,330.3,333,1149,265,1239,1531,2096
5682302,466.82,324.225,459.14,331.05,335,1165,262,1247,1528,2097
5682304,467.7,323.025,459.22,330.675,343,1151,262,1243,1533,2103
5682306,466.58,323.7,459.78,330.225,332,1159,268,1238,1529,2100
5682308,466.5,323.925,459.62,330.6,331,1161,266,1241,1534,2094
5682310,466.66,323.4,459.46,330.45,332,1156,264,1240,1532,2097
5682312,466.58,324.45,459.86,330.525,333,1166,268,1240,1527,2098
5682314,466.66,323.625,459.54,330.45,333,1158,265,1239,1529,2098
5682316,466.9,324.15,459.14,330.9,336,1163,261,1245,1534,2099
5682318,466.98,324,459.3,330.675,336,1161,262,1242,1532,2101
5682320,467.14,323.625,459.38,330,337,1156,263,1234,1525,2104
5682322,467.06,322.8,459.22,330.375,336,1147,261,1238,1534,2102
5682324,466.98,323.925,459.3,330.3,336,1159,262,1236,1532,2103
5682326,467.3,322.875,459.78,330.375,338,1148,267,1237,1534,2105
5682328,467.22,323.4,459.46,330.3,338,1153,264,1237,1531,2100
5682330,467.62,324.15,459.3,330.375,343,1160,262,1237,1535,2106
5682332,466.9,323.4,459.86,330.375,334,1153,267,1236,1530,2102
5682334,467.14,323.925,459.78,330.075,338,1158,266,1233,1532,2109
5682336,467.14,323.925,459.78,330.975,338,1158,268,1242,1534,2109
5682338,467.46,324.075,459.78,330.225,341,1160,267,1235,1531,2111
5682340,466.82,324.675,459.7,330.525,334,1167,266,1238,1531,2108
5682342,467.46,323.175,459.3,330.075,340,1150,262,1233,1531,2112
5682344,466.82,324.45,459.78,330.375,334,1164,267,1236,1534,2111
5682346,467.46,324.6,459.86,329.85,341,1165,267,1230,1533,2108
5682348,468.02,323.625,459.94,330.075,346,1154,268,1233,1531,2106
5682350,467.38,325.275,460.34,330.075,340,1172,272,1233,1534,2109
5682352,468.02,324,460.34,330.15,346,1158,272,1233,1532,2113
5682354,467.62,324,460.26,329.175,342,1159,270,1223,1534,2115
5682356,467.78,325.65,460.02,330.3,346,1177,268,1236,1535,2111
5682358,467.7,324.375,459.94,329.25,343,1163,267,1225,1535,2113
5682360,467.86,325.125,459.94,329.775,345,1171,267,1230,1535,2112
5682362,467.54,325.8,459.22,329.4,343,1179,260,1227,1538,2112
5682364,468.02,324.825,459.7,329.25,347,1168,264,1226,1537,2115
5682366,467.38,325.125,459.86,329.175,341,1172,266,1224,1530,2112
5682368,466.82,324.75,459.62,328.95,334,1169,263,1222,1539,2115
5682370,466.98,324.975,459.3,329.175,337,1171,260,1225,1541,2118
5682372,467.14,325.05,459.3,329.55,339,1172,260,1230,1533,2116
5682374,466.82,325.05,459.22,329.55,335,1172,260,1230,1541,2119
5682376,467.14,324.675,459.3,329.325,338,1168,261,1227,1541,2120
5682378,467.14,324.6,459.22,328.575,338,1168,259,1219,1538,2121
5682380,467.22,325.05,459.06,328.725,339,1173,258,1221,1541,2123
5682382,467.38,323.55,459.06,329.55,339,1156,258,1230,1538,2118
5682384,467.06,324.225,459.22,328.425,337,1164,259,1218,1540,2121
5682386,467.3,324.3,459.38,329.25,340,1165,262,1228,1542,2126
5682388,466.66,324.45,458.58,329.4,333,1167,253,1230,1544,2123
5682390,467.06,324.675,459.38,328.875,338,1169,261,1224,1541,2125
5682392,467.38,325.275,458.9,328.8,342,1176,256,1224,1545,2128
5682394,467.3,324.525,458.74,328.725,340,1168,255,1223,1544,2135
5682396,467.3,324.45,458.58,328.35,341,1168,253,1219,1542,2130
5682398,466.98,325.8,458.98,328.65,339,1182,258,1222,1544,2130
5682400,467.06,324.3,458.98,328.725,338,1166,258,1223,1541,2125
5682402,467.3,324.075,458.5,328.575,340,1164,253,1222,1542,2127
5682404,467.3,324.825,458.66,328.725,342,1172,254,1224,1543,2130
5682406,467.06,324.75,458.26,328.65,339,1172,250,1223,1549,2135
5682408,466.98,324.3,458.34,329.4,338,1167,252,1231,1547,2135
5682410,466.9,324.375,458.74,329.25,337,1167,256,1229,1549,2140
5682412,466.98,324.375,458.5,328.8,337,1168,253,1225,1545,2137
5682414,466.66,323.4,458.74,329.175,334,1157,256,1228,1551,2143
5682416,466.82,324.6,458.34,328.575,336,1170,251,1223,1546,2142
5682418,466.66,324.9,458.5,328.95,335,1174,253,1227,1542,2142
5682420,466.82,324.6,458.58,328.875,336,1171,254,1226,1551,2148
5682422,466.74,324.375,457.86,328.95,335,1169,247,1227,1548,2141
5682424,466.34,324.675,458.02,329.175,331,1172,249,1230,1552,2147
5682426,466.18,324.525,457.62,329.025,329,1171,244,1229,1554,2151
5682428,465.86,324,457.94,328.5,325,1165,247,1223,1554,2142
5682430,466.1,324.825,457.46,328.2,329,1174,241,1220,1554,2151
5682432,466.18,323.775,457.54,329.1,328,1163,243,1230,1557,2152
5682434,466.1,323.85,457.3,328.05,327,1164,239,1219,1555,2149
5682436,466.18,324.075,457.94,329.475,328,1166,247,1233,1551,2159
5682438,466.18,323.85,457.38,328.575,328,1164,240,1225,1554,2157
5682440,465.46,324.225,457.3,328.2,320,1168,238,1221,1557,2150
5682442,466.02,323.625,457.22,328.425,325,1161,238,1223,1557,2161
5682444,465.38,323.85,457.78,328.5,318,1165,244,1223,1559,2157
5682446,465.78,324.675,457.38,329.025,323,1173,240,1229,1564,2162
5682448,465.94,322.725,457.54,328.35,323,1152,240,1222,1561,2163
5682450,465.54,324.975,456.98,328.5,321,1177,234,1225,1561,2160
5682452,465.38,324.825,457.54,328.5,319,1175,240,1224,1567,2165
5682454,464.74,324.375,457.78,328.5,312,1171,243,1224,1567,2167
5682456,465.14,324.9,457.62,328.05,317,1177,240,1219,1566,2161
5682458,464.98,324.9,457.54,328.8,314,1176,240,1227,1568,2166
5682460,464.5,325.575,457.46,328.725,309,1185,239,1226,1571,2166
5682462,465.06,324.975,457.38,328.125,315,1177,238,1220,1563,2171
5682464,465.22,324.675,457.78,329.1,316,1174,243,1230,1571,2176
5682466,465.14,324.3,458.1,328.575,315,1170,245,1224,1570,2172
5682468,464.58,324.525,457.22,328.2,309,1173,236,1221,1571,2170
5682470,464.74,324.75,457.7,329.25,311,1175,242,1232,1571,2177
5682472,464.26,324.75,457.86,328.5,306,1175,243,1224,1576,2173
5682474,464.9,324.375,457.7,328.8,312,1171,241,1227,1571,2174
5682476,464.98,324.675,458.02,328.725,313,1174,244,1225,1576,2174
5682478,464.9,324.3,457.86,329.025,312,1170,243,1229,1576,2175
5682480,465.3,324.375,457.94,328.8,316,1171,243,1227,1575,2173
5682482,464.66,324.525,457.78,329.175,310,1173,242,1230,1572,2176
5682484,465.22,323.625,458.34,329.625,315,1162,248,1235,1581,2179
5682486,464.98,324.75,458.02,328.575,313,1175,244,1224,1575,2178
5682488,464.82,324.45,457.94,329.85,312,1172,244,1238,1577,2183
5682490,464.9,325.05,458.58,329.025,312,1178,250,1228,1578,2181
5682492,465.06,324.675,457.94,328.65,314,1174,244,1225,1581,2182
5682494,465.38,324.75,457.94,328.575,318,1174,243,1224,1580,2181
5682496,465.38,324.15,457.94,329.55,317,1168,245,1235,1586,2180
5682498,464.66,324.75,457.78,329.25,310,1176,243,1232,1578,2184
5682500,465.46,324.75,457.78,329.85,318,1175,243,1239,1588,2186
5682502,463.78,325.05,458.1,330.15,301,1180,247,1241,1588,2188
5682504,465.54,324.75,457.3,329.85,320,1175,238,1240,1588,2191
5682506,464.66,326.1,458.58,330.375,312,1190,253,1244,1589,2192
5682508,464.42,326.025,458.1,330.525,310,1190,248,1246,1588,2189
5682510,464.9,325.05,456.9,330.15,314,1179,235,1243,1586,2192
5682512,464.98,326.175,457.46,331.05,316,1191,242,1252,1591,2198
5682514,465.06,325.8,457.78,330.15,317,1187,245,1242,1586,2192
5682516,464.82,325.725,457.94,330.075,314,1187,247,1241,1586,2196
5682518,465.46,326.025,457.78,330.825,321,1189,245,1249,1594,2198
5682520,465.54,325.575,457.78,330.975,322,1184,246,1251,1596,2193
5682522,465.06,325.2,458.1,330.375,316,1181,249,1245,1589,2197
5682524,464.9,326.1,457.54,330.525,316,1190,243,1247,1594,2199
5682526,465.38,325.5,457.3,330.675,320,1183,241,1248,1594,2198
5682528,465.3,326.625,457.86,331.2,321,1196,247,1253,1597,2200
5682530,465.38,324.75,456.98,330.15,319,1175,237,1243,1593,2198
5682532,465.46,326.025,457.54,330.45,322,1190,244,1246,1594,2201
5682534,465.94,324.75,458.1,330.3,326,1175,249,1244,1601,2200
5682536,465.94,325.575,457.3,329.55,327,1184,240,1236,1596,2202
5682538,465.94,325.125,457.94,330.15,327,1179,248,1242,1600,2201
5682540,465.78,325.65,457.38,330.6,326,1185,243,1248,1593,2202
5682542,465.62,325.125,457.22,330.675,323,1180,241,1249,1598,2203
5682544,465.86,325.8,456.9,330.525,327,1187,238,1247,1599,2204
5682546,464.9,325.8,457.3,330.3,317,1188,242,1245,1600,2203
5682548,466.74,325.425,457.3,330.6,336,1181,243,1248,1598,2202
5682550,465.54,326.175,457.3,331.35,324,1190,243,1256,1598,2203
5682552,465.3,326.1,457.14,330.375,322,1190,241,1246,1599,2205
5682554,466.02,325.875,457.46,331.05,330,1187,245,1253,1599,2204
5682556,465.7,326.55,457.54,331.125,328,1195,246,1254,1603,2207
5682558,465.94,325.725,457.14,330.6,329,1185,242,1248,1601,2205
5682560,465.86,326.775,457.14,330.375,330,1197,242,1245,1597,2209
5682562,465.54,326.4,457.22,330.9,326,1193,243,1251,1602,2205
5682564,466.02,325.2,457.3,330.825,330,1179,244,1250,1598,2207
5682566,465.86,325.875,457.46,330.825,329,1187,245,1250,1601,2206
5682568,465.62,327,457.7,331.2,328,1200,249,1254,1600,2206
5682570,465.7,325.875,457.14,330.975,328,1187,243,1252,1601,2210
5682572,465.86,326.25,456.98,330.75,330,1191,242,1250,1599,2207
5682574,465.62,326.625,456.9,330.75,328,1195,241,1250,1598,2210
5682576,465.22,327.45,457.06,330.825,325,1204,242,1250,1598,2208
5682578,465.78,326.475,456.82,331.5,330,1194,241,1258,1609,2205
5682580,465.7,325.875,456.82,330.675,328,1187,240,1249,1608,2207
5682582,465.46,326.55,456.42,331.05,327,1194,236,1254,1596,2207
5682584,465.38,327.6,456.9,331.125,327,1206,242,1253,1598,2206
5682586,465.46,326.25,456.74,330.9,327,1192,240,1251,1602,2208
5682588,465.38,327,456.9,331.125,327,1199,242,1253,1603,2206
5682590,465.38,326.325,456.58,330.9,326,1192,238,1251,1592,2211
5682592,465.78,326.475,456.98,331.05,331,1193,242,1253,1599,2206
5682594,465.7,325.35,456.34,330.6,329,1181,235,1248,1598,2206
5682596,465.46,326.4,456.5,330.975,327,1193,238,1253,1596,2210
5682598,464.9,326.025,456.02,331.275,321,1190,233,1256,1599,2209
5682600,465.06,327,456.1,331.05,323,1200,233,1253,1597,2209
5682602,465.62,325.575,456.5,331.125,328,1184,238,1254,1596,2208
5682604,465.22,326.325,456.26,330.675,325,1192,235,1250,1599,2207
5682606,465.14,326.325,456.26,330.825,324,1193,235,1251,1595,2206
5682608,465.54,326.175,455.78,331.05,329,1190,231,1254,1598,2208
5682610,465.62,326.4,455.86,331.275,329,1193,232,1256,1600,2209
5682612,465.22,327,456.18,330.675,326,1200,235,1249,1597,2205
5682614,465.06,325.875,456.5,331.05,323,1188,238,1253,1595,2203
5682616,466.02,326.7,455.78,331.8,334,1196,232,1262,1596,2208
5682618,465.22,327,456.1,331.725,325,1199,235,1261,1595,2208
5682620,466.02,326.7,456.42,331.65,334,1195,238,1259,1593,2202
5682622,465.86,327.15,455.94,331.8,333,1200,233,1262,1592,2202
5682624,465.7,327.9,455.78,331.725,332,1208,231,1261,1592,2206
5682626,465.7,327.45,456.5,331.425,331,1204,239,1257,1591,2200
5682628,465.62,327.525,455.86,331.65,331,1205,232,1260,1591,2206
5682630,465.7,327.525,455.78,331.725,331,1205,231,1261,1591,2203
5682632,465.62,328.2,456.26,331.725,332,1212,236,1261,1592,2203
5682634,465.7,328.275,455.94,331.95,332,1212,234,1263,1591,2202
5682636,465.54,328.8,456.02,331.95,331,1218,234,1263,1593,2206
5682638,465.86,327,456.1,331.725,333,1198,235,1261,1590,2202
5682640,466.02,328.575,456.1,331.725,336,1215,235,1261,1593,2201
5682642,466.34,328.125,456.5,332.25,339,1210,239,1266,1592,2202
5682644,466.1,327.9,455.7,332.55,336,1208,232,1270,1588,2203
5682646,466.34,326.7,455.78,331.875,337,1194,232,1262,1585,2198
5682648,466.18,327.45,456.34,331.425,336,1203,237,1257,1585,2199
5682650,467.38,326.7,456.98,331.35,348,1194,244,1255,1583,2197
5682652,467.94,326.85,456.9,330.6,354,1195,241,1248,1586,2196
5682654,468.98,324.225,457.3,329.475,362,1165,244,1235,1586,2190
5682656,470.34,324.225,457.78,327.975,376,1164,248,1218,1585,2190
5682658,470.82,321.525,457.22,325.725,378,1134,240,1195,1576,2184
5682660,469.62,320.475,457.54,326.25,364,1124,243,1199,1580,2181
5682662,468.9,320.325,456.74,325.65,356,1123,234,1194,1580,2179
5682664,468.66,319.95,455.38,325.35,353,1119,219,1192,1576,2178
5682666,467.62,319.725,454.9,325.125,342,1118,214,1190,1578,2172
5682668,467.7,319.875,455.14,326.4,343,1120,218,1204,1577,2174
5682670,468.42,319.425,454.9,326.025,350,1114,215,1201,1573,2173
5682672,468.66,319.125,455.22,326.55,352,1111,219,1206,1575,2171
5682674,468.42,320.4,455.22,326.85,352,1124,219,1209,1573,2172
5682676,468.5,320.55,455.22,326.7,352,1126,219,1207,1573,2171
5682678,468.18,320.325,455.46,325.95,349,1124,221,1199,1569,2167
5682680,468.18,321.15,455.94,326.475,349,1133,226,1204,1573,2170
5682682,468.98,320.775,456.1,327.3,357,1128,229,1213,1572,2167
5682684,468.82,320.4,455.86,327.15,355,1124,226,1211,1566,2168
5682686,469.06,321.225,455.94,326.475,358,1133,226,1204,1569,2167
5682688,469.3,321.075,456.18,326.55,361,1131,229,1205,1572,2157
5682690,469.22,319.275,455.62,325.725,358,1112,222,1197,1567,2163
5682692,469.14,321.075,455.46,326.175,359,1131,221,1201,1565,2156
5682694,469.94,320.325,456.26,326.25,366,1122,229,1201,1564,2160
5682696,468.98,319.95,455.78,325.425,356,1119,223,1193,1567,2157
5682698,469.54,319.8,455.38,325.875,362,1117,220,1199,1561,2153
5682700,469.78,319.275,455.7,325.95,364,1111,223,1198,1566,2158
5682702,469.46,320.4,455.54,326.625,362,1123,223,1206,1566,2152
5682704,469.38,320.1,455.06,325.8,360,1120,217,1198,1564,2150
5682706,469.38,319.725,455.78,325.65,361,1116,224,1196,1565,2150
5682708,469.62,320.25,455.14,325.65,363,1121,217,1196,1560,2143
5682710,469.54,320.025,455.06,325.65,362,1119,216,1196,1562,2147
5682712,469.22,319.5,455.46,325.65,358,1114,220,1196,1564,2146
5682714,469.3,319.425,454.66,326.1,359,1113,212,1201,1564,2146
5682716,468.98,319.725,454.9,326.4,356,1116,215,1204,1561,2143
5682718,469.38,320.175,454.74,325.35,360,1121,212,1193,1560,2139
5682720,469.06,320.625,454.82,326.475,358,1126,214,1205,1560,2141
5682722,468.9,320.775,454.82,326.175,356,1128,214,1202,1559,2140
5682724,469.22,321.525,453.86,326.025,361,1136,204,1201,1559,2139
5682726,469.46,321.15,454.34,326.7,362,1131,210,1208,1559,2139
5682728,469.22,321.375,454.5,326.55,361,1134,211,1207,1559,2138
5682730,469.46,320.85,454.02,326.7,363,1128,206,1209,1560,2134
5682732,469.46,321.45,454.42,327.225,363,1135,211,1214,1559,2132
5682734,469.06,320.85,454.98,326.925,358,1129,217,1210,1557,2130
5682736,469.46,321.525,453.86,327.3,363,1136,205,1215,1556,2132
5682738,469.06,321.45,454.74,327.45,358,1135,214,1216,1559,2130
5682740,468.58,320.55,454.26,327.675,353,1126,209,1219,1555,2127
5682742,469.54,320.85,454.26,327,363,1128,209,1212,1556,2129
5682744,469.14,320.925,454.42,326.475,359,1130,211,1206,1555,2124
5682746,469.3,321.375,454.42,326.925,361,1134,211,1211,1558,2125
5682748,468.98,320.85,454.82,326.925,357,1129,215,1210,1556,2126
5682750,469.3,320.025,454.34,326.625,360,1119,210,1208,1554,2121
5682752,469.7,320.175,454.26,326.85,365,1121,209,1211,1558,2118
5682754,469.38,320.325,454.58,327.15,361,1123,213,1213,1557,2122
5682756,468.98,320.025,454.42,326.85,357,1120,211,1210,1554,2116
5682758,469.62,319.95,454.42,326.7,364,1119,211,1209,1559,2117
5682760,469.38,319.425,454.66,326.325,361,1114,214,1204,1556,2117
5682762,469.3,319.35,454.34,326.4,360,1113,210,1205,1554,2118
5682764,469.46,319.95,455.14,326.7,363,1119,219,1208,1555,2115
5682766,469.86,319.275,454.74,326.925,366,1111,215,1211,1553,2113
5682768,469.54,318.675,455.06,325.875,363,1105,218,1199,1553,2109
5682770,469.86,320.1,455.38,326.775,367,1120,222,1208,1555,2110
5682772,469.7,319.125,455.3,326.775,365,1110,221,1209,1551,2106
5682774,468.98,319.8,455.3,326.85,358,1118,221,1209,1552,2109
5682776,469.86,319.575,455.46,327.075,367,1115,224,1212,1546,2105
5682778,469.62,319.95,455.14,328.425,365,1119,222,1227,1550,2102
5682780,469.14,320.175,454.98,327.9,362,1122,221,1221,1550,2100
5682782,469.3,319.875,455.14,328.725,363,1119,223,1230,1544,2097
5682784,469.46,320.55,455.22,328.95,365,1126,225,1232,1551,2098
5682786,469.22,321.375,454.9,329.175,364,1135,222,1235,1547,2097
5682788,469.86,320.4,455.62,329.925,370,1124,231,1242,1550,2093
5682790,468.66,320.925,455.3,329.25,359,1131,226,1235,1547,2093
5682792,469.3,321.225,455.3,329.475,366,1134,227,1238,1546,2092
5682794,468.74,321.675,455.46,329.25,360,1139,229,1236,1540,2092
5682796,469.14,320.25,455.54,329.475,364,1123,231,1238,1547,2086
5682798,468.98,320.7,455.7,328.95,362,1128,231,1232,1544,2085
5682800,469.3,321.075,455.62,329.775,367,1132,232,1241,1544,2084
5682802,469.62,320.1,456.1,329.325,369,1121,237,1236,1544,2082
5682804,469.38,321.9,456.1,329.475,369,1141,237,1238,1544,2078
5682806,470.1,321,456.02,330,376,1130,237,1243,1536,2081
5682808,469.54,321.15,455.94,329.325,371,1133,236,1236,1537,2082
5682810,469.46,321.15,456.34,329.325,370,1133,240,1236,1534,2079
5682812,469.86,320.85,456.02,330.075,374,1129,238,1244,1536,2077
5682814,469.62,321.825,456.02,330.225,372,1140,238,1246,1541,2078
5682816,469.86,321.225,455.86,330.45,374,1134,237,1249,1538,2079
5682818,469.62,321.225,456.74,329.4,372,1133,246,1236,1539,2076
5682820,470.02,321.825,456.02,330.075,377,1140,238,1245,1538,2077
5682822,470.34,321.3,455.54,329.925,380,1134,233,1243,1543,2079
5682824,469.54,320.775,456.34,329.55,371,1129,241,1239,1539,2076
5682826,469.3,321.225,455.86,330.45,368,1134,237,1249,1537,2072
5682828,469.06,321.6,456.02,330.225,366,1138,238,1246,1540,2075
5682830,469.3,320.325,455.62,330,367,1124,234,1244,1532,2069
5682832,468.18,321.375,455.46,331.425,357,1137,234,1259,1531,2067
5682834,468.18,320.55,455.46,329.925,356,1128,233,1243,1537,2075
5682836,468.42,320.025,456.02,330.375,358,1121,239,1247,1533,2065
5682838,468.42,319.65,455.54,330.975,358,1117,234,1254,1533,2067
5682840,467.78,320.7,455.7,330.525,352,1129,236,1249,1537,2062
5682842,468.42,319.425,455.54,330.9,357,1115,234,1253,1534,2060
5682844,468.18,319.725,454.98,330.975,355,1117,228,1254,1538,2059
5682846,467.86,321.075,455.14,330.825,353,1132,230,1252,1536,2058
5682848,467.94,320.7,454.9,330.6,353,1127,226,1250,1531,2055
5682850,467.54,320.25,455.46,330.525,349,1123,232,1248,1540,2061
5682852,468.18,319.575,454.82,330.15,354,1115,225,1244,1536,2059
5682854,468.18,318.525,454.34,330.75,353,1104,220,1251,1532,2050
5682856,467.86,318.375,454.74,330.75,349,1101,225,1250,1532,2050
5682858,467.7,318.6,454.58,330.375,347,1104,222,1246,1535,2057
5682860,467.86,319.275,454.5,331.5,350,1111,222,1258,1535,2048
5682862,467.38,318.525,454.74,330,344,1103,223,1241,1530,2056
5682864,467.54,319.8,454.82,330.6,346,1116,224,1247,1533,2052
5682866,467.54,319.425,454.26,330.825,346,1112,218,1250,1530,2048
5682868,467.46,319.5,454.34,331.5,345,1113,220,1257,1534,2043
5682870,467.06,319.725,454.82,330.975,341,1115,224,1250,1526,2046
5682872,467.3,320.7,454.1,332.4,344,1125,217,1266,1530,2044
5682874,467.46,318.9,454.26,332.175,344,1105,219,1264,1530,2045
5682876,466.98,319.95,454.5,331.8,339,1116,221,1258,1528,2042
5682878,467.46,320.55,454.18,331.875,345,1123,218,1259,1528,2045
5682880,467.06,319.95,454.42,332.175,340,1116,220,1262,1531,2042
5682882,466.74,320.325,455.38,332.25,337,1120,230,1262,1528,2041
5682884,467.78,320.55,454.58,332.85,348,1121,221,1269,1526,2041
5682886,467.06,319.125,454.58,332.175,339,1106,221,1261,1529,2039
5682888,467.3,320.775,454.58,332.55,342,1123,221,1265,1522,2037
5682890,466.9,320.475,453.78,332.175,338,1120,213,1262,1526,2043
5682892,467.38,319.125,454.66,332.4,341,1105,221,1263,1526,2039
5682894,466.98,319.5,455.06,331.575,337,1110,225,1254,1525,2041
5682896,466.98,319.35,454.5,332.025,337,1108,219,1259,1527,2039
5682898,467.46,318.975,454.82,332.25,342,1103,223,1261,1526,2036
5682900,467.54,319.35,455.14,331.35,343,1106,225,1250,1525,2042
5682902,467.78,320.025,455.38,331.875,346,1114,228,1256,1522,2037
5682904,468.26,319.5,455.22,332.1,350,1107,226,1258,1525,2035
5682906,467.86,318.9,455.62,331.95,346,1101,231,1256,1520,2034
5682908,467.94,319.425,456.02,332.1,348,1107,235,1257,1520,2037
5682910,467.94,319.05,455.54,331.875,347,1103,230,1255,1516,2035
5682912,468.18,319.425,455.86,331.95,350,1106,233,1255,1520,2031
5682914,468.18,318.675,456.02,331.5,349,1098,235,1250,1525,2032
5682916,468.5,319.275,456.1,332.175,353,1104,236,1257,1521,2035
5682918,468.42,319.425,455.54,331.8,353,1106,230,1254,1524,2035
5682920,468.5,320.925,456.34,332.1,355,1121,239,1256,1518,2031
5682922,468.98,320.925,456.34,332.325,360,1121,240,1258,1523,2029
5682924,468.66,321.75,456.66,332.775,359,1130,243,1262,1521,2028
5682926,468.9,322.65,456.74,333.15,362,1140,245,1267,1520,2025
5682928,469.14,323.925,456.74,334.125,366,1153,246,1277,1519,2022
5682930,469.38,325.425,456.18,334.425,370,1169,241,1281,1519,2026
5682932,469.54,326.4,456.58,335.1,373,1180,246,1288,1515,2025
5682934,469.46,328.2,455.86,335.625,374,1199,239,1294,1518,2024
5682936,469.3,330.075,456.1,336.45,375,1219,243,1303,1512,2027
5682938,468.58,329.775,455.38,336.375,367,1217,235,1303,1511,2030
5682940,468.74,330.975,455.38,336.525,371,1230,235,1305,1514,2029
5682942,468.34,331.2,454.98,336.975,366,1233,232,1310,1515,2035
5682944,468.26,331.725,455.06,336.825,367,1239,234,1308,1516,2030
5682946,468.5,330.75,456.1,336.825,368,1228,244,1307,1513,2029
5682948,468.66,330.675,456.26,336.6,370,1228,246,1305,1513,2023
5682950,468.34,331.275,456.26,336.6,368,1234,246,1305,1514,2025
5682952,468.9,330.525,455.94,336.6,373,1226,244,1306,1512,2026
5682954,468.66,330.9,456.02,336.525,372,1230,244,1305,1509,2026
5682956,468.9,330.75,455.94,336.675,374,1229,244,1307,1512,2024
5682958,469.22,330.375,455.94,336.375,377,1224,244,1304,1512,2027
5682960,468.74,330.825,455.78,336.6,374,1230,243,1307,1510,2025
5682962,468.98,330.6,455.78,336.45,376,1228,243,1305,1510,2027
5682964,469.06,330,455.46,336.6,376,1221,240,1307,1511,2026
5682966,469.3,330.225,455.86,336.375,379,1223,244,1305,1513,2027
5682968,468.9,330.675,456.02,335.925,376,1230,247,1301,1513,2023
5682970,468.98,330.6,455.62,336.825,377,1228,243,1310,1510,2029
5682972,469.06,330.675,456.26,335.7,379,1230,250,1298,1511,2023
5682974,469.06,329.55,455.86,336.225,378,1218,245,1304,1511,2024
5682976,469.14,330.3,455.62,336.45,380,1226,244,1307,1514,2026
5682978,468.58,330.075,456.02,335.925,373,1224,247,1301,1511,2024
5682980,469.14,330.3,455.78,336.3,380,1226,246,1306,1512,2025
5682982,468.66,330.225,455.86,336.525,375,1226,247,1308,1511,2025
5682984,468.5,329.775,456.18,335.625,374,1221,250,1299,1509,2024
5682986,468.5,330.3,455.54,335.85,374,1227,244,1301,1514,2030
5682988,468.66,329.7,455.62,336.375,376,1221,246,1308,1508,2027
5682990,468.5,329.775,455.62,336.225,374,1221,246,1306,1511,2023
5682992,468.42,329.85,455.7,335.625,374,1223,246,1300,1512,2024
5682994,468.9,328.875,455.54,335.925,378,1212,245,1302,1511,2027
5682996,468.42,329.325,455.54,336,374,1217,245,1304,1507,2024
5682998,468.42,329.55,455.62,335.325,374,1220,246,1296,1513,2023
5683000,468.74,328.5,455.14,335.175,377,1208,241,1295,1511,2025
5683002,467.78,327.975,455.54,334.875,366,1203,245,1291,1512,2022
5683004,468.18,328.8,455.14,335.25,372,1212,241,1296,1514,2023
5683006,468.42,327.975,455.22,335.1,374,1203,242,1294,1510,2025
5683008,467.62,327.45,454.74,335.25,365,1198,238,1296,1512,2025
5683010,467.38,328.575,455.14,334.65,364,1210,241,1289,1518,2027
5683012,467.78,327.6,454.9,334.65,366,1199,238,1289,1511,2026
5683014,467.46,328.35,454.9,334.65,364,1208,239,1290,1514,2022
5683016,466.5,328.35,454.66,335.175,354,1208,237,1295,1513,2027
5683018,466.66,327.975,454.66,335.55,355,1204,237,1299,1518,2025
5683020,466.74,328.725,454.74,335.25,357,1212,238,1295,1515,2028
5683022,466.42,327.525,454.9,335.625,352,1199,239,1300,1518,2024
5683024,465.22,328.5,454.74,335.7,341,1211,238,1300,1524,2027
5683026,465.94,328.65,454.74,335.025,348,1212,237,1293,1520,2029
5683028,464.9,327.675,454.74,335.25,337,1203,237,1295,1518,2026
5683030,464.9,328.35,454.5,335.25,337,1209,234,1296,1519,2025
5683032,465.38,328.275,454.26,335.4,341,1208,232,1298,1519,2032
5683034,465.22,328.125,454.1,335.1,340,1207,230,1295,1518,2027
5683036,465.14,328.2,454.34,334.95,339,1208,232,1293,1518,2025
5683038,465.06,327.525,454.34,336.075,337,1201,233,1305,1518,2030
5683040,464.82,327.225,454.74,335.325,334,1197,236,1297,1521,2030
5683042,465.22,327.75,454.66,335.1,338,1203,235,1294,1518,2029
5683044,464.98,328.575,454.5,335.7,336,1212,234,1301,1516,2028
5683046,464.98,328.425,454.1,335.55,336,1211,229,1300,1525,2032
5683048,465.54,328.125,454.34,335.7,341,1207,231,1301,1522,2034
5683050,464.98,328.8,454.26,335.625,336,1215,231,1301,1522,2033
5683052,465.14,328.725,454.42,335.775,337,1214,232,1302,1525,2032
5683054,464.66,327.3,454.18,335.4,331,1199,229,1298,1520,2035
5683056,464.74,328.8,454.26,335.85,332,1216,230,1303,1519,2034
5683058,465.3,328.425,454.74,335.325,338,1211,234,1297,1524,2036
5683060,464.9,327.15,453.94,335.625,332,1198,226,1302,1519,2037
5683062,464.98,327.75,454.5,335.325,334,1204,231,1298,1516,2030
5683064,465.46,327.9,455.14,335.625,338,1205,238,1300,1523,2033
5683066,465.46,327.375,454.18,335.625,338,1200,228,1301,1520,2038
5683068,464.98,327.6,454.98,335.775,333,1203,236,1303,1523,2034
5683070,464.98,328.05,455.22,335.325,334,1208,238,1297,1527,2036
5683072,464.74,327.225,454.58,335.475,330,1199,231,1299,1525,2038
5683074,465.06,327.975,454.42,335.175,334,1207,230,1297,1519,2038
5683076,465.46,327.45,454.5,334.95,337,1202,230,1295,1522,2036
5683078,465.22,326.925,454.58,334.65,334,1195,230,1291,1522,2042
5683080,465.38,327.75,454.82,334.875,337,1204,233,1294,1524,2039
5683082,465.22,327.9,454.9,334.95,335,1207,234,1294,1524,2038
5683084,465.22,327.375,455.14,335.175,334,1201,236,1297,1528,2041
5683086,465.78,327.15,455.22,334.425,340,1198,237,1289,1522,2041
5683088,465.94,327.15,455.46,335.4,342,1199,240,1299,1525,2041
5683090,465.3,327.075,454.9,334.725,335,1198,233,1293,1525,2038
5683092,465.78,327.45,455.62,335.025,340,1202,241,1295,1526,2040
5683094,465.94,327.075,455.7,334.725,342,1198,242,1291,1530,2038
5683096,465.62,327.45,455.3,334.575,338,1202,237,1291,1526,2046
5683098,466.02,327.15,455.86,334.05,342,1198,242,1285,1524,2046
5683100,466.34,328.425,456.1,334.35,347,1212,245,1288,1527,2043
5683102,465.38,326.85,455.7,334.8,335,1196,242,1293,1525,2044
5683104,466.34,328.2,456.26,334.425,347,1210,247,1288,1522,2048
5683106,465.86,328.425,456.26,334.5,342,1213,247,1289,1531,2047
5683108,465.46,327.3,455.7,334.5,337,1201,241,1290,1528,2049
5683110,466.26,328.5,455.86,334.5,346,1213,243,1290,1527,2051
5683112,465.78,327.975,455.78,335.475,341,1208,244,1300,1530,2050
5683114,465.3,328.2,455.62,334.575,336,1211,241,1291,1528,2054
5683116,465.7,328.275,455.46,334.35,340,1212,239,1289,1532,2053
5683118,465.94,327.825,456.26,334.05,342,1206,247,1285,1526,2049
5683120,465.7,328.65,455.78,334.95,341,1216,243,1294,1530,2050
5683122,465.38,328.875,456.02,334.575,338,1218,245,1291,1532,2053
5683124,466.18,328.125,455.94,334.8,345,1209,245,1293,1526,2054
5683126,465.38,327.45,455.78,334.35,337,1203,243,1288,1531,2061
5683128,465.46,327.975,455.3,334.725,338,1208,238,1292,1533,2057
5683130,465.54,326.775,455.78,333.825,337,1195,242,1282,1527,2055
5683132,465.54,328.125,455.46,334.425,338,1209,239,1288,1533,2059
5683134,465.86,327.75,455.38,334.2,341,1204,238,1286,1534,2058
5683136,465.38,327.075,455.78,333.825,336,1197,242,1281,1531,2058
5683138,465.62,327.45,455.62,334.5,339,1201,241,1288,1532,2058
5683140,466.42,326.775,455.3,334.35,346,1192,237,1287,1534,2061
5683142,465.86,326.175,455.62,333.3,339,1186,239,1275,1537,2062
5683144,465.78,326.55,454.74,334.2,339,1190,231,1285,1540,2064
5683146,465.78,326.55,455.46,333.525,339,1190,238,1277,1529,2063
5683148,466.18,326.85,455.14,334.05,343,1192,235,1282,1537,2065
5683150,465.54,326.175,455.7,334.35,336,1186,241,1285,1540,2068
5683152,465.94,325.875,455.3,333.825,340,1181,237,1279,1538,2065
5683154,465.38,327.525,455.06,333.975,336,1200,234,1281,1535,2066
5683156,465.78,326.475,455.38,334.35,339,1187,237,1284,1538,2066
5683158,465.3,326.55,455.7,333.6,333,1188,240,1275,1539,2065
5683160,465.54,327.45,455.54,334.275,337,1197,239,1282,1538,2067
5683162,466.26,325.8,455.54,333.9,343,1178,238,1277,1539,2068
5683164,465.78,326.25,455.7,333.975,338,1183,240,1277,1539,2071
5683166,465.78,327.225,455.62,333.975,339,1193,239,1278,1536,2071
5683168,466.18,326.625,455.7,334.425,342,1186,240,1281,1538,2068
5683170,466.02,326.325,455.7,333.825,340,1183,240,1275,1544,2069
5683172,466.18,326.85,455.62,334.125,342,1188,239,1278,1539,2071
5683174,465.94,325.65,455.94,334.275,339,1174,243,1279,1544,2075
5683176,466.42,326.475,455.62,334.425,344,1182,239,1280,1542,2073
5683178,465.62,326.7,455.94,334.425,337,1186,243,1280,1542,2076
5683180,465.7,326.025,455.7,334.425,337,1177,241,1279,1546,2072
5683182,466.66,325.875,455.86,333.9,346,1175,242,1274,1541,2076
5683184,465.54,327.075,455.7,333.825,337,1188,240,1272,1544,2079
5683186,465.78,325.8,455.94,333.45,338,1174,242,1268,1543,2074
5683188,466.1,325.425,456.02,334.05,341,1169,243,1274,1546,2078
5683190,465.86,326.55,456.02,333.675,339,1182,243,1270,1546,2077
5683192,466.42,325.725,456.18,333.525,344,1172,244,1267,1545,2081
5683194,466.26,325.35,456.26,333.3,342,1168,245,1265,1546,2081
5683196,466.42,326.175,456.02,333.3,344,1176,242,1265,1551,2082
5683198,466.1,325.425,456.42,333.75,340,1168,247,1269,1548,2085
5683200,465.94,325.35,456.42,333.975,338,1167,248,1272,1551,2082
5683202,466.1,325.8,456.34,333,340,1172,246,1261,1549,2084
5683204,466.18,325.575,456.58,333.825,341,1170,249,1270,1548,2086
5683206,466.82,325.8,456.5,333.075,348,1171,248,1261,1549,2087
5683208,466.74,325.575,456.26,333.75,347,1169,246,1269,1554,2084
5683210,466.98,324.975,456.66,333.675,349,1162,250,1267,1547,2085
5683212,466.58,324.825,456.74,332.7,345,1161,250,1256,1550,2090
5683214,466.74,325.35,456.34,332.4,347,1166,245,1254,1553,2092
5683216,466.34,327.675,456.42,333.525,346,1191,247,1266,1547,2091
5683218,467.06,325.575,456.42,333.975,351,1168,248,1270,1552,2088
5683220,466.74,325.425,456.9,333.375,347,1167,252,1263,1552,2095
5683222,466.66,326.55,456.5,334.575,347,1179,249,1277,1553,2093
5683224,466.9,326.175,456.34,334.575,350,1174,247,1277,1553,2094
5683226,466.18,325.5,456.02,333.975,342,1168,244,1271,1554,2096
5683228,466.42,326.55,456.66,334.425,345,1179,251,1275,1556,2093
5683230,466.74,325.8,455.7,333.3,348,1171,240,1264,1553,2102
5683232,466.66,325.8,456.18,333.075,347,1171,244,1261,1555,2101
5683234,466.42,326.1,456.42,333.975,345,1174,247,1270,1556,2103
5683236,466.9,325.95,456.1,333.975,349,1171,245,1271,1560,2100
5683238,466.5,325.05,456.66,333.525,345,1162,250,1265,1562,2107
5683240,466.5,326.625,456.5,333.45,347,1180,248,1264,1559,2101
5683242,466.34,326.85,456.82,333.675,345,1182,252,1267,1562,2115
5683244,466.42,325.875,456.5,334.05,345,1171,249,1271,1564,2108
5683246,466.9,325.725,456.98,333.675,350,1169,254,1266,1563,2117
5683248,466.02,325.5,456.98,332.475,340,1167,253,1253,1562,2112
5683250,466.58,326.325,456.18,333.3,347,1176,245,1263,1561,2110
5683252,466.82,325.5,456.66,333.9,348,1166,250,1269,1563,2116
5683254,466.74,324.9,456.9,331.95,346,1160,251,1247,1560,2113
5683256,466.74,326.025,456.02,333.825,347,1173,243,1269,1561,2116
5683258,466.34,325.575,456.5,332.625,343,1168,247,1255,1564,2115
5683260,466.26,324.525,456.34,333.45,341,1157,245,1264,1562,2119
5683262,465.62,325.65,456.66,333.675,335,1170,250,1266,1564,2119
5683264,465.94,325.125,456.82,332.925,338,1163,250,1258,1567,2119
5683266,465.78,325.875,456.42,333.525,337,1171,247,1265,1567,2120
5683268,466.66,324.975,456.02,333.375,345,1161,243,1264,1567,2117
5683270,465.94,324.375,456.34,333,337,1155,245,1259,1567,2122
5683272,466.5,324.6,456.26,333.45,343,1157,245,1264,1568,2116
5683274,465.14,326.175,456.42,334.05,331,1175,247,1270,1566,2123
5683276,465.46,325.125,456.42,333.375,332,1164,246,1263,1570,2126
5683278,465.7,323.925,456.26,333.825,334,1150,245,1268,1569,2124
5683280,465.46,324.525,456.18,333.6,332,1157,243,1265,1571,2122
5683282,465.06,325.125,455.86,333,328,1164,239,1259,1574,2129
5683284,465.14,324.225,456.58,333.075,328,1154,247,1259,1570,2127
5683286,466.02,324.45,456.26,334.2,337,1155,244,1271,1567,2122
5683288,465.3,324.825,456.02,332.475,330,1160,240,1252,1572,2127
5683290,465.38,323.55,455.7,332.325,329,1146,237,1251,1572,2124
5683292,465.7,324,455.7,333.225,332,1151,236,1261,1572,2132
5683294,464.9,324.075,456.02,331.95,324,1152,239,1247,1573,2132
5683296,464.82,323.85,455.94,332.775,323,1149,239,1256,1571,2126
5683298,465.38,324.375,455.78,332.85,329,1154,237,1257,1576,2127
5683300,465.22,323.925,455.78,331.95,327,1149,236,1246,1569,2127
5683302,465.06,323.925,455.94,332.25,325,1150,238,1249,1572,2128
5683304,465.46,323.925,456.02,331.8,329,1149,238,1245,1575,2127
5683306,465.7,323.325,455.14,331.95,331,1142,229,1247,1574,2126
5683308,464.58,323.7,456.18,331.65,319,1147,239,1242,1575,2125
5683310,465.62,323.55,455.54,332.4,330,1144,233,1251,1575,2128
5683312,465.3,323.7,456.1,331.95,327,1146,238,1245,1578,2133
5683314,465.38,325.35,455.62,331.5,329,1164,232,1241,1571,2131
5683316,464.9,324.3,456.5,332.475,322,1152,242,1250,1572,2130
5683318,465.46,323.325,455.78,333.225,327,1142,236,1259,1574,2134
5683320,465.38,324.75,456.5,332.85,328,1156,243,1254,1572,2133
5683322,465.54,323.925,456.26,331.8,329,1147,239,1243,1574,2127
5683324,466.02,324.15,456.58,332.175,334,1149,243,1246,1573,2131
5683326,466.02,323.4,456.1,331.8,333,1141,237,1243,1575,2127
5683328,465.14,324.375,456.58,330.975,325,1152,241,1234,1569,2123
5683330,465.7,323.85,456.02,331.95,330,1146,236,1244,1579,2124
5683332,465.38,324.525,455.86,331.5,327,1153,235,1240,1570,2122
5683334,464.9,322.275,456.02,331.575,319,1130,236,1240,1575,2125
5683336,466.26,324.525,455.94,331.65,336,1152,235,1241,1572,2121
5683338,466.1,324.15,455.54,331.125,334,1148,231,1236,1572,2125
5683340,464.66,324.525,456.1,331.2,320,1154,236,1235,1576,2118
5683342,465.78,324.75,455.38,332.175,331,1155,230,1247,1572,2122
5683344,465.06,324.675,456.26,331.2,324,1154,238,1235,1569,2118
5683346,465.54,325.275,456.5,332.175,329,1161,242,1246,1569,2116
5683348,464.82,325.275,455.38,332.025,322,1161,230,1245,1572,2125
5683350,465.3,324.675,456.5,331.65,326,1154,242,1240,1567,2119
5683352,465.78,325.425,455.46,332.25,332,1161,231,1247,1568,2117
5683354,466.1,324.9,456.02,331.575,336,1156,236,1239,1569,2117
5683356,465.46,325.05,456.42,331.8,329,1158,241,1241,1567,2114
5683358,465.86,325.2,455.94,331.35,334,1159,236,1237,1567,2116
5683360,465.86,324.975,456.26,331.575,333,1157,240,1239,1563,2116
5683362,465.86,324.15,456.42,331.575,332,1147,241,1238,1570,2115
5683364,466.26,324.375,455.54,331.5,337,1150,232,1238,1566,2112
5683366,466.1,324.825,456.66,331.8,336,1154,244,1240,1567,2113
5683368,465.78,324.525,456.02,331.95,333,1151,238,1243,1562,2114
5683370,465.86,324.9,456.18,331.05,334,1155,238,1232,1567,2111
5683372,466.1,324.825,456.34,331.05,336,1154,241,1232,1565,2110
5683374,465.86,324.525,456.42,331.125,334,1151,242,1233,1558,2111
5683376,466.18,325.5,456.18,331.95,338,1161,240,1242,1558,2107
5683378,466.1,325.875,456.58,331.8,338,1166,244,1240,1561,2108
5683380,466.42,325.95,457.14,331.5,342,1165,250,1236,1554,2103
5683382,467.22,326.55,457.06,332.25,351,1172,250,1244,1555,2101
5683384,468.1,326.025,458.42,331.65,360,1165,264,1236,1561,2104
5683386,470.42,325.05,459.22,331.2,383,1152,272,1231,1563,2108
5683388,471.94,326.475,461.14,331.425,401,1165,293,1231,1563,2102
5683390,476.26,325.425,463.14,330.75,446,1149,313,1221,1564,2100
5683392,477.06,325.65,464.98,330.45,454,1151,333,1216,1569,2098
5683394,479.94,326.175,467.22,330.225,485,1153,355,1211,1565,2097
5683396,480.74,325.65,468.66,330.225,493,1147,371,1209,1566,2098
5683398,480.98,326.175,468.58,330.45,497,1152,370,1212,1566,2095
5683400,480.18,327.825,467.22,331.65,489,1170,358,1227,1567,2089
5683402,478.34,326.4,465.78,331.575,469,1157,343,1227,1565,2092
5683404,476.9,326.25,464.1,331.125,454,1157,325,1224,1558,2093
5683406,476.1,327.075,463.06,331.35,447,1167,314,1228,1560,2094
5683408,476.18,325.2,461.78,330.525,446,1147,300,1220,1559,2094
5683410,475.46,325.575,461.54,330.3,438,1151,298,1218,1557,2094
5683412,474.98,325.875,461.94,330.75,435,1156,303,1222,1557,2092
5683414,474.74,325.875,462.34,330.6,432,1156,307,1220,1551,2091
5683416,474.34,326.475,462.34,330.6,429,1162,307,1220,1555,2089
5683418,474.74,325.8,462.18,330,432,1155,305,1214,1555,2090
5683420,474.5,326.55,462.5,330.6,431,1163,309,1220,1552,2090
5683422,474.58,326.475,461.62,330,431,1162,299,1214,1552,2089
5683424,474.74,326.1,461.94,330.225,433,1158,302,1217,1551,2087
5683426,474.26,325.725,462.1,329.775,427,1155,304,1212,1551,2086
5683428,474.26,325.95,461.54,329.925,427,1157,298,1214,1545,2088
5683430,474.58,325.05,462.1,330.075,430,1147,304,1215,1550,2084
5683432,474.26,325.575,461.54,330.225,427,1152,298,1217,1548,2085
5683434,473.62,326.025,461.22,329.925,421,1158,295,1214,1547,2087
5683436,474.26,326.025,461.46,330,427,1157,297,1214,1550,2080
5683438,473.62,326.925,462.18,330.375,421,1167,305,1218,1547,2086
5683440,473.54,326.4,461.3,329.85,420,1162,295,1213,1547,2090
5683442,473.46,326.25,461.46,330.225,420,1160,297,1216,1546,2085
5683444,473.38,326.775,460.98,329.925,419,1166,292,1214,1544,2087
5683446,473.7,326.475,461.46,330,422,1163,297,1214,1543,2083
5683448,473.46,326.7,460.66,330.375,419,1166,289,1219,1538,2079
5683450,473.38,325.65,460.98,329.625,417,1154,292,1211,1538,2089
5683452,473.3,325.8,461.22,329.925,417,1155,294,1213,1541,2082
5683454,473.22,327.225,461.14,330.45,417,1171,294,1219,1544,2078
5683456,473.22,325.95,461.14,331.2,416,1157,294,1227,1542,2081
5683458,473.14,325.95,460.58,330.75,415,1157,288,1223,1540,2080
5683460,472.9,326.925,460.66,331.2,413,1168,289,1228,1536,2076
5683462,472.98,327.15,460.66,330,414,1170,288,1215,1536,2085
5683464,472.9,326.925,460.58,330.75,413,1168,287,1223,1540,2077
5683466,473.06,327.3,460.34,329.85,415,1172,284,1213,1538,2084
5683468,472.82,326.85,460.98,330.45,411,1167,291,1219,1536,2081
5683470,472.66,327.45,460.74,330.525,411,1174,289,1221,1534,2080
5683472,472.18,327.9,460.26,330.75,405,1179,283,1224,1531,2077
5683474,472.42,327,460.9,330.45,407,1169,290,1219,1530,2079
5683476,472.9,327.075,460.74,330.375,412,1170,288,1219,1535,2076
5683478,472.26,327.825,460.58,330.225,406,1178,286,1217,1533,2076
5683480,472.66,326.325,460.98,330.075,409,1162,290,1215,1534,2079
5683482,472.58,327.75,461.14,330.675,409,1177,292,1222,1530,2072
5683484,471.78,328.125,459.78,329.925,401,1182,276,1215,1529,2074
5683486,472.42,325.575,460.5,329.85,405,1154,284,1213,1533,2078
5683488,472.18,326.925,460.66,330.6,403,1169,286,1221,1532,2076
5683490,471.78,327.75,460.42,330.075,400,1178,283,1216,1523,2077
5683492,472.1,326.925,460.5,329.85,402,1169,283,1214,1531,2079
5683494,471.94,326.775,460.66,329.625,400,1168,285,1211,1529,2077
5683496,471.86,327.6,460.18,330.525,400,1176,280,1221,1529,2075
5683498,472.26,326.625,460.82,329.475,403,1165,286,1209,1526,2078
5683500,471.94,327.075,460.26,329.325,400,1171,279,1208,1528,2076
5683502,471.78,326.775,460.02,329.85,398,1167,278,1214,1524,2077
5683504,472.5,326.175,460.42,329.625,404,1161,282,1211,1528,2079
5683506,471.86,326.175,460.1,329.4,398,1161,278,1209,1529,2074
5683508,471.38,327.75,460.18,329.4,394,1178,278,1209,1524,2076
5683510,471.94,326.55,460.66,330.3,399,1165,284,1218,1527,2075
5683512,471.46,327.225,460.26,329.625,394,1173,279,1211,1527,2073
5683514,471.7,326.925,460.9,329.925,396,1169,286,1214,1526,2073
5683516,471.7,327.375,460.42,330.225,397,1174,281,1217,1522,2070
5683518,471.54,327.15,461.06,330.075,394,1172,287,1216,1524,2076
5683520,471.78,328.35,461.54,330.375,397,1185,292,1218,1520,2071
5683522,471.86,327.225,460.82,329.925,397,1173,284,1214,1521,2076
5683524,472.02,327.75,460.74,330.3,399,1178,284,1218,1525,2076
5683526,471.7,327.375,461.14,330.375,395,1175,287,1218,1523,2070
5683528,471.94,328.125,461.3,331.05,398,1182,290,1225,1523,2074
5683530,472.58,327.3,461.06,330.225,404,1172,286,1217,1522,2078
5683532,472.34,327.675,461.78,330.075,402,1177,293,1215,1522,2075
5683534,471.62,327.3,461.46,329.925,393,1174,289,1214,1520,2078
5683536,472.26,328.425,461.3,330,401,1186,288,1215,1523,2076
5683538,472.34,326.775,461.7,329.775,400,1167,292,1212,1520,2080
5683540,471.78,327.75,461.14,330.15,395,1178,286,1217,1522,2071
5683542,472.1,327.15,460.9,329.1,397,1172,282,1206,1521,2074
5683544,471.78,327.375,461.46,330.075,394,1175,288,1215,1518,2077
5683546,472.26,326.775,461.06,328.95,399,1168,283,1204,1523,2083
5683548,471.78,326.775,461.54,328.95,394,1169,288,1203,1523,2079
5683550,472.26,326.55,460.9,330.075,398,1166,282,1216,1518,2076
5683552,472.42,326.775,461.06,329.625,399,1168,283,1212,1523,2082
5683554,472.18,327,461.06,329.325,397,1171,283,1208,1521,2078
5683556,471.38,327.6,460.42,329.55,389,1179,276,1212,1518,2074
5683558,471.86,325.875,460.58,328.65,393,1159,276,1202,1522,2087
5683560,471.62,327.3,461.22,329.925,390,1175,284,1215,1519,2080
5683562,471.78,327.45,460.58,329.175,393,1176,277,1207,1519,2082
5683564,472.02,327.3,460.9,328.5,394,1175,279,1200,1521,2087
5683566,471.86,327.3,461.3,328.875,393,1175,283,1204,1519,2080
5683568,471.46,328.575,460.66,329.7,389,1190,277,1214,1518,2080
5683570,471.94,326.925,460.9,329.25,393,1171,280,1208,1519,2086
5683572,471.38,327.15,460.9,329.7,387,1174,280,1213,1520,2086
5683574,471.46,327.75,460.98,329.7,389,1180,280,1213,1517,2081
5683576,472.02,327.9,461.54,329.625,394,1181,286,1212,1523,2084
5683578,471.54,327.9,461.86,329.85,389,1182,290,1214,1520,2084
5683580,471.86,328.125,461.22,330,393,1184,282,1216,1522,2080
5683582,471.86,327.45,461.3,329.325,392,1177,283,1208,1516,2088
5683584,471.54,329.1,461.3,329.775,390,1195,283,1214,1521,2086
5683586,471.7,328.05,461.3,329.85,390,1184,283,1214,1520,2082
5683588,472.1,327.225,461.3,329.475,393,1174,283,1210,1523,2089
5683590,471.54,327.675,461.14,329.325,388,1180,280,1209,1517,2093
5683592,471.78,327.3,460.82,328.875,390,1176,276,1204,1518,2091
5683594,472.26,327.15,461.38,328.575,395,1173,282,1201,1522,2093
5683596,471.86,327.375,461.46,328.2,391,1176,282,1197,1519,2089
5683598,471.86,327.375,461.22,328.05,391,1176,279,1195,1519,2093
5683600,472.82,326.025,460.66,328.65,399,1160,274,1202,1523,2095
5683602,472.26,325.575,461.38,328.35,393,1156,281,1198,1520,2094
5683604,472.66,326.4,461.14,328.2,398,1165,279,1197,1522,2092
5683606,472.9,325.05,460.98,327.525,399,1150,276,1190,1525,2102
5683608,472.42,325.35,461.62,327.45,395,1153,283,1188,1525,2100
5683610,472.26,325.95,461.3,327.375,393,1160,280,1188,1525,2101
5683612,472.34,325.575,460.9,327.45,394,1156,276,1189,1526,2101
5683614,472.74,324.225,461.86,326.85,396,1141,285,1182,1523,2102
5683616,472.5,324.825,461.62,326.85,395,1148,283,1181,1524,2100
5683618,472.5,324.825,461.86,326.175,395,1147,285,1174,1526,2102
5683620,472.9,325.65,461.78,326.475,401,1156,285,1177,1526,2104
5683622,472.66,325.2,462.1,327.075,397,1151,288,1184,1525,2107
5683624,472.34,325.65,461.7,327.6,394,1157,285,1189,1528,2105
5683626,472.9,326.475,461.7,327.525,401,1165,284,1189,1531,2106
5683628,472.66,326.025,462.42,327.225,399,1161,292,1185,1528,2107
5683630,472.66,327.075,462.5,327.675,400,1172,294,1190,1530,2109
5683632,472.34,327.45,461.3,328.2,397,1177,282,1197,1530,2109
5683634,472.66,327.525,462.34,327.3,400,1177,291,1186,1530,2113
5683636,472.34,328.425,462.26,327.975,398,1187,292,1193,1529,2119
5683638,472.34,327.675,462.34,327.9,397,1179,292,1193,1529,2118
5683640,472.9,327.45,462.02,328.5,404,1176,290,1200,1529,2108
5683642,472.58,329.025,462.9,328.35,402,1194,299,1198,1530,2117
5683644,473.06,327.225,462.34,328.875,405,1175,294,1204,1529,2116
5683646,472.18,328.8,462.58,328.275,397,1192,296,1197,1528,2121
5683648,472.74,328.125,462.18,328.575,403,1184,293,1201,1528,2119
5683650,472.82,329.1,462.26,328.95,405,1195,294,1205,1531,2117
5683652,473.3,328.65,462.9,328.275,410,1190,301,1197,1530,2121
5683654,473.54,327.9,462.82,328.65,412,1182,300,1201,1535,2125
5683656,473.14,329.1,463.14,328.35,410,1196,303,1198,1532,2124
5683658,473.38,328.5,462.18,328.65,411,1189,294,1203,1531,2124
5683660,473.62,328.65,462.58,327.825,414,1190,297,1194,1533,2126
5683662,473.46,328.275,462.74,328.65,412,1186,300,1202,1530,2125
5683664,473.06,329.025,462.26,328.425,409,1195,295,1201,1535,2129
5683666,473.38,328.35,462.58,328.425,411,1188,298,1201,1534,2135
5683668,473.06,328.5,462.82,327.9,409,1190,301,1195,1530,2132
5683670,473.22,328.5,462.42,328.275,410,1190,297,1200,1536,2131
5683672,473.46,327.9,462.42,327.975,412,1184,297,1197,1539,2135
5683674,473.22,328.575,462.58,328.2,410,1191,298,1199,1537,2134
5683676,472.9,329.475,462.34,329.55,408,1201,297,1214,1534,2140
5683678,473.46,327.45,461.94,328.35,412,1178,291,1201,1542,2138
5683680,472.82,327.9,461.7,327.675,406,1184,289,1194,1542,2136
5683682,472.18,328.35,461.62,329.1,400,1190,289,1209,1538,2144
5683684,473.54,326.55,461.78,328.875,412,1168,291,1207,1538,2145
5683686,472.18,326.4,461.3,327.825,397,1168,284,1196,1542,2142
5683688,471.46,327.525,461.3,328.575,391,1181,286,1204,1545,2144
5683690,472.34,326.55,461.38,327.825,399,1169,285,1196,1545,2147
5683692,472.26,326.175,460.98,327.225,397,1165,280,1189,1548,2154
5683694,471.38,326.85,461.06,327.375,389,1174,281,1190,1545,2151
5683696,472.5,325.725,460.74,327.825,400,1159,278,1195,1547,2150
5683698,471.3,325.5,461.06,326.925,387,1158,281,1185,1552,2151
5683700,471.22,325.95,461.06,328.2,385,1162,281,1198,1557,2153
5683702,471.54,324.75,460.34,327.45,388,1149,273,1191,1555,2157
5683704,471.06,325.575,460.42,327.675,384,1158,274,1193,1553,2158
5683706,470.98,327,460.34,327.675,384,1173,273,1193,1556,2155
5683708,471.22,324.825,460.18,327.825,384,1149,271,1194,1556,2160
5683710,471.22,325.8,460.74,327.375,385,1159,276,1188,1560,2157
5683712,471.54,326.55,460.58,327.75,389,1166,274,1192,1556,2160
5683714,471.22,326.175,460.42,327.6,384,1162,273,1190,1553,2160
5683716,471.06,325.875,460.58,328.35,382,1159,275,1197,1561,2167
5683718,470.82,325.95,460.42,328.425,380,1160,273,1198,1558,2169
5683720,470.98,326.625,459.94,328.5,381,1166,268,1198,1552,2167
5683722,470.74,326.625,460.26,327.975,379,1166,270,1193,1562,2167
5683724,470.58,326.1,460.34,329.025,376,1160,272,1203,1562,2173
5683726,470.26,327.225,460.34,328.875,374,1173,271,1201,1560,2174
5683728,470.74,327.45,460.74,328.575,378,1173,274,1197,1557,2168
5683730,471.06,326.025,460.18,328.95,380,1158,269,1202,1560,2174
5683732,470.34,327.15,460.1,329.925,374,1170,268,1212,1566,2182
5683734,471.22,326.85,459.94,330,383,1166,267,1212,1560,2184
5683736,469.78,327.225,460.18,329.475,367,1171,269,1206,1563,2184
5683738,470.9,326.925,460.1,329.85,378,1167,269,1210,1563,2184
5683740,471.22,327.3,460.1,329.4,382,1170,268,1205,1565,2185
5683742,470.74,326.475,460.18,329.325,376,1161,268,1204,1564,2186
5683744,470.9,326.025,460.1,329.775,377,1156,267,1209,1569,2184
5683746,471.3,326.1,459.86,329.175,381,1156,264,1202,1566,2187
5683748,470.9,327,460.1,330.075,377,1166,268,1212,1571,2189
5683750,471.14,326.7,460.34,329.25,380,1163,269,1202,1569,2193
5683752,471.14,326.325,460.18,329.175,380,1159,267,1201,1569,2189
5683754,471.22,326.4,460.42,329.7,380,1159,270,1207,1567,2193
5683756,471.86,325.575,460.9,329.4,386,1149,275,1203,1569,2196
5683758,471.62,325.725,460.66,329.1,383,1151,272,1200,1572,2192
5683760,471.3,326.7,460.66,329.4,381,1162,272,1203,1570,2198
5683762,472.26,325.875,460.82,329.325,390,1152,274,1202,1571,2196
5683764,472.18,325.35,461.06,329.7,389,1147,277,1206,1569,2200
5683766,471.86,326.25,461.22,329.55,386,1157,278,1204,1569,2201
5683768,472.02,326.025,461.46,328.875,388,1154,280,1196,1571,2202
5683770,472.82,326.025,461.46,329.25,396,1154,280,1201,1576,2204
5683772,472.42,326.85,461.54,329.925,394,1163,282,1208,1572,2204
5683774,473.14,325.5,461.46,329.625,400,1147,281,1205,1571,2207
5683776,472.18,326.25,461.46,329.55,391,1156,282,1204,1577,2205
5683778,472.9,326.55,461.22,329.925,399,1159,280,1209,1575,2210
5683780,472.26,326.175,461.54,329.7,392,1156,283,1207,1577,2209
5683782,471.94,326.775,461.22,330.225,390,1163,280,1212,1578,2205
5683784,472.34,327.3,461.54,329.925,395,1169,284,1209,1575,2212
5683786,472.74,325.875,461.62,330.375,397,1153,285,1214,1577,2216
5683788,472.9,326.475,461.38,330.225,400,1159,283,1212,1579,2215
5683790,472.18,326.475,461.7,330,393,1161,287,1210,1578,2219
5683792,472.82,327.075,461.86,330.225,401,1166,289,1213,1580,2221
5683794,472.98,327.675,461.78,329.55,403,1173,287,1206,1574,2216
5683796,472.66,327.075,461.7,330.375,400,1167,288,1215,1579,2218
5683798,473.62,325.575,461.86,330.15,408,1150,289,1212,1585,2220
5683800,473.38,325.575,461.94,329.775,407,1151,291,1209,1583,2222
5683802,472.82,327.225,462.18,330,403,1169,294,1211,1580,2221
5683804,472.9,325.575,461.94,329.775,403,1152,292,1209,1587,2221
5683806,473.06,327.075,461.86,329.7,406,1168,291,1208,1580,2222
5683808,473.3,327,461.78,329.775,409,1167,291,1210,1585,2221
5683810,473.54,325.875,462.34,329.475,411,1155,297,1206,1583,2224
5683812,473.14,327.225,462.34,329.25,409,1170,298,1205,1589,2222
5683814,473.22,326.7,462.02,329.325,410,1164,295,1206,1587,2222
5683816,473.14,326.775,462.26,329.625,410,1166,299,1209,1590,2226
5683818,472.74,327.825,462.34,329.175,407,1177,299,1204,1589,2225
5683820,472.98,327.45,462.18,329.1,410,1173,298,1204,1587,2227
5683822,473.54,327.15,461.94,329.7,415,1170,296,1210,1587,2225
5683824,473.46,327,462.18,329.625,415,1169,299,1210,1586,2231
5683826,473.46,327.375,462.34,329.25,415,1173,301,1206,1585,2230
5683828,473.46,327.15,462.18,329.175,416,1171,299,1205,1586,2228
5683830,473.3,325.875,462.1,329.325,413,1157,298,1206,1597,2227
5683832,473.14,327.15,462.42,328.95,413,1171,302,1202,1596,2229
5683834,473.3,326.925,462.5,329.325,415,1169,304,1206,1597,2232
5683836,472.66,326.1,461.94,328.8,408,1160,298,1201,1593,2229
5683838,472.66,327.45,462.1,329.025,410,1175,300,1203,1598,2229
5683840,472.5,327.3,461.54,328.725,408,1173,295,1201,1596,2228
5683842,473.38,325.575,461.38,328.95,415,1153,293,1203,1591,2227
5683844,472.98,325.95,461.38,328.2,412,1158,293,1195,1594,2228
5683846,473.06,324.45,462.02,327.675,412,1142,299,1189,1595,2227
5683848,472.5,325.2,461.78,327.825,407,1150,297,1191,1598,2225
5683850,473.14,325.575,461.62,328.2,414,1153,295,1195,1603,2231
5683852,472.98,323.55,461.62,327.525,410,1131,295,1187,1597,2226
5683854,472.82,322.35,461.62,327.825,407,1119,295,1190,1590,2228
5683856,473.38,323.775,461.62,327.825,414,1133,295,1190,1596,2227
5683858,473.06,323.475,461.22,328.5,410,1130,291,1198,1596,2229
5683860,472.9,324.9,461.54,327.9,411,1145,294,1190,1600,2227
5683862,472.98,323.775,461.06,328.125,410,1133,289,1193,1595,2228
5683864,472.74,324.225,461.38,328.2,409,1138,293,1194,1596,2228
5683866,471.78,325.125,461.46,327.975,399,1148,294,1191,1602,2230
5683868,472.82,325.275,460.9,328.2,410,1149,289,1193,1599,2228
5683870,472.82,323.85,460.9,328.2,409,1133,288,1194,1597,2227
5683872,471.94,325.575,461.3,327.825,401,1152,292,1189,1600,2227
5683874,472.18,326.4,459.94,328.275,405,1161,278,1195,1598,2231
5683876,472.18,324.9,460.98,328.725,403,1144,290,1198,1599,2227
5683878,471.22,326.1,460.18,328.5,395,1158,282,1197,1601,2230
5683880,471.78,325.05,460.42,328.2,400,1147,283,1193,1602,2228
5683882,472.1,324.75,460.5,328.575,403,1143,285,1197,1601,2229
5683884,472.18,324.6,460.9,327.975,403,1141,287,1190,1596,2228
5683886,470.98,326.175,460.26,328.575,392,1159,281,1197,1597,2227
5683888,472.1,325.05,460.34,328.425,402,1145,282,1195,1597,2228
5683890,471.54,325.8,460.1,327.675,397,1154,279,1188,1600,2229
5683892,472.18,325.875,460.02,328.875,404,1154,279,1200,1602,2232
5683894,471.62,326.625,460.34,328.5,399,1163,282,1196,1603,2234
5683896,471.3,327.225,460.34,328.5,396,1170,282,1196,1605,2229
5683898,471.7,326.55,459.78,328.95,399,1162,277,1201,1599,2231
5683900,471.94,326.7,460.18,328.95,402,1163,281,1200,1600,2230
5683902,471.22,327.15,459.94,328.125,395,1169,278,1192,1599,2231
5683904,471.7,326.85,459.54,328.725,399,1166,274,1199,1601,2228
5683906,471.62,326.775,460.74,328.65,399,1164,286,1197,1603,2228
5683908,471.7,327.225,459.62,328.575,399,1170,274,1198,1598,2230
5683910,471.54,326.55,459.62,328.65,397,1163,274,1198,1600,2227
5683912,471.7,327.075,460.26,328.35,399,1168,280,1195,1600,2229
5683914,471.7,326.85,459.86,328.125,398,1166,275,1192,1599,2230
5683916,470.82,327.675,460.26,328.65,390,1176,280,1198,1603,2226
5683918,470.9,327.3,459.78,328.575,391,1171,275,1198,1603,2227
5683920,471.86,326.85,459.38,328.725,400,1166,271,1200,1602,2225
5683922,471.06,327.525,459.54,327.825,392,1174,272,1190,1603,2225
5683924,471.94,326.7,459.38,328.575,401,1164,271,1199,1602,2227
5683926,471.7,326.25,459.78,328.875,398,1160,275,1201,1598,2226
5683928,470.9,326.925,460.26,328.275,390,1168,279,1195,1605,2225
5683930,472.02,326.925,459.3,327.9,402,1167,269,1192,1603,2228
5683932,471.7,327.45,460.42,328.275,399,1173,281,1195,1604,2224
5683934,471.14,326.925,460.42,328.125,392,1168,281,1193,1603,2226
5683936,471.78,327.225,460.42,328.275,399,1171,281,1195,1602,2224
5683938,472.26,326.7,460.02,328.275,403,1165,277,1196,1602,2225
5683940,471.38,327.3,460.58,328.875,395,1172,283,1201,1599,2220
5683942,471.14,327,459.62,328.2,392,1170,272,1195,1598,2224
5683944,471.14,327.375,460.26,328.2,393,1174,279,1195,1602,2225
5683946,472.26,326.85,459.94,328.125,404,1167,276,1194,1599,2224
5683948,471.38,327.225,460.42,328.5,395,1172,282,1198,1604,2220
5683950,471.7,327.45,460.34,328.2,398,1175,280,1195,1603,2221
5683952,471.94,328.05,459.86,328.575,402,1180,275,1199,1603,2225
5683954,472.18,326.55,460.42,328.5,403,1164,282,1198,1597,2223
5683956,471.62,327.525,460.42,328.575,398,1175,282,1199,1604,2217
5683958,471.62,328.125,459.54,328.425,399,1182,273,1198,1602,2222
5683960,471.3,327.45,460.26,329.175,395,1175,281,1206,1604,2222
5683962,471.06,327.675,459.54,329.175,392,1178,273,1206,1604,2217
5683964,471.46,326.85,459.94,329.475,396,1168,278,1210,1599,2225
5683966,471.06,327.975,459.94,329.025,393,1181,278,1205,1602,2220
5683968,471.06,327.375,459.94,328.425,393,1174,277,1198,1601,2217
5683970,470.98,327.825,459.78,329.025,392,1180,275,1205,1603,2220
5683972,471.38,327,460.18,328.8,396,1170,280,1202,1602,2219
5683974,471.06,326.925,460.02,328.35,392,1170,277,1197,1602,2217
5683976,471.14,327.675,459.86,328.575,394,1178,277,1200,1606,2221
5683978,471.38,325.95,460.18,328.575,395,1158,280,1200,1600,2213
5683980,470.42,327.3,459.78,328.35,387,1174,275,1197,1603,2211
5683982,471.22,326.7,460.1,328.05,394,1167,279,1193,1600,2220
5683984,471.3,326.4,460.02,328.5,395,1163,278,1198,1600,2214
5683986,471.06,326.25,460.1,327.6,392,1162,279,1188,1603,2214
5683988,471.38,325.725,459.94,328.425,395,1156,277,1198,1601,2214
5683990,471.7,325.725,460.1,327.6,398,1155,279,1188,1603,2214
5683992,470.98,325.65,459.78,327.525,391,1155,275,1187,1598,2213
5683994,471.7,325.95,460.02,327.75,398,1157,278,1190,1597,2213
5683996,472.18,325.8,459.86,327.525,404,1154,276,1187,1601,2209
5683998,471.22,324.675,460.02,327.6,392,1143,278,1187,1602,2211
5684000,471.22,325.425,460.18,328.05,394,1151,280,1192,1605,2214
5684002,472.26,324.075,460.1,328.125,403,1135,280,1193,1599,2209
5684004,471.3,326.025,460.1,328.125,395,1157,279,1191,1600,2209
5684006,472.02,325.35,460.34,327.825,402,1148,282,1188,1600,2211
5684008,472.18,324.675,460.42,328.2,403,1141,283,1191,1599,2207
5684010,471.14,325.35,460.58,327.6,393,1149,284,1185,1600,2208
5684012,471.94,325.2,460.74,327.9,401,1146,287,1187,1603,2207
5684014,471.78,325.05,461.06,327.525,399,1144,289,1183,1604,2209
5684016,471.78,324.9,460.66,327.675,399,1142,285,1184,1600,2208
5684018,471.62,324.375,461.14,327.525,397,1136,290,1183,1598,2209
5684020,471.7,325.275,460.18,328.275,399,1146,281,1191,1598,2209
5684022,472.18,325.125,461.38,328.05,404,1144,294,1187,1600,2206
5684024,471.06,325.8,460.58,328.2,393,1152,285,1189,1606,2204
5684026,471.86,325.2,460.82,328.8,401,1144,289,1196,1597,2209
5684028,471.06,325.8,460.82,328.725,393,1151,288,1194,1602,2211
5684030,471.54,325.5,461.3,327.75,398,1147,292,1183,1598,2205
5684032,471.3,325.425,460.58,328.5,395,1146,286,1191,1596,2209
5684034,471.94,323.325,460.58,328.425,400,1122,286,1190,1592,2204
5684036,471.22,325.575,460.9,327.9,395,1147,289,1184,1599,2203
5684038,471.78,324.45,460.82,328.875,400,1135,289,1194,1596,2208
5684040,472.1,324.45,460.9,328.125,403,1134,289,1186,1599,2204
5684042,471.54,324.825,460.82,327.75,398,1139,288,1182,1600,2199
5684044,471.78,324.225,460.82,327.375,399,1132,288,1178,1594,2199
5684046,471.54,324.975,460.74,327.9,397,1140,287,1183,1597,2202
5684048,471.46,324.15,460.9,328.05,396,1131,290,1185,1599,2202
5684050,472.02,324.525,460.58,327.45,402,1134,285,1179,1594,2196
5684052,470.5,326.1,460.66,327.75,389,1153,287,1182,1603,2197
5684054,471.38,325.35,460.9,328.725,397,1144,290,1192,1597,2205
5684056,471.3,324.75,460.5,328.05,396,1137,286,1185,1595,2199
5684058,471.7,325.5,461.06,328.875,400,1145,292,1193,1599,2202
5684060,471.38,326.4,461.06,329.25,399,1155,294,1198,1600,2206
5684062,471.54,325.05,460.82,328.275,399,1140,290,1188,1596,2196
5684064,471.62,324.675,461.38,328.425,399,1137,296,1188,1596,2199
5684066,471.3,325.65,461.38,329.25,397,1148,297,1197,1599,2205
5684068,470.82,325.5,461.06,329.025,393,1146,293,1195,1601,2204
5684070,470.74,326.475,460.58,328.5,393,1157,288,1190,1599,2197
5684072,470.66,326.1,460.9,329.175,392,1153,293,1197,1599,2204
5684074,471.46,325.8,461.22,328.05,400,1149,294,1184,1598,2198
5684076,471.38,325.2,461.06,328.575,399,1143,293,1191,1599,2198
5684078,471.3,325.725,460.58,329.625,398,1149,289,1203,1595,2200
5684080,471.14,325.8,461.14,328.95,397,1150,295,1195,1599,2201
5684082,470.98,325.95,460.82,328.275,395,1152,291,1188,1602,2197
5684084,471.06,327.075,460.58,329.25,397,1165,289,1199,1600,2198
5684086,470.58,326.4,460.82,327.975,392,1158,291,1185,1603,2194
5684088,470.34,326.1,460.26,328.65,389,1155,285,1193,1597,2197
5684090,470.58,326.775,460.74,328.575,392,1162,290,1192,1599,2194
5684092,471.3,325.65,460.18,329.55,399,1149,286,1203,1599,2196
5684094,470.02,326.175,460.5,328.35,386,1157,288,1190,1601,2192
5684096,470.9,326.55,460.34,329.4,395,1160,287,1203,1596,2197
5684098,470.66,325.2,460.58,328.65,391,1146,288,1194,1597,2192
5684100,470.74,326.325,460.26,328.8,393,1158,285,1197,1598,2194
5684102,470.42,325.275,460.42,329.625,388,1148,288,1205,1596,2195
5684104,470.1,326.325,460.26,328.8,386,1160,285,1197,1596,2193
5684106,470.5,326.025,460.1,328.425,390,1156,283,1193,1599,2189
5684108,470.18,327,460.5,329.7,387,1167,288,1207,1596,2200
5684110,470.74,325.875,460.1,328.425,392,1154,283,1193,1598,2190
5684112,469.78,325.725,460.18,328.425,381,1154,283,1194,1603,2187
5684114,470.02,326.1,460.34,328.8,384,1157,285,1198,1601,2188
5684116,469.78,327.375,460.02,328.5,382,1172,280,1195,1593,2196
5684118,470.58,324.975,460.34,327.975,388,1145,284,1189,1594,2189
5684120,469.94,325.8,460.18,328.65,382,1155,282,1197,1601,2188
5684122,469.86,326.55,460.74,328.575,381,1163,288,1195,1593,2191
5684124,469.7,326.475,460.1,328.275,379,1162,280,1193,1596,2188
5684126,470.1,325.575,460.1,328.35,383,1152,280,1193,1602,2188
5684128,469.86,326.475,460.18,328.125,380,1162,281,1191,1591,2187
5684130,470.18,324.75,459.7,327.9,382,1143,275,1189,1586,2186
5684132,469.7,324.9,460.18,328.05,377,1145,280,1190,1596,2184
5684134,470.26,325.65,460.42,328.275,384,1153,283,1192,1592,2183
5684136,469.78,324.975,460.26,328.125,378,1146,281,1190,1592,2186
5684138,469.78,324.9,460.34,328.2,378,1145,282,1192,1593,2186
5684140,469.86,324.9,460.58,328.5,378,1145,284,1195,1597,2186
5684142,470.02,324.6,460.5,328.575,380,1142,284,1196,1584,2185
5684144,469.94,324.6,460.42,328.725,379,1142,282,1197,1592,2189
5684146,470.26,324.225,460.34,328.125,381,1137,281,1191,1589,2185
5684148,469.94,325.5,460.5,328.275,379,1152,283,1192,1598,2186
5684150,470.42,326.25,460.98,328.5,384,1159,288,1194,1595,2184
5684152,470.58,325.575,460.58,328.275,386,1151,283,1191,1597,2187
5684154,470.42,324.825,460.9,328.575,383,1143,287,1194,1601,2186
5684156,469.94,325.575,460.34,328.875,379,1152,282,1199,1598,2185
5684158,470.74,324.75,460.66,328.35,386,1143,284,1192,1591,2185
5684160,470.42,326.25,460.58,329.25,384,1159,284,1202,1596,2186
5684162,470.1,324.075,460.5,329.4,379,1136,284,1204,1592,2191
5684164,469.94,326.1,460.9,328.875,379,1158,287,1198,1598,2184
5684166,470.18,325.275,460.58,328.725,381,1149,283,1196,1602,2187
5684168,470.18,326.175,460.74,328.95,382,1158,285,1199,1597,2187
5684170,470.66,324.675,460.18,329.325,385,1141,281,1204,1593,2189
5684172,470.5,326.175,460.9,329.4,385,1158,288,1204,1601,2187
5684174,470.66,325.725,460.66,329.025,386,1153,285,1199,1596,2188
5684176,470.82,325.425,460.74,328.95,388,1150,286,1199,1595,2186
5684178,470.98,326.025,460.82,329.175,390,1156,287,1201,1604,2187
5684180,470.66,325.875,460.82,330.075,386,1154,287,1210,1596,2190
5684182,470.9,325.125,461.14,328.875,388,1146,290,1197,1601,2188
5684184,470.82,324.45,460.66,329.625,387,1139,286,1206,1599,2185
5684186,470.34,326.025,461.06,329.025,384,1156,289,1199,1600,2184
5684188,470.58,325.725,461.22,328.875,386,1153,291,1197,1599,2188
5684190,469.94,325.2,461.06,329.475,378,1148,290,1204,1601,2189
5684192,470.58,326.175,461.46,330.075,386,1158,294,1210,1598,2187
5684194,471.14,325.5,460.9,329.25,391,1150,288,1202,1600,2188
5684196,470.26,324.825,461.06,330.375,382,1144,291,1213,1601,2187
5684198,470.9,325.725,460.82,330.525,389,1153,289,1215,1603,2197
5684200,470.34,327,461.86,330.525,385,1167,299,1214,1605,2189
5684202,470.02,325.35,461.14,330,380,1150,291,1210,1602,2185
5684204,469.86,326.175,461.14,330.15,379,1159,292,1211,1606,2195
5684206,470.42,325.275,461.3,329.55,384,1148,293,1205,1607,2185
5684208,470.58,325.35,461.3,330.6,386,1149,294,1216,1606,2184
5684210,470.34,326.325,461.38,330.75,384,1160,295,1218,1602,2193
5684212,469.94,325.725,461.22,330.075,380,1154,293,1211,1607,2193
5684214,470.42,325.35,461.14,330.225,385,1150,292,1212,1601,2189
5684216,469.62,325.35,461.06,330.45,377,1150,292,1215,1608,2192
5684218,469.78,326.025,461.38,330.45,379,1157,296,1215,1608,2193
5684220,469.94,326.625,461.54,330.15,382,1164,297,1212,1601,2194
5684222,469.78,325.275,461.3,330.6,378,1150,295,1217,1611,2192
5684224,470.1,326.025,461.06,330.75,383,1157,293,1218,1608,2194
5684226,470.18,325.5,461.62,330.525,384,1151,299,1215,1611,2198
5684228,470.1,325.65,461.14,330.45,382,1153,294,1215,1610,2194
5684230,469.7,325.275,461.06,331.05,378,1150,294,1222,1607,2195
5684232,470.18,325.5,461.38,330.975,384,1152,297,1220,1608,2196
5684234,469.54,325.575,461.3,330.45,377,1153,295,1215,1608,2193
5684236,469.22,324.75,460.5,330.6,373,1145,288,1218,1608,2195
5684238,470.34,324.15,461.14,330.225,384,1137,294,1213,1608,2196
5684240,469.62,325.425,461.22,330.375,378,1152,295,1214,1611,2191
5684242,469.7,324.675,460.9,330.075,378,1143,292,1212,1610,2195
5684244,469.86,324.525,461.06,330.6,379,1142,293,1217,1607,2195
5684246,469.78,324.45,460.66,330.525,379,1141,290,1217,1607,2197
5684248,469.7,325.275,461.38,330.75,379,1150,297,1218,1612,2194
5684250,468.9,325.5,461.3,330.6,371,1154,296,1217,1613,2194
5684252,469.94,324.45,461.14,330.45,381,1141,295,1215,1612,2199
5684254,469.86,324.975,460.98,330,381,1147,292,1211,1614,2198
5684256,468.98,325.125,461.14,330.075,372,1150,295,1211,1610,2196
5684258,469.62,324.75,460.58,330.6,378,1145,289,1218,1614,2200
5684260,469.22,325.125,460.9,330.45,374,1149,292,1216,1616,2195
5684262,469.38,324.225,461.06,330.15,375,1140,294,1213,1610,2198
5684264,470.1,324.075,460.82,330.525,383,1137,291,1217,1610,2204
5684266,469.22,323.625,461.06,330.3,373,1133,294,1214,1616,2200
5684268,468.74,324.15,460.98,330.15,368,1140,293,1213,1613,2200
5684270,469.94,324.075,460.58,330.825,381,1137,289,1221,1613,2200
5684272,469.38,324.225,461.22,330.9,375,1140,296,1221,1615,2200
5684274,468.58,324.675,461.22,330.45,367,1146,295,1216,1618,2199
5684276,469.3,324.825,461.3,330.975,375,1146,297,1222,1617,2204
5684278,469.46,324.15,460.98,330.525,376,1139,294,1217,1620,2203
5684280,468.74,323.85,461.06,330.225,368,1137,294,1214,1616,2204
5684282,469.3,323.85,461.14,330.6,374,1136,295,1218,1617,2206
5684284,468.58,323.625,461.38,330.825,367,1135,298,1220,1617,2203
5684286,469.06,324.15,461.46,330.15,372,1140,298,1213,1619,2206
5684288,469.3,323.625,460.82,331.425,374,1134,293,1228,1619,2210
5684290,468.82,324.225,460.9,330.75,370,1141,293,1220,1626,2206
5684292,468.58,324.45,460.98,330.6,368,1144,294,1219,1621,2207
5684294,469.3,323.4,460.98,331.125,374,1132,294,1224,1619,2207
5684296,469.14,323.85,460.82,331.05,373,1137,293,1224,1622,2208
5684298,468.66,323.925,461.38,330.525,368,1138,298,1218,1621,2209
5684300,469.14,324.525,460.9,330.75,373,1144,293,1221,1621,2209
5684302,468.66,324.6,461.3,330.225,368,1146,297,1215,1621,2212
5684304,468.58,324,461.14,330.75,367,1140,296,1221,1624,2209
5684306,469.22,324.075,460.9,331.125,373,1139,293,1225,1621,2212
5684308,468.74,324,461.14,331.125,368,1139,296,1224,1625,2208
5684310,468.5,324.225,460.98,330.6,366,1142,294,1219,1627,2211
5684312,469.22,324.225,460.82,330.75,374,1141,292,1221,1623,2215
5684314,468.1,324.3,460.74,331.2,362,1143,292,1226,1627,2213
5684316,468.66,323.7,461.22,331.35,368,1136,297,1227,1624,2216
5684318,468.1,323.85,461.14,330.825,362,1138,295,1221,1624,2215
5684320,468.58,324.15,461.06,330.825,367,1141,295,1221,1626,2215
5684322,468.5,323.025,461.22,331.2,365,1129,297,1225,1623,2217
5684324,468.74,324.3,461.06,330.75,369,1143,295,1221,1628,2213
5684326,468.9,323.325,461.38,330.45,369,1132,297,1217,1624,2220
5684328,468.66,322.725,461.14,330.975,366,1126,295,1223,1626,2219
5684330,468.58,324.45,461.38,330.75,367,1144,298,1220,1631,2216
5684332,468.02,323.25,461.46,330.225,359,1132,298,1215,1627,2221
5684334,468.26,321.9,461.86,330.6,360,1117,302,1218,1628,2222
5684336,468.02,322.575,460.82,330.6,358,1125,291,1219,1629,2214
5684338,467.78,323.175,460.9,331.2,357,1131,293,1226,1632,2220
5684340,468.34,322.125,461.7,330.6,361,1120,301,1218,1628,2219
5684342,468.18,322.65,461.3,330.45,360,1125,296,1217,1630,2219
5684344,468.34,322.575,461.54,330.45,361,1124,298,1217,1633,2225
5684346,468.18,321.825,461.62,331.05,359,1117,299,1223,1632,2221
5684348,468.18,323.175,460.9,330.975,361,1131,292,1223,1634,2223
5684350,467.94,322.65,461.46,330.45,357,1126,297,1217,1635,2224
5684352,467.62,322.8,461.38,331.35,354,1128,297,1227,1635,2218
5684354,468.34,322.725,461.14,330.3,361,1126,293,1216,1634,2226
5684356,468.1,323.55,461.86,330.15,359,1136,301,1213,1639,2225
5684358,468.66,322.2,461.38,330.3,363,1120,295,1216,1636,2223
5684360,468.5,322.725,461.62,329.925,362,1126,298,1212,1641,2228
5684362,468.5,321.9,461.54,330.45,361,1117,297,1217,1637,2224
5684364,467.94,322.95,461.7,330.675,357,1129,299,1220,1637,2224
5684366,468.42,323.1,461.94,330.825,361,1130,302,1221,1643,2225
5684368,468.26,322.275,462.5,330.075,359,1122,307,1212,1639,2230
5684370,468.26,323.025,462.26,330.075,360,1129,304,1212,1639,2230
5684372,468.58,323.025,461.94,329.925,363,1129,300,1212,1643,2229
5684374,468.5,322.65,462.34,330.15,362,1126,305,1213,1642,2230
5684376,469.06,322.275,462.58,330.15,368,1121,308,1213,1644,2231
5684378,468.82,322.65,461.78,330.225,365,1125,299,1215,1642,2230
5684380,468.34,323.25,462.26,329.85,361,1133,304,1210,1644,2231
5684382,468.18,323.1,462.26,329.7,359,1131,303,1209,1644,2235
5684384,468.74,322.8,461.78,330.075,364,1127,299,1213,1641,2233
5684386,468.5,323.175,462.34,330.225,363,1132,305,1214,1648,2231
5684388,468.42,323.1,462.34,330.3,361,1131,305,1215,1646,2232
5684390,468.34,323.175,461.38,330.525,361,1132,295,1219,1644,2234
5684392,468.42,322.95,462.1,330.15,361,1129,302,1214,1644,2229
5684394,468.82,322.875,461.7,329.7,365,1128,297,1210,1645,2237
5684396,468.26,323.775,461.78,330.375,360,1139,299,1217,1649,2237
5684398,468.74,323.1,461.54,330.75,364,1130,297,1222,1645,2237
5684400,468.5,322.8,461.46,330.15,362,1128,295,1216,1649,2237
5684402,468.98,323.475,461.38,330.525,367,1135,295,1219,1645,2241
5684404,468.66,323.7,461.46,329.925,364,1137,295,1213,1646,2239
5684406,468.42,323.25,461.78,330.525,361,1133,299,1219,1649,2237
5684408,468.58,323.55,461.7,330.3,363,1137,298,1217,1644,2241
5684410,468.74,323.025,461.54,329.85,364,1130,296,1212,1647,2244
5684412,468.58,323.175,461.94,330,363,1132,300,1214,1648,2243
5684414,468.98,323.25,461.38,330.375,367,1133,294,1218,1650,2246
5684416,468.9,323.625,461.94,330.825,366,1137,301,1223,1645,2242
5684418,469.22,322.575,461.62,330.45,368,1125,297,1219,1646,2250
5684420,468.5,323.175,461.62,330.525,361,1133,296,1220,1649,2251
5684422,468.58,323.775,461.46,330.525,363,1139,295,1220,1650,2250
5684424,468.74,323.25,462.26,330.45,364,1134,303,1219,1649,2249
5684426,468.5,322.575,461.38,329.925,361,1127,293,1214,1652,2251
5684428,468.74,323.4,461.54,330.225,364,1136,295,1217,1648,2250
5684430,468.82,322.5,461.7,329.925,363,1126,296,1214,1650,2251
5684432,468.42,322.725,461.54,329.175,360,1129,294,1206,1658,2253
5684434,468.66,323.4,461.7,329.025,363,1136,295,1205,1652,2252
5684436,468.74,321.6,461.62,329.625,362,1117,295,1211,1652,2251
5684438,468.74,322.8,461.46,329.175,363,1130,293,1206,1657,2254
5684440,468.66,321.6,461.3,328.725,361,1117,291,1202,1656,2256
5684442,469.06,320.7,461.54,328.35,364,1107,292,1198,1655,2258
5684444,469.3,320.85,461.38,328.275,366,1108,291,1197,1658,2259
5684446,469.7,320.025,461.7,327.675,370,1099,293,1190,1653,2264
5684448,469.38,320.85,461.38,328.2,367,1108,291,1196,1659,2258
5684450,469.46,320.925,461.78,327.75,368,1109,295,1191,1660,2259
5684452,469.62,320.25,461.38,327.825,369,1101,290,1192,1660,2261
5684454,469.3,320.4,461.86,328.2,366,1103,296,1196,1664,2262
5684456,469.54,320.475,461.78,328.05,368,1104,295,1194,1657,2262
5684458,469.78,321.3,461.78,327.75,372,1112,294,1190,1664,2266
5684460,469.46,320.775,461.78,328.125,367,1107,294,1195,1663,2262
5684462,468.98,321.375,462.02,328.275,363,1114,297,1196,1662,2267
5684464,469.22,322.125,462.1,328.35,367,1122,299,1197,1665,2264
5684466,469.14,322.35,462.18,328.5,366,1124,299,1198,1665,2262
5684468,469.06,323.55,462.58,328.8,367,1137,304,1201,1671,2266
5684470,469.14,322.875,462.5,328.5,367,1130,303,1198,1668,2267
5684472,468.82,322.95,462.74,328.95,364,1131,306,1203,1664,2266
5684474,469.62,323.625,462.82,328.8,373,1138,307,1201,1667,2271
5684476,468.74,323.85,463.14,329.25,364,1142,311,1206,1667,2270
5684478,468.82,323.025,462.1,329.025,364,1133,300,1204,1665,2272
5684480,469.3,324.675,462.26,329.1,371,1150,302,1206,1671,2275
5684482,469.54,323.625,462.58,329.475,373,1139,306,1210,1668,2274
5684484,468.9,324.075,462.82,329.325,367,1144,308,1208,1669,2270
5684486,469.38,324.075,462.66,330.225,372,1144,308,1218,1668,2277
5684488,469.86,325.05,462.82,329.7,378,1154,309,1213,1674,2277
5684490,469.3,324.15,462.82,329.55,372,1146,309,1211,1671,2280
5684492,469.14,324.9,463.06,330,371,1154,312,1215,1673,2281
5684494,469.38,324.525,462.98,329.475,373,1150,311,1210,1674,2277
5684496,469.22,324.225,462.98,329.4,371,1147,311,1210,1675,2278
5684498,469.22,324.825,462.9,329.7,372,1153,311,1213,1675,2283
5684500,469.46,323.7,462.9,329.325,374,1142,311,1209,1674,2277
5684502,469.3,323.625,462.9,329.25,372,1141,311,1209,1667,2279
5684504,469.7,323.475,462.82,329.175,376,1139,309,1208,1670,2284
5684506,469.46,323.4,462.74,328.8,374,1139,309,1204,1672,2282
5684508,469.46,323.625,462.74,329.4,375,1141,310,1211,1673,2280
5684510,469.38,323.55,462.1,329.4,373,1140,303,1211,1674,2287
5684512,469.14,322.95,462.34,328.425,371,1135,305,1201,1679,2279
5684514,469.06,322.725,462.02,328.8,369,1132,301,1205,1677,2288
5684516,469.3,323.1,462.34,328.125,372,1136,305,1198,1676,2282
5684518,468.82,323.325,462.26,328.8,368,1139,305,1205,1680,2287
5684520,469.14,322.575,461.78,328.65,370,1129,299,1203,1676,2286
5684522,468.74,322.5,461.7,328.575,366,1130,298,1203,1679,2285
5684524,468.18,323.325,461.78,328.5,361,1139,300,1202,1683,2289
5684526,468.58,323.1,461.54,328.425,365,1135,297,1201,1680,2288
5684528,468.42,322.725,461.86,328.05,363,1131,299,1196,1680,2286
5684530,468.26,322.65,461.7,327.975,361,1130,297,1195,1682,2294
5684532,468.1,322.5,461.62,328.35,359,1129,296,1199,1684,2294
5684534,467.46,321.9,461.22,328.125,351,1123,292,1197,1686,2292
5684536,467.86,321.975,461.14,328.05,355,1123,291,1196,1683,2288
5684538,467.62,323.325,461.3,327.9,355,1137,292,1194,1689,2296
5684540,467.14,322.275,461.54,327.75,347,1125,295,1191,1685,2294
5684542,467.14,322.425,461.3,328.05,348,1127,292,1194,1692,2296
5684544,466.82,322.575,460.98,328.275,345,1129,289,1196,1691,2299
5684546,467.06,322.275,461.14,327.525,346,1125,290,1188,1689,2295
5684548,466.74,322.2,461.14,327.75,342,1124,290,1190,1693,2298
5684550,467.3,322.425,460.9,327.825,349,1126,287,1191,1690,2299
5684552,466.74,322.95,461.22,327.825,343,1131,290,1190,1690,2298
5684554,466.9,322.35,460.98,327.675,344,1124,287,1188,1693,2295
5684556,466.9,322.5,460.26,328.2,344,1125,280,1194,1693,2301
5684558,466.58,322.65,460.18,327.45,340,1128,278,1186,1692,2305
5684560,466.98,322.875,460.74,328.05,344,1128,284,1192,1695,2301
5684562,466.42,322.575,460.1,327.975,338,1126,277,1192,1693,2301
5684564,466.5,322.575,460.5,327.825,339,1125,281,1188,1695,2307
5684566,466.98,322.2,460.74,327.675,343,1121,283,1187,1691,2305
5684568,466.42,321.675,460.1,328.5,336,1116,277,1196,1696,2307
5684570,466.82,322.725,460.18,328.35,341,1127,277,1194,1693,2315
5684572,467.06,323.1,460.82,328.275,343,1130,283,1193,1696,2306
5684574,466.42,323.25,460.18,328.8,337,1132,278,1199,1698,2310
5684576,466.42,323.85,460.18,328.575,337,1138,277,1197,1696,2314
5684578,466.26,323.1,460.34,327.825,335,1130,277,1188,1698,2313
5684580,466.5,322.95,460.34,328.5,337,1128,278,1195,1699,2311
5684582,466.1,323.4,460.02,327.975,333,1134,274,1190,1700,2314
5684584,466.26,323.4,460.66,328.05,335,1134,280,1190,1705,2317
5684586,466.9,322.5,460.26,328.05,340,1123,276,1191,1697,2311
5684588,465.94,323.325,460.42,328.35,331,1134,278,1194,1700,2318
5684590,466.58,321.975,460.34,328.05,336,1118,277,1190,1697,2317
5684592,466.58,323.175,460.82,328.35,337,1131,282,1194,1703,2315
5684594,466.58,322.425,460.82,328.05,336,1123,282,1191,1698,2319
5684596,466.5,322.65,461.06,328.5,336,1126,285,1195,1699,2322
5684598,466.34,321.675,461.38,327.75,334,1116,288,1187,1702,2319
5684600,466.74,323.1,461.22,328.2,339,1131,286,1192,1698,2319
5684602,466.5,323.4,461.3,327.675,337,1135,286,1187,1706,2320
5684604,466.74,323.25,461.54,328.2,339,1133,290,1193,1705,2321
5684606,467.22,323.1,461.22,327.825,344,1131,286,1189,1702,2322
5684608,467.14,323.625,461.38,327.9,344,1138,289,1190,1706,2321
5684610,467.38,322.65,461.54,327.975,346,1126,290,1191,1703,2320
5684612,467.22,323.325,461.22,328.2,346,1135,288,1194,1706,2326
5684614,466.9,323.1,461.62,328.2,342,1132,292,1194,1705,2327
5684616,467.06,323.4,461.86,328.8,344,1136,295,1200,1711,2324
5684618,466.66,323.25,461.86,327.975,340,1135,294,1191,1708,2326
5684620,467.3,324.825,462.26,328.875,349,1152,300,1201,1713,2329
5684622,467.22,323.925,462.02,328.65,347,1143,297,1199,1711,2326
5684624,467.46,323.55,461.94,328.275,349,1139,297,1195,1710,2331
5684626,467.3,324.825,461.78,328.2,350,1153,294,1195,1715,2333
5684628,467.14,324.075,462.5,328.5,348,1146,303,1198,1714,2326
5684630,467.22,324,462.66,328.35,348,1144,305,1196,1714,2330
5684632,467.22,324.525,462.82,328.725,350,1151,308,1202,1717,2332
5684634,467.7,324.225,462.18,328.425,354,1147,301,1199,1719,2334
5684636,467.22,323.85,462.42,328.575,350,1144,304,1201,1715,2334
5684638,467.06,324.3,462.34,328.875,349,1149,304,1204,1720,2335
5684640,467.7,324.15,462.74,328.425,356,1148,309,1199,1717,2334
5684642,466.98,324.45,462.82,328.35,349,1152,310,1198,1722,2340
5684644,467.78,324.075,462.5,328.575,359,1148,308,1202,1721,2333
5684646,467.94,324.3,462.9,328.875,360,1150,312,1204,1723,2341
5684648,467.54,324.15,462.18,329.4,357,1149,306,1212,1721,2343
5684650,467.14,323.7,462.66,329.175,352,1145,310,1209,1724,2351
5684652,467.06,324.525,462.58,328.95,353,1155,311,1207,1726,2343
5684654,467.22,324.525,462.26,329.325,355,1154,308,1212,1724,2352
5684656,466.9,324.075,462.18,328.575,352,1150,307,1204,1725,2351
5684658,467.22,323.625,462.74,328.8,355,1145,313,1206,1725,2352
5684660,467.46,324.3,462.98,329.1,358,1152,317,1209,1729,2353
5684662,468.18,323.325,462.66,328.2,365,1142,312,1200,1728,2349
5684664,466.58,323.475,462.5,328.8,349,1145,312,1207,1730,2355
5684666,467.3,323.175,462.42,327.975,357,1141,310,1198,1728,2348
5684668,466.74,323.325,462.74,327.45,351,1144,314,1193,1732,2348
5684670,466.26,323.55,462.5,328.275,347,1146,312,1202,1739,2357
5684672,466.26,323.025,462.34,327.225,347,1141,310,1191,1735,2358
5684674,466.58,323.025,462.42,327.15,350,1141,311,1190,1736,2353
5684676,466.34,322.8,462.1,327.075,348,1139,308,1189,1737,2357
5684678,466.26,321.975,462.1,327,346,1130,308,1189,1735,2361
5684680,465.94,322.95,462.34,326.925,344,1141,310,1188,1742,2357
5684682,465.86,322.275,462.5,327.525,342,1134,313,1194,1737,2358
5684684,466.02,322.65,462.42,328.125,345,1137,312,1201,1740,2367
5684686,465.7,322.425,462.18,327,341,1136,309,1189,1744,2366
5684688,465.54,322.875,462.02,327.6,340,1140,308,1195,1743,2366
5684690,465.38,321.75,462.1,327.075,337,1128,308,1189,1745,2367
5684692,464.9,323.1,462.42,327.9,333,1143,312,1198,1751,2369
5684694,464.9,322.275,461.46,327.6,332,1134,302,1196,1745,2366
5684696,464.9,322.275,462.26,327.825,332,1135,310,1197,1747,2374
5684698,464.5,323.625,462.26,327.675,330,1150,310,1196,1752,2367
5684700,464.74,321.9,461.78,328.725,330,1130,306,1207,1747,2372
5684702,464.02,322.125,461.78,328.125,322,1133,305,1201,1751,2370
5684704,464.1,323.775,462.1,327.975,325,1151,308,1199,1756,2374
5684706,464.02,323.025,461.7,328.2,324,1143,304,1202,1758,2373
5684708,463.7,322.2,460.98,329.25,318,1134,297,1214,1756,2376
5684710,463.78,323.475,461.22,329.025,321,1148,300,1211,1757,2382
5684712,463.46,324,460.82,329.1,318,1154,295,1212,1757,2381
5684714,463.86,324,460.9,328.575,322,1154,295,1206,1757,2378
5684716,463.14,324.6,460.9,329.25,314,1160,295,1214,1762,2380
5684718,463.14,323.85,460.9,329.625,313,1153,296,1218,1761,2382
5684720,463.62,323.625,460.74,329.7,318,1150,294,1218,1759,2387
5684722,463.14,324.15,460.34,329.7,313,1156,289,1219,1760,2389
5684724,463.3,324.15,460.74,329.625,314,1155,293,1218,1762,2391
5684726,463.62,323.625,460.82,329.4,317,1150,294,1215,1761,2386
5684728,463.3,325.125,461.06,329.325,315,1166,296,1214,1762,2388
5684730,463.22,324,460.74,329.625,314,1154,293,1218,1761,2391
5684732,463.94,323.925,461.54,329.775,321,1153,301,1219,1761,2394
5684734,463.22,323.775,460.9,329.4,313,1152,294,1215,1764,2396
5684736,463.38,324.15,461.14,330.225,314,1156,297,1224,1765,2399
5684738,463.62,322.575,461.46,329.4,315,1139,300,1214,1766,2395
5684740,463.78,324.525,460.98,329.7,318,1160,294,1219,1766,2396
5684742,463.3,323.7,461.62,329.625,313,1152,301,1217,1766,2398
5684744,463.7,324.525,461.3,329.475,317,1160,297,1216,1769,2399
5684746,463.54,324.15,461.38,330.375,315,1157,299,1226,1766,2405
5684748,463.7,324.75,461.46,329.85,317,1163,299,1221,1774,2400
5684750,463.46,324.825,462.02,329.85,314,1164,305,1220,1771,2403
5684752,464.42,324.825,461.7,330,325,1164,301,1223,1769,2402
5684754,464.18,324.75,461.62,330.15,322,1163,301,1224,1773,2403
5684756,463.54,326.025,461.54,330.3,316,1178,300,1226,1775,2402
5684758,464.02,324.6,461.54,330.525,319,1162,300,1229,1773,2406
5684760,464.1,324.825,461.78,329.775,320,1165,301,1221,1770,2402
5684762,463.7,324.825,461.86,330.525,316,1166,303,1229,1774,2407
5684764,463.38,325.875,461.3,330.675,314,1177,297,1232,1777,2410
5684766,463.46,325.35,461.86,330.45,314,1171,303,1229,1778,2405
5684768,463.7,325.725,461.78,330.9,317,1176,302,1234,1777,2408
5684770,463.46,326.1,462.26,330.525,315,1180,308,1230,1776,2409
5684772,463.38,325.2,461.86,330.6,314,1171,303,1231,1778,2408
5684774,463.62,325.275,461.86,330.825,316,1171,304,1234,1775,2409
5684776,463.46,326.1,462.18,330.45,316,1182,306,1229,1781,2412
5684778,463.46,325.875,462.58,330.9,315,1179,311,1234,1784,2411
5684780,462.9,326.4,461.86,330.6,310,1186,304,1232,1783,2413
5684782,463.62,326.1,461.7,331.35,318,1182,303,1241,1782,2418
5684784,463.7,324.825,462.26,331.125,318,1169,308,1238,1784,2417
5684786,463.7,325.275,462.18,331.2,318,1173,308,1239,1783,2419
5684788,464.02,325.2,461.94,331.65,321,1173,306,1244,1783,2418
5684790,464.1,325.125,462.1,331.5,322,1172,308,1242,1785,2423
5684792,463.86,325.575,462.34,331.725,321,1177,311,1245,1784,2419
5684794,463.54,325.725,462.5,331.275,317,1179,312,1240,1783,2421
5684796,463.62,325.725,462.82,331.05,318,1179,316,1237,1789,2425
5684798,463.54,325.425,462.98,331.05,317,1176,317,1238,1788,2424
5684800,463.54,325.425,462.74,331.425,317,1176,315,1242,1788,2428
5684802,463.3,325.8,462.82,331.05,315,1180,315,1238,1790,2427
5684804,463.22,324.6,462.82,331.575,313,1168,316,1244,1789,2426
5684806,463.54,325.35,462.66,331.2,317,1176,314,1240,1783,2429
5684808,463.86,324.9,463.06,330.975,320,1171,318,1237,1790,2427
5684810,463.06,324.75,462.74,331.125,312,1170,315,1239,1791,2425
5684812,463.7,325.125,462.42,331.35,319,1173,312,1242,1792,2428
5684814,463.78,324.225,462.18,330.75,319,1163,309,1236,1784,2431
5684816,463.94,324.45,462.5,331.425,321,1166,313,1243,1790,2434
5684818,463.78,323.4,462.58,331.65,318,1154,314,1245,1794,2429
5684820,464.02,324.075,462.5,331.275,321,1161,313,1241,1791,2435
5684822,463.94,324,462.42,330.375,321,1161,311,1231,1790,2432
5684824,464.18,323.85,462.58,330.825,322,1159,313,1236,1795,2434
5684826,463.62,324.225,462.9,330.525,317,1163,316,1232,1796,2436
5684828,463.38,323.925,462.74,330.675,314,1160,314,1234,1793,2440
5684830,463.46,323.925,463.14,330.075,314,1160,318,1227,1791,2438
5684832,463.06,323.775,462.74,330.75,310,1158,314,1234,1793,2433
5684834,463.46,323.7,462.74,330.45,314,1157,313,1231,1793,2440
5684836,463.38,324.3,463.46,330.375,314,1163,321,1229,1794,2442
5684838,463.54,323.7,462.42,331.125,315,1156,311,1238,1791,2440
5684840,463.38,324.075,463.06,330.3,313,1160,316,1228,1798,2441
5684842,463.46,323.475,463.06,330.225,313,1154,316,1227,1790,2442
5684844,463.94,323.7,463.22,330.75,318,1156,318,1232,1796,2445
5684846,464.5,323.55,463.62,330.225,324,1153,322,1226,1797,2441
5684848,463.94,323.775,463.14,331.05,318,1156,317,1235,1795,2447
5684850,463.7,324.45,462.9,330.525,317,1163,314,1229,1798,2444
5684852,463.78,325.05,463.62,330.675,317,1169,321,1230,1804,2446
5684854,464.18,323.7,463.14,331.125,321,1154,317,1235,1800,2450
5684856,464.5,324.075,463.3,330.3,324,1157,317,1226,1801,2448
5684858,464.5,323.325,463.54,330.225,323,1149,320,1225,1801,2446
5684860,464.58,323.85,463.14,330.45,325,1154,316,1227,1801,2446
5684862,464.9,323.625,463.46,330.375,328,1151,319,1226,1798,2446
5684864,464.74,323.775,463.86,330.75,325,1152,324,1229,1802,2452
5684866,464.5,324.3,463.38,330.675,324,1159,318,1229,1804,2449
5684868,464.82,324,463.38,331.725,327,1155,320,1240,1803,2451
5684870,464.74,324.15,463.86,330.6,326,1157,324,1227,1804,2448
5684872,464.58,324.15,463.46,331.2,324,1156,320,1234,1801,2450
5684874,464.42,324.75,463.54,331.2,324,1164,320,1234,1805,2454
5684876,464.66,324.525,463.94,330.525,326,1161,325,1226,1806,2455
5684878,465.06,323.775,463.38,330.75,329,1152,319,1229,1801,2455
5684880,464.74,324.45,464.1,330.525,327,1160,327,1226,1806,2453
5684882,464.74,324.825,463.94,330.9,328,1164,325,1230,1808,2456
5684884,465.46,324.825,463.86,331.35,335,1163,325,1236,1807,2457
5684886,465.14,324.675,463.86,331.2,332,1161,325,1234,1805,2455
5684888,465.22,325.35,463.86,330.525,334,1169,324,1227,1807,2457
5684890,465.14,324.675,463.94,330.9,332,1162,326,1231,1807,2460
5684892,465.3,324.9,463.78,331.2,335,1165,325,1234,1807,2455
5684894,464.9,324.9,463.38,331.425,330,1165,321,1237,1809,2457
5684896,464.74,325.05,463.62,331.95,329,1167,324,1243,1812,2456
5684898,465.54,325.725,464.02,331.725,338,1173,328,1239,1817,2457
5684900,465.38,325.2,463.86,331.35,336,1168,326,1237,1810,2457
5684902,465.3,324.825,464.1,331.725,335,1164,329,1240,1807,2463
5684904,465.7,325.275,464.02,331.125,340,1169,328,1234,1813,2459
5684906,464.98,325.05,464.1,330.9,332,1168,328,1232,1812,2457
5684908,465.22,325.125,463.62,331.2,335,1169,324,1236,1809,2459
5684910,465.14,326.475,463.78,331.8,335,1183,326,1242,1820,2464
5684912,464.74,326.85,464.02,331.95,332,1188,330,1244,1824,2458
5684914,465.06,324.975,464.42,331.575,333,1167,333,1239,1811,2464
5684916,464.82,325.875,464.1,331.575,332,1178,330,1240,1817,2460
5684918,464.82,325.8,463.7,331.5,331,1177,326,1240,1819,2458
5684920,464.66,325.575,464.26,332.025,330,1175,333,1245,1817,2463
5684922,465.06,325.65,463.7,332.175,334,1176,326,1248,1818,2465
5684924,464.9,324.675,464.42,330.9,332,1165,332,1233,1811,2459
5684926,465.14,325.875,464.34,331.5,335,1178,332,1240,1817,2464
5684928,465.46,324.6,464.1,332.025,337,1165,330,1246,1814,2464
5684930,465.06,325.725,463.78,331.35,334,1177,326,1239,1821,2458
5684932,464.66,325.575,463.86,331.425,329,1176,327,1240,1818,2463
5684934,464.42,325.2,463.54,331.35,326,1172,324,1240,1817,2467
5684936,465.3,324.9,464.02,331.125,336,1169,328,1237,1817,2462
5684938,465.06,325.05,463.78,331.575,333,1171,326,1242,1817,2466
5684940,464.66,324.825,463.62,331.2,329,1169,324,1239,1817,2462
5684942,464.74,325.875,463.86,331.875,331,1180,327,1246,1823,2462
5684944,464.34,325.125,463.54,331.725,325,1172,323,1245,1818,2468
5684946,465.06,325.425,463.62,330.975,333,1175,324,1237,1816,2464
5684948,464.58,324.675,463.46,331.275,327,1168,322,1240,1819,2468
5684950,464.58,324.675,464.26,330.825,327,1168,330,1234,1817,2465
5684952,464.66,325.125,463.7,330.9,328,1173,324,1236,1822,2464
5684954,463.86,325.275,463.54,331.05,320,1175,322,1238,1821,2471
5684956,464.42,325.05,464.02,331.275,325,1172,328,1240,1820,2467
5684958,463.86,324.675,463.54,331.2,319,1169,322,1240,1824,2464
5684960,464.18,324.975,463.86,330.825,323,1171,325,1236,1823,2467
5684962,464.66,325.05,463.3,330.9,328,1172,319,1237,1823,2466
5684964,464.58,325.125,463.22,330.75,327,1173,318,1235,1825,2471
5684966,464.42,324.375,463.38,330.9,324,1165,320,1237,1819,2472
5684968,464.58,325.125,463.06,331.125,327,1173,317,1240,1823,2468
5684970,464.42,324.9,463.14,331.125,325,1170,318,1240,1827,2468
5684972,464.58,325.125,462.74,331.35,327,1173,314,1242,1820,2469
5684974,464.18,325.35,463.46,331.275,323,1176,321,1241,1826,2472
5684976,464.26,325.05,462.9,331.5,323,1173,316,1244,1825,2467
5684978,464.18,325.35,462.98,331.725,323,1176,317,1247,1825,2470
5684980,463.38,325.875,463.22,331.425,315,1183,319,1243,1826,2474
5684982,464.02,325.05,462.82,331.35,321,1173,315,1242,1825,2472
5684984,464.1,324.75,462.74,331.725,322,1170,314,1247,1823,2475
5684986,463.7,324.3,463.06,331.05,317,1165,317,1239,1825,2474
5684988,463.22,325.8,462.82,331.725,313,1182,315,1247,1826,2467
5684990,464.26,323.625,462.66,331.275,322,1158,313,1242,1825,2472
5684992,464.34,324.225,463.06,331.275,323,1164,317,1242,1830,2469
5684994,464.42,325.2,462.58,331.35,325,1175,312,1243,1825,2473
5684996,463.54,324.6,463.06,331.2,315,1169,317,1241,1827,2466
5684998,464.26,325.125,462.82,330.675,323,1174,313,1236,1825,2474
5685000,463.7,325.35,462.9,330.9,318,1177,315,1238,1830,2473
5685002,464.26,325.125,462.82,331.95,323,1174,315,1249,1827,2472
5685004,464.26,324.525,462.5,331.725,322,1168,312,1248,1824,2469
5685006,463.94,324.75,462.98,331.5,319,1170,316,1244,1825,2470
